stationId,stopNumber,stopName,lineId
900000043997001,1,昌平东关,000001819767511
900000043997002,2,亢山广场,000001819767511
900000043997003,3,松园小区西门,000001819767511
900000043997004,4,昌平一中,000001819767511
900000043997005,5,昌平鼓楼东街,000001819767511
900000043997006,6,昌平鼓楼西街,000001819767511
900000043997007,7,建明里小区,000001819767511
900000043997008,8,昌平西关环岛东,000001819767511
900000043997009,9,保福寺桥西,000001819767511
900000043997010,10,中关村一街,000001819767511
900000043997011,11,中关村南,000001819767511
900000043997012,12,海淀黄庄北,000001819767511
900000043997013,13,海淀中街北站,000001819767511
900000043997014,14,海淀大街西口,000001819767511
