stationId,stopNumber,stopName,lineId
110100014592002,1,来广营北,000011531333850
110100014592003,2,来广营路口西,000011531333850
110100014592004,3,广顺桥南,000011531333850
110100014592005,4,利泽西园,000011531333850
110100014592006,5,望京北路西口,000011531333850
110100014592007,6,望湖公园,000011531333850
110100014592008,7,世安家园,000011531333850
110100014592009,8,南湖西园,000011531333850
110100014592010,9,湖光中街西口,000011531333850
110100014592011,10,育慧东路,000011531333850
110100014592012,11,世纪村,000011531333850
110100014592013,12,小营东路,000011531333850
110100014592014,13,小营西路,000011531333850
110100014592015,14,安慧北里,000011531333850
110100014592016,15,炎黄艺术馆,000011531333850
110100014592049,16,大屯南,000011531333850
110100014592017,17,豹房,000011531333850
110100014592051,18,洼里南口,000011531333850
110100014592052,19,中科院地理所,000011531333850
110100014592020,20,南沟泥河,000011531333850
110100014592021,21,北沙滩桥东,000011531333850
110100014592022,22,北沙滩桥西,000011531333850
110100014592023,23,二里庄北口,000011531333850
110100014592024,24,中国农业大学东校区,000011531333850
110100014592025,25,六道口,000011531333850
110100014592026,26,北京林业大学,000011531333850
110100014592027,27,西王庄小区,000011531333850
110100014592028,28,清华园,000011531333850
110100014592029,29,蓝旗营,000011531333850
110100014592030,30,中关园,000011531333850
110100014592031,31,中关村北,000011531333850
110100014592032,32,中关村西,000011531333850
110100014592033,33,北京市地震局,000011531333850
110100014592034,34,人民大学西门,000011531333850
110100014592035,35,万泉庄,000011531333850
110100014592036,36,为公桥,000011531333850
110100014592037,37,万寿寺,000011531333850
110100014592038,38,紫竹桥北,000011531333850
110100014592039,39,北洼路,000011531333850
110100014592040,40,车道沟桥东,000011531333850
110100014592041,41,板井,000011531333850
110100014592042,42,四季青桥东,000011531333850
110100014592043,43,四季青桥南,000011531333850
110100014592044,44,营慧寺,000011531333850
110100014592045,45,五路桥,000011531333850
110100014592046,46,定慧北桥,000011531333850
110100014592047,47,五孔桥,000011531333850
110100014592048,48,田村半壁店东,000011531333850
