stationId,stopNumber,stopName,lineId
110100016441026,1,清河火车站,000011531333651
110100016441002,2,清河火车站西广场,000011531333651
110100016441003,3,上地四街东口,000011531333651
110100016441004,4,地铁上地站,000011531333651
110100016441005,5,上地南路,000011531333651
110100016441006,6,上地南口,000011531333651
110100016441007,7,树村东口,000011531333651
110100016441008,8,树村,000011531333651
110100016441009,9,厢黄旗东路南口,000011531333651
110100016441010,10,厢黄旗东路,000011531333651
110100016441011,11,厢黄旗东路北口,000011531333651
110100016441012,12,菊园,000011531333651
110100016441013,13,马连洼,000011531333651
110100016441014,14,马连洼西站,000011531333651
110100016441015,15,永丰路南口,000011531333651
110100016441016,16,永丰路南站,000011531333651
110100016441017,17,西北旺东村,000011531333651
110100016441018,18,百旺新城,000011531333651
110100016441019,19,赵家庄,000011531333651
110100016441020,20,丰滢路口北,000011531333651
110100016441024,21,永丰路口南,000011531333651
110100016441022,22,丰贤路口南,000011531333651
110100016441023,23,永丰路北站,000011531333651
