stationId,stopNumber,stopName,lineId
110100013627002,1,万源路,000000058149331
110100013627003,2,东高地,000000058149331
110100013627004,3,西洼地,000000058149331
110100013627005,4,三营门东,000000058149331
110100013627006,5,新华路南口,000000058149331
110100013627007,6,红房子路口西,000000058149331
110100013627008,7,五爱屯,000000058149331
110100013627009,8,合顺家园,000000058149331
110100013627020,9,地铁新宫站东,000000058149331
110100013627010,10,新宫村,000000058149331
110100013627024,11,新发地北桥西,000000058149331
110100013627025,12,银地家园,000000058149331
110100013627026,13,花乡桥东,000000058149331
110100013627027,14,黄土岗,000000058149331
110100013627021,15,花乡桥北,000000058149331
110100013627014,16,四合庄,000000058149331
110100013627015,17,新村,000000058149331
110100013627028,18,造甲村东,000000058149331
110100013627016,19,造甲村,000000058149331
110100013627017,20,韩庄子北,000000058149331
110100013627023,21,看丹桥东,000000058149331
110100013627018,22,看丹桥,000000058149331
110100013627019,23,富丰桥西,000000058149331
