stationId,stopNumber,stopName,lineId
110100053359002,1,大屯东,000000058377121
110100053359003,2,大屯南,000000058377121
110100053359004,3,炎黄艺术馆,000000058377121
110100053359005,4,安慧桥北,000000058377121
110100053359006,5,奥体东门,000000058377121
110100053359007,6,五路居,000000058377121
110100053359008,7,安贞里,000000058377121
110100053359009,8,安外甘水桥,000000058377121
110100053359010,9,蒋宅口,000000058377121
110100053359011,10,地坛西门,000000058377121
110100053359012,11,安定门内,000000058377121
110100053359013,12,方家胡同,000000058377121
110100053359014,13,交道口南,000000058377121
110100053359015,14,北兵马司,000000058377121
110100053359016,15,宽街路口南,000000058377121
110100053359017,16,大佛寺,000000058377121
110100053359018,17,美术馆北,000000058377121
110100053359019,18,灯市西口,000000058377121
110100053359020,19,灯市东口,000000058377121
110100053359021,20,米市大街,000000058377121
110100053359022,21,东单路口北,000000058377121
110100053359023,22,崇文门内,000000058377121
110100053359027,23,崇文门,000000058377121
