stationId,stopNumber,stopName,lineId
110100053371002,1,白石桥东,000000058379651
110100053371003,2,动物园,000000058379651
110100053371004,3,西直门外,000000058379651
110100053371005,4,西直门内,000000058379651
110100053371006,5,新开胡同,000000058379651
110100053371007,6,新街口西,000000058379651
110100053371026,7,护国寺,000000058379651
110100053371027,8,平安里路口东,000000058379651
110100053371009,9,厂桥路口东,000000058379651
110100053371010,10,东官房,000000058379651
110100053371011,11,北海北门,000000058379651
110100053371012,12,地安门内,000000058379651
110100053371013,13,景山东街,000000058379651
110100053371014,14,景山东门,000000058379651
110100053371015,15,沙滩路口西,000000058379651
110100053371016,16,美术馆,000000058379651
110100053371017,17,灯市西口,000000058379651
110100053371018,18,灯市东口,000000058379651
110100053371019,19,米市大街,000000058379651
110100053371020,20,东单路口北,000000058379651
110100053371021,21,崇文门内,000000058379651
110100053371029,22,崇文门,000000058379651
