stationId,stopNumber,stopName,lineId
110100015712002,1,巴沟村,000000058409881
110100015712003,2,万泉河桥南,000000058409881
110100015712004,3,芙蓉里小区,000000058409881
110100015712005,4,海淀桥北,000000058409881
110100015712006,5,海淀路西口,000000058409881
110100015712007,6,海淀路东口,000000058409881
110100015712008,7,中关村南,000000058409881
110100015712031,8,海淀黄庄北,000000058409881
110100015712009,9,海淀黄庄南,000000058409881
110100015712032,10,人民大学,000000058409881
110100015712010,11,四通桥东,000000058409881
110100015712011,12,蓟门桥西,000000058409881
110100015712012,13,北太平桥西,000000058409881
110100015712013,14,马甸桥东,000000058409881
110100015712014,15,安华桥西,000000058409881
110100015712015,16,安贞桥西,000000058409881
110100015712016,17,安贞桥东,000000058409881
110100015712017,18,西坝河,000000058409881
110100015712018,19,静安庄西,000000058409881
110100015712019,20,三元桥南,000000058409881
110100015712020,21,亮马桥,000000058409881
110100015712034,22,农业展览馆,000000058409881
110100015712021,23,长虹桥东,000000058409881
110100015712022,24,团结湖,000000058409881
110100015712023,25,甜水园街北口,000000058409881
110100015712030,26,朝阳公园南门,000000058409881
110100015712025,27,朝阳公园桥东,000000058409881
110100015712026,28,豆各庄路口西,000000058409881
110100015712027,29,豆各庄路口北,000000058409881
110100015712035,30,豆各庄,000000058409881
110100015712028,31,辛庄,000000058409881
