stationId,stopNumber,stopName,lineId
900000019333001,1,延庆南菜园公交场站,000004341213770
900000019333002,2,司家营,000004341213770
900000019333041,3,东杏园,000004341213770
900000019333078,4,东桑园(临时站),000004341213770
900000019333004,5,新宝庄,000004341213770
900000019333005,6,大浮坨,000004341213770
900000019333032,7,西拨子,000004341213770
900000019333034,8,八达岭镇政府,000004341213770
900000019333035,9,南口东街,000004341213770
900000019333010,10,南口,000004341213770
900000019333077,11,南口西站(临时站),000004341213770
900000019333011,12,南口农场,000004341213770
900000019333053,13,葛村,000004341213770
900000019333075,14,阳坊,000004341213770
900000019333076,15,阳坊南站,000004341213770
900000019333045,16,后沙涧,000004341213770
900000019333037,17,前沙涧,000004341213770
900000019333016,18,西小营,000004341213770
900000019333067,19,高里掌,000004341213770
900000019333079,20,温泉北站(临时站),000004341213770
900000019333033,21,温泉村,000004341213770
900000019333018,22,周家巷,000004341213770
900000019333019,23,大觉寺,000004341213770
900000019333020,24,寨口,000004341213770
900000019333021,25,灰口,000004341213770
900000019333022,26,王家湾,000004341213770
900000019333023,27,杨坨,000004341213770
900000019333024,28,军庄,000004341213770
900000019333040,29,三家店西口,000004341213770
900000019333026,30,城子,000004341213770
900000019333029,31,河滩北站,000004341213770
900000019333047,32,绿岛家园,000004341213770
900000019333072,33,金安桥东,000004341213770
900000019333064,34,地铁苹果园站,000004341213770
