stationId,stopNumber,stopName,lineId
110100016270055,1,房山窑上,000011574151141
110100016270056,2,万里村南站,000011574151141
110100016270057,3,万里村,000011574151141
110100016270058,4,万里村北站,000011574151141
110100016270059,5,任场路口,000011574151141
110100016270060,6,任营村,000011574151141
110100016270072,7,西场路口(西行),000011574151141
110100016270071,8,西场村,000011574151141
110100016270003,9,西场路口(北行),000011574151141
110100016270004,10,赵营路口,000011574151141
110100016270044,11,公议庄,000011574151141
110100016270061,12,公议庄北口,000011574151141
110100016270006,13,赵庄村口,000011574151141
110100016270007,14,佛满村,000011574151141
110100016270008,15,夏场南站,000011574151141
110100016270062,16,夏场,000011574151141
110100016270010,17,夏场北站,000011574151141
110100016270011,18,葫芦垡中学,000011574151141
110100016270063,19,葫芦垡南站,000011574151141
110100016270046,20,葫芦垡路口南,000011574151141
110100016270064,21,葫芦垡路口北,000011574151141
110100016270014,22,阎仙垡公交场站,000011574151141
110100016270015,23,阎仙垡村口,000011574151141
110100016270016,24,朱岗子村,000011574151141
110100016270017,25,长海化工厂,000011574151141
110100016270047,26,长阳路东口,000011574151141
110100016270019,27,馨然嘉园,000011574151141
110100016270020,28,长阳镇政府,000011574151141
110100016270070,29,地铁长阳站,000011574151141
110100016270065,30,长政南街,000011574151141
110100016270066,31,怡和路,000011574151141
110100016270024,32,徜徉墅小区,000011574151141
110100016270067,33,半岛广场西,000011574151141
110100016270068,34,西悦雅居,000011574151141
110100016270048,35,张家场村口,000011574151141
110100016270049,36,长阳滨水公园南,000011574151141
110100016270027,37,地铁广阳城站北,000011574151141
110100016270028,38,碧波园,000011574151141
110100016270029,39,天骄俊园小区,000011574151141
110100016270030,40,长阳一村,000011574151141
110100016270031,41,原香小镇,000011574151141
110100016270050,42,黄辛庄路口,000011574151141
110100016270054,43,长阳碧桂园,000011574151141
110100016270052,44,昊天北桥南,000011574151141
110100016270053,45,昊天北桥东,000011574151141
110100016270036,46,篱笆房,000011574151141
110100016270037,47,篱笆房客运站,000011574151141
