stationId,stopNumber,stopName,lineId
110100014263029,1,振亚庄,000000058200181
110100014263030,2,团河工业园,000000058200181
110100014263002,3,团河北村,000000058200181
110100014263028,4,团河行宫北,000000058200181
110100014263004,5,金海学校,000000058200181
110100014263038,6,金星庄,000000058200181
110100014263005,7,金荣园,000000058200181
110100014263006,8,大白楼,000000058200181
110100014263007,9,寿宝庄,000000058200181
110100014263008,10,寿宝庄北站,000000058200181
110100014263034,11,宏祥路东口,000000058200181
110100014263009,12,团河路北口,000000058200181
110100014263010,13,西红门路东口,000000058200181
110100014263011,14,西营房,000000058200181
110100014263035,15,西营房西,000000058200181
110100014263012,16,同兴园,000000058200181
110100014263013,17,福利农场,000000058200181
110100014263014,18,西红门,000000058200181
110100014263033,19,西红门北站,000000058200181
110100014263016,20,九龙山庄,000000058200181
110100014263017,21,新发地北,000000058200181
110100014263018,22,马家楼桥北,000000058200181
110100014263019,23,玉泉营桥南,000000058200181
110100014263020,24,玉泉营桥北,000000058200181
110100014263021,25,菜户营桥东,000000058200181
110100014263022,26,大观园西,000000058200181
110100014263031,27,白纸坊桥南,000000058200181
110100014263023,28,白纸坊桥北,000000058200181
110100014263024,29,椿树馆街,000000058200181
110100014263025,30,广安门南,000000058200181
110100014263026,31,广安门北,000000058200181
110100014263036,32,天宁寺桥东,000000058200181
110100014263037,33,西便门,000000058200181
110100014263027,34,长椿街路口西,000000058200181
