stationId,stopNumber,stopName,lineId
110100015147002,1,天通苑北枢纽站,000000058286120
110100015147003,2,天通北苑一区北门,000000058286120
110100015147043,3,天通北苑二区南,000000058286120
110100015147005,4,天通北苑三区南,000000058286120
110100015147006,5,白坊,000000058286120
110100015147007,6,天通北苑,000000058286120
110100015147038,7,燕丹路口,000000058286120
110100015147039,8,路新沥青厂,000000058286120
110100015147040,9,太歇路东口,000000058286120
110100015147041,10,沙子营公交场站,000000058286120
110100015147042,11,泗上村西,000000058286120
110100015147018,12,泗上村,000000058286120
110100015147037,13,顺义古城西大街,000000058286120
110100015147029,14,顺义古城东大街,000000058286120
110100015147020,15,裕园路北口,000000058286120
110100015147036,16,田各庄,000000058286120
110100015147022,17,中央美院城市设计学院,000000058286120
110100015147023,18,莫奈花园小区,000000058286120
110100015147024,19,三山家园,000000058286120
110100015147030,20,东庄,000000058286120
110100015147025,21,万科城市花园,000000058286120
110100015147026,22,顺义铁匠营,000000058286120
110100015147027,23,喇苏营,000000058286120
110100015147028,24,地铁花梨坎站,000000058286120
110100015147031,25,花梨坎,000000058286120
110100015147032,26,地铁国展站,000000058286120
110100015147033,27,顺义马连店,000000058286120
110100015147034,28,国展新馆,000000058286120
110100015147035,29,国展新馆公交场站,000000058286120
