stationId,stopNumber,stopName,lineId
110100015655001,1,四惠枢纽站,000000058528091
110100015655002,2,八王坟西,000000058528091
110100015655003,3,郎家园,000000058528091
110100015655004,4,大北窑西,000000058528091
110100015655005,5,永安里路口西,000000058528091
110100015655017,6,日坛路,000000058528091
110100015655006,7,雅宝路,000000058528091
110100015655007,8,朝阳门内,000000058528091
110100015655008,9,朝内小街,000000058528091
110100015655009,10,东四路口东,000000058528091
110100015655010,11,美术馆东,000000058528091
110100015655011,12,沙滩路口西,000000058528091
110100015655012,13,景山东门,000000058528091
110100015655013,14,景山东街,000000058528091
110100015655014,15,景山后街,000000058528091
110100015655015,16,西板桥,000000058528091
110100015655016,17,神武门,000000058528091
