stationId,stopNumber,stopName,lineId
110100013525002,1,北京西站南广场,000000058414910
110100013525003,2,莲花池,000000058414910
110100013525004,3,六里桥东,000000058414910
110100013525019,4,西道口,000000058414910
110100013525020,5,抗战雕塑园,000000058414910
110100013525021,6,卢沟新桥,000000058414910
110100013525022,7,杜家坎,000000058414910
110100013525023,8,崔村,000000058414910
110100013525024,9,二七厂北,000000058414910
110100013525025,10,崔村西,000000058414910
110100013525035,11,留霞峪东,000000058414910
110100013525026,12,留霞峪,000000058414910
110100013525037,13,太子峪,000000058414910
110100013525038,14,太子峪北,000000058414910
110100013525043,15,太子峪村,000000058414910
110100013525036,16,白草洼东,000000058414910
110100013525039,17,白草洼,000000058414910
110100013525040,18,白草洼西,000000058414910
110100013525041,19,庄子,000000058414910
110100013525033,20,太子峪陵园,000000058414910
