stationId,stopNumber,stopName,lineId
900000031460136,1,龙之乡公交场站,000011574150811
900000031460137,2,城关街道办事处,000011574150811
900000031460138,3,饶乐府,000011574150811
900000031460139,4,饶乐府村口,000011574150811
900000031460140,5,房山医院路口,000011574150811
900000031460141,6,房山南关立交桥北,000011574150811
900000031460142,7,房山南关立交桥南,000011574150811
900000031460143,8,牛口峪路口,000011574150811
900000031460144,9,顾册,000011574150811
900000031460145,10,房山云峰寺路口,000011574150811
900000031460146,11,周口村路口,000011574150811
900000031460147,12,周口店路口,000011574150811
900000031460148,13,龙乡苑,000011574150811
900000031460149,14,大韩继,000011574150811
900000031460150,15,周口店镇辛庄,000011574150811
900000031460151,16,新街,000011574150811
900000031460152,17,龙宝峪,000011574150811
900000031460153,18,南韩继,000011574150811
900000031460154,19,瓦井,000011574150811
900000031460155,20,石瓦路口,000011574150811
900000031460156,21,东周各庄,000011574150811
900000031460157,22,尤家坟,000011574150811
900000031460158,23,育才学校房山分校,000011574150811
900000031460159,24,房山岳各庄,000011574150811
900000031460160,25,五侯路口,000011574150811
900000031460161,26,二龙岗,000011574150811
900000031460162,27,长沟检查站,000011574150811
900000031460163,28,长沟沿村,000011574150811
900000031460164,29,云居寺路东口,000011574150811
900000031460165,30,长海别墅,000011574150811
900000031460166,31,坟庄,000011574150811
900000031460167,32,甘池路口,000011574150811
900000031460168,33,六甲房,000011574150811
900000031460169,34,黄元井村北口,000011574150811
900000031460170,35,三座庵,000011574150811
900000031460171,36,后石门,000011574150811
900000031460172,37,房山下庄,000011574150811
900000031460173,38,云居寺,000011574150811
900000031460174,39,云居寺村南,000011574150811
900000031460175,40,云居滑雪场,000011574150811
900000031460176,41,蔡家口村东,000011574150811
900000031460177,42,蔡家口,000011574150811
900000031460178,43,蔡家口新村,000011574150811
900000031460179,44,大峪沟,000011574150811
900000031460032,45,下寺路口,000011574150811
900000031460033,46,片上村,000011574150811
900000031460094,47,一渡南,000011574150811
900000031460034,48,一渡,000011574150811
900000031460035,49,二渡,000011574150811
900000031460095,50,三渡桥南,000011574150811
900000031460096,51,三渡,000011574150811
900000031460097,52,三渡西,000011574150811
900000031460089,53,四渡东,000011574150811
900000031460038,54,四渡,000011574150811
900000031460098,55,五渡桥,000011574150811
900000031460099,56,五渡村,000011574150811
900000031460100,57,五渡,000011574150811
900000031460117,58,六渡东,000011574150811
900000031460041,59,六渡,000011574150811
900000031460043,60,七渡,000011574150811
900000031460118,61,七渡村,000011574150811
900000031460090,62,七渡西,000011574150811
900000031460132,63,八渡北,000011574150811
900000031460044,64,八渡,000011574150811
900000031460045,65,十渡卫生院,000011574150811
900000031460046,66,九渡,000011574150811
900000031460047,67,十渡南站,000011574150811
900000031460101,68,十渡村,000011574150811
900000031460048,69,十渡北站,000011574150811
900000031460049,70,十渡中心小学,000011574150811
900000031460050,71,十渡蜂儿峪,000011574150811
900000031460051,72,东石片,000011574150811
900000031460052,73,西石片,000011574150811
900000031460053,74,马安,000011574150811
900000031460054,75,六合路口,000011574150811
900000031460055,76,卧龙黄花塌,000011574150811
900000031460056,77,卧龙村,000011574150811
900000031460057,78,卧龙苏家沟,000011574150811
900000031460058,79,卧龙郭里片,000011574150811
900000031460059,80,卧龙窟窿湖,000011574150811
900000031460060,81,两峪口,000011574150811
900000031460061,82,议合南站,000011574150811
900000031460062,83,议合村,000011574150811
900000031460091,84,森水路口,000011574150811
900000031460063,85,蒲洼村,000011574150811
900000031460064,86,蒲洼乡政府,000011574150811
900000031460065,87,蒲洼文化中心,000011574150811
900000031460134,88,蒲洼粮库,000011574150811
900000031460066,89,蒲洼北站,000011574150811
900000031460102,90,蒲洼中学路口,000011574150811
900000031460103,91,黄土岭南,000011574150811
900000031460068,92,黄土岭,000011574150811
900000031460104,93,黄土岭北,000011574150811
900000031460070,94,西泥洼村口,000011574150811
900000031460071,95,东泥洼村口,000011574150811
900000031460072,96,宝水村南,000011574150811
900000031460120,97,宝水村,000011574150811
900000031460121,98,宝水学校,000011574150811
900000031460122,99,涞宝路北口,000011574150811
900000031460074,100,堆金台,000011574150811
900000031460092,101,安子江路口,000011574150811
900000031460075,102,花台,000011574150811
900000031460105,103,东村村北,000011574150811
900000031460106,104,沙子坨路口,000011574150811
900000031460123,105,东村村口,000011574150811
900000031460077,106,大安岭,000011574150811
900000031460107,107,大安岭北,000011574150811
900000031460108,108,黄土庵,000011574150811
900000031460109,109,黄土庵北,000011574150811
900000031460110,110,芦子水桥,000011574150811
900000031460078,111,芦子水村,000011574150811
900000031460111,112,大寺,000011574150811
900000031460112,113,东湖巷,000011574150811
900000031460113,114,马坡岭,000011574150811
900000031460124,115,朱万口,000011574150811
900000031460125,116,鱼斗泉,000011574150811
