stationId,stopNumber,stopName,lineId
110100015756027,1,祁家坟,000001460652881
110100015756028,2,潘道庙,000001460652881
110100015756029,3,北工大路西口,000001460652881
110100015756030,4,北京工业大学北站,000001460652881
110100015756071,5,平乐园,000001460652881
110100015756072,6,南磨房,000001460652881
110100015756073,7,劲松桥东,000001460652881
110100015756074,8,双井桥南,000001460652881
110100015756035,9,双井桥北,000001460652881
110100015756036,10,大北窑南,000001460652881
110100015756004,11,大北窑北,000001460652881
110100015756069,12,亮马桥,000001460652881
110100015756038,13,燕莎桥南,000001460652881
110100015756010,14,燕莎桥东,000001460652881
110100015756011,15,安家楼,000001460652881
110100015756039,16,安家楼东,000001460652881
110100015756012,17,朝阳公园北门,000001460652881
110100015756013,18,东风北桥东,000001460652881
110100015756014,19,酒仙桥商场,000001460652881
110100015756060,20,四街坊,000001460652881
110100015756061,21,三街坊,000001460652881
110100015756062,22,电子城小区,000001460652881
110100015756063,23,驼房营,000001460652881
110100015756064,24,大陈各庄,000001460652881
110100015756065,25,东八间房,000001460652881
110100015756066,26,雍家村,000001460652881
110100015756067,27,北石家村,000001460652881
110100015756070,28,北岗子,000001460652881
110100015756068,29,北岗子东站,000001460652881
