stationId,stopNumber,stopName,lineId
110100013307030,1,组干学院站,000015325370840
110100013307045,2,和敬路东口,000015325370840
110100013307046,3,三岔河南站,000015325370840
110100013307031,4,金驹家园,000015325370840
110100013307032,5,驹子房东站,000015325370840
110100013307033,6,驹子房路口,000015325370840
110100013307034,7,北京奥林匹克花园,000015325370840
110100013307035,8,北京奥林匹克花园西站,000015325370840
110100013307036,9,七棵树桥东,000015325370840
110100013307049,10,东坝南二街(临时站),000015325370840
110100013307050,11,李家坟,000015325370840
110100013307039,12,青年北路,000015325370840
110100013307040,13,姚家园西里,000015325370840
110100013307013,14,姚家园西,000015325370840
110100013307014,15,姚家园西口,000015325370840
110100013307015,16,豆各庄路口西,000015325370840
110100013307016,17,朝阳公园桥东,000015325370840
110100013307028,18,朝阳公园南门,000015325370840
110100013307018,19,甜水园北里,000015325370840
110100013307019,20,金台路口西,000015325370840
110100013307041,21,水碓子,000015325370840
110100013307042,22,水碓路口西,000015325370840
110100013307043,23,东大桥东站,000015325370840
110100013307044,24,东大桥公交场站,000015325370840
