stationId,stopNumber,stopName,lineId
110100014280002,1,宋家庄枢纽站,000014286687471
110100014280047,2,宋家庄,000014286687471
110100014280048,3,南窑,000014286687471
110100014280050,4,政馨园小区,000014286687471
110100014280049,5,铜厂,000014286687471
110100014280007,6,方庄南路南口,000014286687471
110100014280046,7,方庄南路,000014286687471
110100014280008,8,方庄桥南,000014286687471
110100014280009,9,方庄桥北,000014286687471
110100014280010,10,左安门外,000014286687471
110100014280011,11,左安门内,000014286687471
110100014280012,12,龙潭湖游泳池,000014286687471
110100014280013,13,龙潭公园,000014286687471
110100014280014,14,东四块玉,000014286687471
110100014280045,15,天坛体育场,000014286687471
110100014280015,16,法华寺,000014286687471
110100014280016,17,红桥路口北,000014286687471
110100014280017,18,磁器口北,000014286687471
110100014280018,19,花市路口南,000014286687471
110100014280019,20,崇文门内,000014286687471
110100014280020,21,东单路口南,000014286687471
110100014280021,22,东单路口北,000014286687471
110100014280022,23,米市大街,000014286687471
110100014280023,24,灯市东口,000014286687471
110100014280024,25,东四路口南,000014286687471
110100014280025,26,钱粮胡同,000014286687471
110100014280026,27,魏家胡同,000014286687471
110100014280027,28,东四十二条,000014286687471
110100014280028,29,北新桥路口南,000014286687471
110100014280029,30,北新桥路口北,000014286687471
110100014280030,31,国子监,000014286687471
110100014280031,32,雍和宫桥东,000014286687471
110100014280032,33,北小街豁口,000014286687471
110100014280033,34,和平里南口,000014286687471
110100014280034,35,和平里路口北,000014286687471
110100014280035,36,和平里东街,000014286687471
110100014280036,37,和平东桥南,000014286687471
110100014280037,38,和平东桥北,000014286687471
110100014280038,39,中日医院,000014286687471
110100014280039,40,对外经贸大学,000014286687471
110100014280043,41,惠新里,000014286687471
110100014280042,42,惠新西街北口,000014286687471
110100014280040,43,惠新东桥西,000014286687471
