stationId,stopNumber,stopName,lineId
110100015685034,1,东湖,000000058392811
110100015685035,2,利泽西街东口,000000058392811
110100015685036,3,望京花园西区北门,000000058392811
110100015685037,4,望京花园东区北门,000000058392811
110100015685038,5,望京花园东区,000000058392811
110100015685039,6,望京东园,000000058392811
110100015685040,7,望京西园三区北门,000000058392811
110100015685041,8,望京街西口,000000058392811
110100015685042,9,望京西园四区,000000058392811
110100015685031,10,地铁阜通站,000000058392811
110100015685032,11,望花路,000000058392811
110100015685012,12,望花路西口,000000058392811
110100015685013,13,花家地南街,000000058392811
110100015685014,14,阜通西大街西口,000000058392811
110100015685015,15,望京桥北,000000058392811
110100015685016,16,望京桥南,000000058392811
110100015685017,17,太阳宫公园,000000058392811
110100015685018,18,地铁太阳宫站,000000058392811
110100015685019,19,西坝河东里,000000058392811
110100015685020,20,曙光里,000000058392811
110100015685021,21,曙光里南口,000000058392811
110100015685022,22,静安庄东,000000058392811
110100015685023,23,静安东街,000000058392811
110100015685024,24,左家庄东街,000000058392811
110100015685025,25,左家庄,000000058392811
110100015685026,26,新源里,000000058392811
110100015685033,27,塔园村,000000058392811
110100015685027,28,春秀路,000000058392811
110100015685028,29,东直门枢纽站,000000058392811
