stationId,stopNumber,stopName,lineId
110100015363116,1,张坊村南,000011574150871
110100015363003,2,张坊,000011574150871
110100015363004,3,房山史各庄村,000011574150871
110100015363005,4,西白岱西,000011574150871
110100015363112,5,西白岱,000011574150871
110100015363006,6,南白岱,000011574150871
110100015363008,7,广禄庄,000011574150871
110100015363009,8,塔照,000011574150871
110100015363132,9,南尚乐西站,000011574150871
110100015363011,10,南尚乐,000011574150871
110100015363012,11,北尚乐,000011574150871
110100015363013,12,黑天桥,000011574150871
110100015363106,13,大石窝镇辛庄,000011574150871
110100015363015,14,房山王庄道口,000011574150871
110100015363016,15,石窝,000011574150871
110100015363017,16,大石窝镇政府,000011574150871
110100015363018,17,大石窝镇纸房路口,000011574150871
110100015363019,18,大石窝镇半壁店,000011574150871
110100015363020,19,南正西,000011574150871
110100015363021,20,南正东,000011574150871
110100015363022,21,北正,000011574150871
110100015363023,22,北正东,000011574150871
110100015363024,23,北良各庄路口,000011574150871
110100015363025,24,长沟南站,000011574150871
110100015363107,25,长沟,000011574150871
110100015363027,26,长沟镇政府,000011574150871
110100015363028,27,长沟中学,000011574150871
110100015363029,28,云居寺路东口,000011574150871
110100015363030,29,长沟沿村,000011574150871
110100015363031,30,长沟检查站,000011574150871
110100015363032,31,二龙岗,000011574150871
110100015363033,32,五侯路口,000011574150871
110100015363034,33,房山岳各庄,000011574150871
110100015363035,34,育才学校房山分校,000011574150871
110100015363036,35,尤家坟,000011574150871
110100015363037,36,东周各庄,000011574150871
110100015363038,37,石瓦路口,000011574150871
110100015363039,38,瓦井,000011574150871
110100015363040,39,南韩继,000011574150871
110100015363041,40,龙宝峪,000011574150871
110100015363140,41,新街,000011574150871
110100015363133,42,周口店镇辛庄,000011574150871
110100015363044,43,大韩继,000011574150871
110100015363087,44,龙乡苑,000011574150871
110100015363045,45,周口店路口,000011574150871
110100015363046,46,周口村路口,000011574150871
110100015363047,47,顾册,000011574150871
110100015363048,48,牛口峪路口,000011574150871
110100015363049,49,房山南关立交桥南,000011574150871
110100015363050,50,房山南关,000011574150871
110100015363051,51,房山中医医院,000011574150871
110100015363052,52,房山南大街,000011574150871
110100015363053,53,房山大角南,000011574150871
110100015363095,54,仓房小区,000011574150871
110100015363103,55,房山北大街,000011574150871
110100015363056,56,万宁桥,000011574150871
110100015363057,57,房山北关,000011574150871
110100015363058,58,地铁房山城关站,000011574150871
110100015363059,59,房山体育场,000011574150871
110100015363060,60,房山东大桥,000011574150871
110100015363061,61,饶乐府,000011574150871
110100015363062,62,城关街道办事处,000011574150871
110100015363063,63,房山马各庄,000011574150871
110100015363064,64,大于路北口,000011574150871
110100015363065,65,大石河,000011574150871
110100015363066,66,大董村,000011574150871
110100015363067,67,绿城百合路口,000011574150871
110100015363068,68,紫草坞路口,000011574150871
110100015363069,69,阎村,000011574150871
110100015363070,70,炒米店路口,000011574150871
110100015363105,71,阎村桥,000011574150871
110100015363108,72,蓝光海悦城小区,000011574150871
110100015363073,73,良乡西路,000011574150871
110100015363074,74,苏庄东街北口,000011574150871
110100015363122,75,良乡西门,000011574150871
110100015363123,76,良乡大角,000011574150871
110100015363124,77,良乡医院,000011574150871
110100015363139,78,良乡北关,000011574150871
110100015363078,79,良乡北关东,000011574150871
110100015363079,80,行宫南门路口,000011574150871
110100015363080,81,送变电公司路口西,000011574150871
110100015363119,82,黄辛庄路口,000011574150871
110100015363082,83,长阳碧桂园,000011574150871
110100015363125,84,昊天北桥南,000011574150871
110100015363126,85,昊天北桥东,000011574150871
110100015363127,86,篱笆房站,000011574150871
110100015363137,87,合景领峰小区,000011574150871
110100015363138,88,长兴大街,000011574150871
110100015363130,89,悦都新苑一区,000011574150871
110100015363131,90,长兴大街北口,000011574150871
