stationId,stopNumber,stopName,lineId
110100011941005,1,莲花滩,000000058699170
110100011941035,2,莲花滩北,000000058699170
110100011941007,3,冯家庙,000000058699170
110100011941008,4,老银庄,000000058699170
110100011941031,5,老银庄北口,000000058699170
110100011941010,6,西二道河,000000058699170
110100011941011,7,二道河路口,000000058699170
110100011941012,8,张伍堡,000000058699170
110100011941013,9,东红山,000000058699170
110100011941014,10,王仲营,000000058699170
110100011941015,11,上辛庄,000000058699170
110100011941016,12,下辛庄,000000058699170
110100011941017,13,杨户庄村南,000000058699170
110100011941039,14,奚官营,000000058699170
110100011941038,15,杨户庄村北,000000058699170
110100011941034,16,延庆莲花池东,000000058699170
110100011941022,17,延庆莲花池,000000058699170
110100011941036,18,日上批发市场,000000058699170
110100011941037,19,京张路口南,000000058699170
110100011941025,20,石河营,000000058699170
110100011941026,21,川北小区南门,000000058699170
110100011941027,22,延庆东关,000000058699170
110100011941028,23,延庆南菜园,000000058699170
110100011941029,24,司家营,000000058699170
110100011941030,25,延庆火车站北广场,000000058699170
