stationId,stopNumber,stopName,lineId
110100014092002,1,孙河公交场站,000000058532601
110100014092003,2,康瑞路北站,000000058532601
110100014092004,3,香苇路,000000058532601
110100014092005,4,香苇路东口,000000058532601
110100014092027,5,苇沟环岛,000000058532601
110100014092028,6,东苇路北口,000000058532601
110100014092006,7,前苇沟,000000058532601
110100014092007,8,蟹岛度假村东门,000000058532601
110100014092008,9,小店路口,000000058532601
110100014092009,10,长店路口南,000000058532601
110100014092010,11,北马房,000000058532601
110100014092011,12,马厂,000000058532601
110100014092012,13,三岔河,000000058532601
110100014092013,14,三岔河南站,000000058532601
110100014092020,15,焦庄桥西,000000058532601
110100014092014,16,焦庄,000000058532601
110100014092029,17,焦庄南站,000000058532601
110100014092019,18,东小井,000000058532601
110100014092015,19,常营北站,000000058532601
110100014092016,20,常营,000000058532601
110100014092017,21,常营路口东,000000058532601
110100014092021,22,地铁常营站,000000058532601
110100014092022,23,高安屯路南口,000000058532601
110100014092023,24,东十里堡村,000000058532601
110100014092024,25,住欣家园,000000058532601
110100014092025,26,连心园北门,000000058532601
110100014092026,27,常营体育公园,000000058532601
