stationId,stopNumber,stopName,lineId
110100013649025,1,香泉环岛,000000058150701
110100013649027,2,国家植物园,000000058150701
110100013649002,3,香山,000000058150701
110100013649003,4,国家植物园西南门,000000058150701
110100013649004,5,红旗村,000000058150701
110100013649005,6,南河滩,000000058150701
110100013649006,7,门头村,000000058150701
110100013649024,8,瑞王坟,000000058150701
110100013649007,9,清华育才实验学校,000000058150701
110100013649008,10,小屯,000000058150701
110100013649009,11,闵庄,000000058150701
110100013649010,12,中坞,000000058150701
110100013649020,13,北营门,000000058150701
110100013649011,14,四海桥南,000000058150701
110100013649012,15,南坞,000000058150701
110100013649013,16,东冉村,000000058150701
110100013649021,17,黄庄,000000058150701
110100013649022,18,黄庄东站,000000058150701
110100013649023,19,板井路东口,000000058150701
110100013649016,20,车道沟桥东,000000058150701
110100013649017,21,北洼路,000000058150701
110100013649018,22,白石桥东,000000058150701
110100013649019,23,动物园枢纽站,000000058150701
