stationId,stopNumber,stopName,lineId
900000046333001,1,于家园,000005815190821
900000046333002,2,下元,000005815190821
900000046333003,3,怀柔招商局,000005815190821
900000046333004,4,怀柔汽车站,000005815190821
900000046333005,5,怀柔五中,000005815190821
900000046333006,6,开放路南口,000005815190821
900000046333007,7,南华大街东口,000005815190821
900000046333008,8,南华园三区,000005815190821
900000046333049,9,南华园四区,000005815190821
900000046333010,10,丽湖馨居,000005815190821
900000046333011,11,怀柔石厂,000005815190821
900000046333051,12,西台下,000005815190821
900000046333012,13,西台上,000005815190821
900000046333063,14,西台上西,000005815190821
900000046333056,15,桥梓南,000005815190821
900000046333014,16,李家史山,000005815190821
900000046333015,17,寺上,000005815190821
900000046333043,18,东石槽,000005815190821
900000046333017,19,南石槽,000005815190821
900000046333018,20,西范各庄,000005815190821
900000046333019,21,下西市南,000005815190821
900000046333061,22,西赵各庄(临时站),000005815190821
900000046333062,23,昌平半壁店(临时站),000005815190821
900000046333050,24,秦家屯,000005815190821
900000046333022,25,上苑,000005815190821
900000046333058,26,西新城村(临时站),000005815190821
900000046333023,27,桃峪山庄,000005815190821
900000046333024,28,桃林村,000005815190821
900000046333064,29,兴寿东站,000005815190821
900000046333025,30,兴寿,000005815190821
900000046333026,31,象房,000005815190821
900000046333027,32,秦城路口,000005815190821
900000046333028,33,秦城大桥,000005815190821
900000046333047,34,昌平麻峪(临时站),000005815190821
900000046333048,35,香堂,000005815190821
900000046333029,36,昌平崔村,000005815190821
900000046333040,37,崔村镇政府,000005815190821
900000046333055,38,八家,000005815190821
900000046333041,39,朝辛路口东,000005815190821
900000046333052,40,昌平何营,000005815190821
900000046333032,41,小北哨,000005815190821
900000046333060,42,北邵洼,000005815190821
900000046333034,43,昌平东关路口东,000005815190821
900000046333035,44,昌平东关,000005815190821
900000046333036,45,中国政法大学(昌平),000005815190821
900000046333053,46,昌平南大街,000005815190821
900000046333038,47,昌平西关,000005815190821
