stationId,stopNumber,stopName,lineId
110100011821031,1,北干沟,000004341214780
110100011821033,2,七道梁下窝铺,000004341214780
110100011821034,3,北湾子,000004341214780
110100011821035,4,北湾子路口,000004341214780
110100011821037,5,七道梁,000004341214780
110100011821038,6,北湾子路口(临时站),000004341214780
110100011821039,7,临时站,000004341214780
110100011821003,8,榆树湾,000004341214780
110100011821004,9,遥岭,000004341214780
110100011821005,10,长哨营,000004341214780
110100011821006,11,老西沟门,000004341214780
110100011821007,12,王四沟门,000004341214780
110100011821008,13,兰营,000004341214780
110100011821020,14,三道沟门,000004341214780
110100011821009,15,东黄梁,000004341214780
110100011821010,16,古石沟门,000004341214780
110100011821021,17,汤河口镇政府,000004341214780
110100011821019,18,汤河口十字街,000004341214780
110100011821013,19,汤河口,000004341214780
