stationId,stopNumber,stopName,lineId
110100016240002,1,房山汽车站,000011574150801
110100016240004,2,房山医院路口,000011574150801
110100016240005,3,房山体育场,000011574150801
110100016240006,4,地铁房山城关站,000011574150801
110100016240007,5,房山北关,000011574150801
110100016240069,6,富燕新村,000011574150801
110100016240070,7,宏塔小区,000011574150801
110100016240010,8,燕山体育馆,000011574150801
110100016240011,9,燕山北庄,000011574150801
110100016240012,10,燕化聚酯厂,000011574150801
110100016240013,11,燕化动力厂北,000011574150801
110100016240014,12,前朱各庄,000011574150801
110100016240015,13,后朱各庄,000011574150801
110100016240086,14,燕山工业区南站,000011574150801
110100016240112,15,后朱各庄村北,000011574150801
110100016240087,16,东流水村东,000011574150801
110100016240016,17,东流水,000011574150801
110100016240088,18,东流水北,000011574150801
110100016240073,19,燕山东风,000011574150801
110100016240018,20,燕山羊耳峪,000011574150801
110100016240019,21,燕山东岭,000011574150801
110100016240020,22,南观路口,000011574150801
110100016240074,23,房山矿家属区南,000011574150801
110100016240075,24,房山矿家属区北,000011574150801
110100016240023,25,万佛堂,000011574150801
110100016240105,26,万佛堂路口,000011574150801
110100016240106,27,磁家务,000011574150801
110100016240107,28,磁家务北站,000011574150801
110100016240110,29,河北镇半壁店村口,000011574150801
110100016240109,30,河北镇半壁店,000011574150801
110100016240028,31,石花洞路口,000011574150801
110100016240029,32,三福村路口,000011574150801
110100016240030,33,三福村,000011574150801
110100016240089,34,三福村西,000011574150801
110100016240031,35,河东村,000011574150801
110100016240083,36,东庄子南,000011574150801
110100016240032,37,东庄子,000011574150801
110100016240084,38,河北法庭,000011574150801
110100016240033,39,李各庄,000011574150801
110100016240034,40,河北镇邮局,000011574150801
110100016240085,41,房山河南村口,000011574150801
110100016240078,42,河北镇辛庄,000011574150801
110100016240111,43,辛庄检查站,000011574150801
110100016240090,44,陈家台东,000011574150801
110100016240036,45,陈家台,000011574150801
110100016240037,46,班各庄,000011574150801
110100016240038,47,佛子庄乡政府,000011574150801
110100016240039,48,黑龙关,000011574150801
110100016240079,49,佛子庄乡南河,000011574150801
110100016240041,50,银狐洞路口,000011574150801
110100016240096,51,佛子庄桥,000011574150801
110100016240042,52,佛子庄西口,000011574150801
110100016240043,53,西大地,000011574150801
110100016240091,54,红煤厂公交场站,000011574150801
110100016240044,55,南窖路口,000011574150801
110100016240045,56,红煤厂路口,000011574150801
110100016240092,57,长操桥,000011574150801
110100016240046,58,长操,000011574150801
110100016240047,59,长操北,000011574150801
110100016240048,60,房山二道河,000011574150801
110100016240049,61,房山四道河,000011574150801
110100016240050,62,房山五道河,000011574150801
110100016240051,63,山川,000011574150801
110100016240052,64,大港,000011574150801
110100016240080,65,房山石板房路口,000011574150801
110100016240095,66,九道河西,000011574150801
110100016240081,67,六马堂桥南,000011574150801
110100016240054,68,贾峪口东,000011574150801
110100016240097,69,贾峪口检查站,000011574150801
110100016240098,70,鸳鸯水东,000011574150801
110100016240055,71,鸳鸯水,000011574150801
110100016240056,72,柳林水,000011574150801
110100016240100,73,杨林水东,000011574150801
110100016240057,74,杨林水路口,000011574150801
110100016240058,75,圣莲山,000011574150801
110100016240059,76,金鸡台路口,000011574150801
110100016240060,77,青林台,000011574150801
110100016240061,78,土大堰,000011574150801
110100016240062,79,安岳矿,000011574150801
110100016240093,80,史家营卫生院,000011574150801
110100016240063,81,史家营乡政府,000011574150801
110100016240064,82,史家营村,000011574150801
110100016240065,83,史家营西口,000011574150801
110100016240066,84,曹家房,000011574150801
110100016240082,85,曹家房西,000011574150801
110100016240101,86,莲花庵北,000011574150801
110100016240067,87,莲花庵,000011574150801
110100016240094,88,莲花庵南,000011574150801
110100016240102,89,秋林铺北,000011574150801
110100016240068,90,秋林铺,000011574150801
