stationId,stopNumber,stopName,lineId
110100014429057,1,莲花池汽车站,000000058236840
110100014429083,2,大宁山庄西门(临时站),000000058236840
110100014429048,3,大宁二路西口,000000058236840
110100014429049,4,靠山居艺墅,000000058236840
110100014429050,5,金域缇香小区,000000058236840
110100014429082,6,地铁稻田站北,000000058236840
110100014429052,7,地铁稻田站南,000000058236840
110100014429075,8,高佃一路,000000058236840
110100014429076,9,高佃一路南口,000000058236840
110100014429077,10,稻田四路西口,000000058236840
110100014429029,11,长阳镇温馨家园,000000058236840
110100014429078,12,雅居西路东口,000000058236840
110100014429058,13,长阳镇政府,000000058236840
110100014429030,14,地铁长阳站,000000058236840
110100014429042,15,长阳半岛北区,000000058236840
110100014429046,16,徜徉墅小区,000000058236840
110100014429041,17,半岛广场西,000000058236840
110100014429059,18,西悦雅居,000000058236840
110100014429060,19,张家场村口,000000058236840
110100014429061,20,长阳滨水公园南,000000058236840
110100014429062,21,地铁广阳城站,000000058236840
110100014429063,22,辛瓜地路,000000058236840
110100014429064,23,水碾屯新村北站,000000058236840
110100014429065,24,水碾屯新村,000000058236840
110100014429066,25,金地朗悦,000000058236840
110100014429067,26,地铁良乡大学城北站,000000058236840
110100014429068,27,卓秀北街北口,000000058236840
110100014429069,28,卓秀北街,000000058236840
110100014429079,29,地铁良乡大学城站,000000058236840
110100014429071,30,地铁良乡大学城站东,000000058236840
110100014429072,31,知兴东路,000000058236840
110100014429073,32,燕保阜盛家园,000000058236840
110100014429074,33,梨村路口,000000058236840
110100014429054,34,长于南大街,000000058236840
110100014429037,35,梨村,000000058236840
110100014429056,36,梨村公交场站,000000058236840
