stationId,stopNumber,stopName,lineId
900000085854001,1,北京西站,000007239667391
900000085854003,2,小马厂,000007239667391
900000085854004,3,白云观,000007239667391
900000085854005,4,公安大学,000007239667391
900000085854006,5,木樨地北,000007239667391
900000085854007,6,玉渊潭东门,000007239667391
900000085854008,7,钓鱼台,000007239667391
900000085854009,8,甘家口北,000007239667391
900000085854010,9,甘家口大厦,000007239667391
900000085854011,10,二里沟西口,000007239667391
900000085854012,11,四道口东,000007239667391
900000085854013,12,白石桥南,000007239667391
900000085854014,13,国家图书馆,000007239667391
900000085854015,14,中央民族大学,000007239667391
900000085854016,15,魏公村,000007239667391
900000085854017,16,中国农业科学院,000007239667391
900000085854018,17,人民大学,000007239667391
900000085854019,18,海淀黄庄南,000007239667391
900000085854020,19,海淀黄庄北,000007239667391
900000085854021,20,中关村南,000007239667391
900000085854022,21,中关村北,000007239667391
900000085854023,22,中关园,000007239667391
900000085854024,23,中关园北站,000007239667391
900000085854025,24,清华大学西门,000007239667391
900000085854026,25,圆明园东路,000007239667391
900000085854027,26,清华附中,000007239667391
900000085854028,27,圆明园东门,000007239667391
900000085854029,28,北京体育大学,000007239667391
900000085854030,29,正白旗,000007239667391
900000085854031,30,上地南口,000007239667391
900000085854032,31,上地西里,000007239667391
900000085854033,32,上地五街,000007239667391
900000085854034,33,上地七街,000007239667391
900000085854038,34,清河火车站,000007239667391
