stationId,stopNumber,stopName,lineId
110100015235002,1,东直门枢纽站,000000058465130
110100015235003,2,左家庄,000000058465130
110100015235004,3,三元桥西站,000000058465130
110100015235005,4,西坝河,000000058465130
110100015235025,5,宁村新桥站,000000058465130
110100015235024,6,万象汇橡树湾小区,000000058465130
110100015235006,7,太扬家园,000000058465130
110100015235007,8,密云少年宫,000000058465130
110100015235008,9,密云西大桥,000000058465130
110100015235009,10,密云果园小区,000000058465130
110100015235031,11,密云鼓楼,000000058465130
110100015235032,12,密云滨河大桥,000000058465130
110100015235038,13,沿湖小区北门,000000058465130
110100015235039,14,密云沙河,000000058465130
110100015235040,15,宾阳北里,000000058465130
110100015235035,16,宾阳小区,000000058465130
110100015235036,17,宾阳西里,000000058465130
110100015235037,18,密云老城墙,000000058465130
110100015235016,19,光阳小区,000000058465130
110100015235017,20,长城环岛,000000058465130
110100015235041,21,檀东路口站,000000058465130
110100015235018,22,密云新农村,000000058465130
110100015235019,23,密云汽车站,000000058465130
