stationId,stopNumber,stopName,lineId
110100014589002,1,金庄,000011531333741
110100014589003,2,彰化路,000011531333741
110100014589037,3,五福路北口,000011531333741
110100014589004,4,正福寺,000011531333741
110100014589005,5,车道沟桥西,000011531333741
110100014589006,6,车道沟桥东,000011531333741
110100014589007,7,北洼路,000011531333741
110100014589038,8,紫竹院南门,000011531333741
110100014589039,9,白石桥北,000011531333741
110100014589040,10,国家图书馆,000011531333741
110100014589041,11,中央民族大学,000011531333741
110100014589042,12,魏公村,000011531333741
110100014589043,13,中国农业科学院南门,000011531333741
110100014589044,14,皂君庙西站,000011531333741
110100014589045,15,皂君东里,000011531333741
110100014589046,16,联想桥南,000011531333741
110100014589047,17,白塔庵南,000011531333741
110100014589048,18,白塔庵,000011531333741
110100014589017,19,白塔庵北,000011531333741
110100014589018,20,保福寺桥南,000011531333741
110100014589019,21,北京城市学院,000011531333741
110100014589020,22,学院桥西,000011531333741
110100014589021,23,学院桥东,000011531333741
110100014589022,24,志新桥西,000011531333741
110100014589023,25,志新桥北,000011531333741
110100014589024,26,志新北里,000011531333741
110100014589025,27,二里庄南口,000011531333741
110100014589026,28,二里庄,000011531333741
110100014589036,29,北沙滩桥西,000011531333741
110100014589028,30,双泉堡南,000011531333741
110100014589029,31,双泉堡,000011531333741
110100014589030,32,花虎沟南,000011531333741
110100014589031,33,清河南镇,000011531333741
110100014589032,34,清河,000011531333741
110100014589033,35,清河小营桥北,000011531333741
110100014589034,36,四拨子,000011531333741
110100014589035,37,西三旗,000011531333741
