stationId,stopNumber,stopName,lineId
900000019525058,1,管家营,000004341214790
900000019525001,2,北辛店,000004341214790
900000019525002,3,吕营,000004341214790
900000019525070,4,苗营,000004341214790
900000019525004,5,官帽山,000004341214790
900000019525071,6,喇叭沟门南,000004341214790
900000019525005,7,北甸子,000004341214790
900000019525006,8,大甸子,000004341214790
900000019525007,9,对角沟门,000004341214790
900000019525008,10,北八道河,000004341214790
900000019525072,11,七道河,000004341214790
900000019525010,12,二道河,000004341214790
900000019525011,13,二道河东沟,000004341214790
900000019525012,14,杨树湾,000004341214790
900000019525073,15,长哨营,000004341214790
900000019525014,16,老西沟门,000004341214790
900000019525015,17,王四沟门,000004341214790
900000019525074,18,兰营,000004341214790
900000019525061,19,三道沟门,000004341214790
900000019525017,20,东黄梁,000004341214790
900000019525018,21,古石沟门,000004341214790
900000019525075,22,汤河口镇政府,000004341214790
900000019525059,23,汤河口十字街,000004341214790
900000019525021,24,汤河口,000004341214790
