stationId,stopNumber,stopName,lineId
110100016052002,1,延庆南菜园,000000058699201
110100016052003,2,延庆东关,000000058699201
110100016052004,3,川北小区南门,000000058699201
110100016052005,4,石河营,000000058699201
110100016052006,5,京张路口东,000000058699201
110100016052066,6,延庆东桥东,000000058699201
110100016052007,7,延庆八中,000000058699201
110100016052008,8,八里店,000000058699201
110100016052009,9,八里店东口,000000058699201
110100016052067,10,新合营,000000058699201
110100016052010,11,沈家营镇政府,000000058699201
110100016052052,12,沈家营,000000058699201
110100016052053,13,连家营,000000058699201
110100016052054,14,魏家营,000000058699201
110100016052011,15,兴安堡路口,000000058699201
110100016052055,16,北老君堂路口,000000058699201
110100016052056,17,香村营西,000000058699201
110100016052012,18,香村营,000000058699201
110100016052013,19,西小庄科,000000058699201
110100016052014,20,吴坊营,000000058699201
110100016052057,21,吴坊营东站,000000058699201
110100016052074,22,吴坊营村东,000000058699201
110100016052058,23,新华营西,000000058699201
110100016052015,24,新华营,000000058699201
110100016052059,25,三里墩,000000058699201
110100016052016,26,永宁西关,000000058699201
110100016052017,27,永宁车站,000000058699201
110100016052018,28,永宁,000000058699201
110100016052061,29,延庆狮子营,000000058699201
110100016052062,30,永新堡,000000058699201
110100016052063,31,刘斌堡西站,000000058699201
110100016052064,32,刘斌堡,000000058699201
110100016052065,33,刘斌堡东站,000000058699201
110100016052068,34,刘斌堡村东,000000058699201
110100016052024,35,山南沟,000000058699201
110100016052025,36,小观头,000000058699201
110100016052026,37,大观头,000000058699201
110100016052027,38,周四沟村西,000000058699201
110100016052028,39,周四沟,000000058699201
110100016052029,40,红果寺,000000058699201
110100016052069,41,小吉祥,000000058699201
110100016052031,42,大吉祥,000000058699201
110100016052032,43,黑汉岭,000000058699201
110100016052033,44,王顺沟路口,000000058699201
110100016052034,45,四海南湾,000000058699201
110100016052035,46,大胜岭,000000058699201
110100016052036,47,天门关,000000058699201
110100016052037,48,四海,000000058699201
110100016052038,49,北口子,000000058699201
110100016052039,50,永红村,000000058699201
110100016052040,51,珍珠泉,000000058699201
110100016052070,52,珍珠泉北站,000000058699201
110100016052071,53,称沟湾,000000058699201
110100016052042,54,水沟门,000000058699201
110100016052043,55,东方红,000000058699201
110100016052044,56,珍珠泉山东沟,000000058699201
110100016052045,57,珍珠泉八亩地,000000058699201
110100016052046,58,杏叶沟,000000058699201
110100016052073,59,水泉子村南,000000058699201
110100016052047,60,水泉子,000000058699201
110100016052060,61,珍珠泉南湾,000000058699201
110100016052048,62,双金草,000000058699201
110100016052072,63,小寒露沟,000000058699201
110100016052049,64,小川南口,000000058699201
110100016052050,65,小川北口,000000058699201
110100016052075,66,柳条湾,000000058699201
110100016052076,67,小铺,000000058699201
110100016052077,68,齐仙岭,000000058699201
110100016052078,69,桃条沟,000000058699201
110100016052079,70,南天门,000000058699201
