stationId,stopNumber,stopName,lineId
900000021803001,1,新街口豁口,000000058170300
900000021803050,2,玉桃园,000000058170300
900000021803002,3,索家坟,000000058170300
900000021803003,4,文慧桥北,000000058170300
900000021803004,5,北京邮电大学南门,000000058170300
900000021803005,6,北京师范大学南门,000000058170300
900000021803006,7,铁狮子坟,000000058170300
900000021803007,8,北太平桥北,000000058170300
900000021803008,9,牡丹园,000000058170300
900000021803009,10,牡丹园东,000000058170300
900000021803052,11,健德门西,000000058170300
900000021803010,12,健德门东,000000058170300
900000021803011,13,地铁北土城站,000000058170300
900000021803012,14,安贞医院北站,000000058170300
900000021803046,15,地铁安贞门站,000000058170300
900000021803013,16,奥体东门,000000058170300
900000021803014,17,安慧桥北,000000058170300
900000021803015,18,炎黄艺术馆,000000058170300
900000021803016,19,秀园,000000058170300
900000021803017,20,北苑路大屯,000000058170300
900000021803018,21,北苑路大屯北站,000000058170300
900000021803039,22,辛店村,000000058170300
900000021803019,23,北苑,000000058170300
900000021803053,24,大羊坊南站,000000058170300
900000021803020,25,大羊坊,000000058170300
900000021803021,26,立水桥,000000058170300
900000021803048,27,立通路南站,000000058170300
900000021803049,28,立通路北站,000000058170300
900000021803047,29,天通苑四区西门,000000058170300
900000021803026,30,天通苑街心花园,000000058170300
900000021803037,31,天通苑六区北门,000000058170300
900000021803038,32,天通东苑一区西门,000000058170300
900000021803029,33,天通苑塔楼,000000058170300
900000021803030,34,天通东苑一区,000000058170300
900000021803034,35,白坊南,000000058170300
900000021803035,36,白坊,000000058170300
900000021803033,37,天通北苑,000000058170300
