stationId,stopNumber,stopName,lineId
900000097896001,1,珠窝客运站,000007510536690
900000097896002,2,南石洋大峡谷路口,000007510536690
900000097896003,3,珍珠湖路口,000007510536690
900000097896004,4,付家台东,000007510536690
900000097896005,5,太子墓,000007510536690
900000097896006,6,下马岭,000007510536690
900000097896007,7,芹峪口,000007510536690
900000097896008,8,雁翅,000007510536690
900000097896009,9,河南台,000007510536690
900000097896010,10,十八潭,000007510536690
900000097896011,11,安家庄,000007510536690
900000097896012,12,清水涧北,000007510536690
900000097896013,13,清水涧,000007510536690
900000097896014,14,落坡岭,000007510536690
900000097896015,15,惠和新苑西口,000007510536690
900000097896016,16,王平村北,000007510536690
900000097896017,17,王平村,000007510536690
900000097896018,18,色树坟西,000007510536690
900000097896019,19,色树坟,000007510536690
900000097896020,20,西石古岩,000007510536690
900000097896021,21,石古岩,000007510536690
900000097896022,22,下苇甸桥,000007510536690
900000097896023,23,丁家滩北口,000007510536690
900000097896024,24,丁家滩,000007510536690
900000097896025,25,陇驾庄西口,000007510536690
900000097896026,26,陇驾庄,000007510536690
900000097896027,27,陇驾庄东口,000007510536690
900000097896028,28,嬉水湾,000007510536690
900000097896029,29,野溪,000007510536690
900000097896030,30,陈家庄,000007510536690
900000097896031,31,龙泉务北口,000007510536690
900000097896032,32,龙泉务,000007510536690
900000097896033,33,琉璃渠,000007510536690
900000097896034,34,城子北站,000007510536690
900000097896035,35,城子,000007510536690
900000097896036,36,河滩北站,000007510536690
900000097896037,37,绿岛家园,000007510536690
900000097896038,38,龙泉花园,000007510536690
900000097896039,39,侯庄子,000007510536690
900000097896040,40,麻峪北口,000007510536690
900000097896041,41,石景山火车站,000007510536690
900000097896042,42,广宁村,000007510536690
900000097896043,43,首钢小西门,000007510536690
900000097896044,44,金安桥东,000007510536690
900000097896045,45,金顶南路,000007510536690
900000097896046,46,地铁苹果园站,000007510536690
