stationId,stopNumber,stopName,lineId
110100053350002,1,北京站西,000000058374500
110100053350003,2,北京站西街,000000058374500
110100053350026,3,崇文门内,000000058374500
110100053350027,4,东单路口北,000000058374500
110100053350028,5,米市大街,000000058374500
110100053350029,6,灯市东口,000000058374500
110100053350007,7,灯市西口,000000058374500
110100053350008,8,美术馆北,000000058374500
110100053350009,9,大佛寺,000000058374500
110100053350010,10,宽街路口南,000000058374500
110100053350011,11,北兵马司,000000058374500
110100053350012,12,交道口南,000000058374500
110100053350013,13,方家胡同,000000058374500
110100053350014,14,安定门内,000000058374500
110100053350020,15,地坛西门,000000058374500
110100053350021,16,蒋宅口东,000000058374500
110100053350022,17,兴化路南口,000000058374500
110100053350023,18,和平里北街,000000058374500
110100053350024,19,和平里路口西,000000058374500
110100053350025,20,地铁柳芳站,000000058374500
