stationId,stopNumber,stopName,lineId
110100015545001,1,华威路南口,000000058668600
110100015545002,2,华威南路东口,000000058668600
110100015545006,3,首都图书馆,000000058668600
110100015545007,4,松榆里,000000058668600
110100015545008,5,松榆东里南门,000000058668600
110100015545030,6,北京工业大学南站,000000058668600
110100015545009,7,松榆东里东门,000000058668600
110100015545010,8,北京工业大学,000000058668600
110100015545011,9,北京工业大学北站,000000058668600
110100015545012,10,平乐园北,000000058668600
110100015545013,11,珠江帝景,000000058668600
110100015545014,12,九龙山,000000058668600
110100015545015,13,八王坟南,000000058668600
110100015545016,14,八王坟北,000000058668600
110100015545017,15,红庙路口北,000000058668600
110100015545018,16,金台路口南,000000058668600
110100015545019,17,甜水园北里,000000058668600
110100015545020,18,朝阳公园南门,000000058668600
110100015545021,19,朝阳公园桥东,000000058668600
110100015545022,20,豆各庄路口西,000000058668600
110100015545023,21,姚家园西口,000000058668600
110100015545024,22,姚家园东,000000058668600
110100015545025,23,平房西口,000000058668600
110100015545026,24,平房,000000058668600
110100015545027,25,平房东口,000000058668600
110100015545028,26,石各庄西,000000058668600
110100015545029,27,石各庄,000000058668600
