stationId,stopNumber,stopName,lineId
900000035226001,1,于家园,000011089126331
900000035226002,2,下元,000011089126331
900000035226018,3,怀柔招商局,000011089126331
900000035226019,4,怀柔汽车站,000011089126331
900000035226020,5,怀柔五中,000011089126331
900000035226032,6,怀柔东关村,000011089126331
900000035226021,7,康馨家园,000011089126331
900000035226022,8,怀柔南小街,000011089126331
900000035226023,9,青春路南口,000011089126331
900000035226024,10,南华园三区,000011089126331
900000035226025,11,南华大街东口,000011089126331
900000035226026,12,南华,000011089126331
900000035226048,13,华欣湾小区,000011089126331
900000035226027,14,庙城检测场,000011089126331
900000035226034,15,高两河西,000011089126331
900000035226035,16,高两河,000011089126331
900000035226037,17,雁栖河桥东,000011089126331
900000035226029,18,中影基地,000011089126331
900000035226036,19,凤翔公园,000011089126331
900000035226031,20,杨宋大槐树,000011089126331
900000035226012,21,安乐庄,000011089126331
900000035226038,22,怀柔郭庄,000011089126331
900000035226042,23,怀柔花园村,000011089126331
900000035226043,24,怀柔花园村南,000011089126331
900000035226047,25,怀柔南站南广场,000011089126331
900000035226044,26,怀柔太平庄,000011089126331
900000035226045,27,怀柔太平庄北,000011089126331
900000035226046,28,怀柔张各庄西,000011089126331
900000035226033,29,怀柔张各庄,000011089126331
900000035226017,30,耿辛庄,000011089126331
