stationId,stopNumber,stopName,lineId
110100015963048,1,北街家园五区,000013719635470
110100015963049,2,北街家园一区,000013719635470
110100015963050,3,北街家园二区东门,000013719635470
110100015963051,4,高教园北三街,000013719635470
110100015963052,5,北街家园八区北,000013719635470
110100015963053,6,北街家园八区南,000013719635470
110100015963054,7,北街家园七区,000013719635470
110100015963055,8,北街家园六区东门,000013719635470
110100015963056,9,高教园中街,000013719635470
110100015963057,10,高教园中街东站,000013719635470
110100015963033,11,地铁沙河高教园站,000013719635470
110100015963009,12,大洼村,000013719635470
110100015963010,13,张各庄,000013719635470
110100015963032,14,景文屯南,000013719635470
110100015963011,15,景文屯村,000013719635470
110100015963012,16,兴昌佳苑南门,000013719635470
110100015963030,17,张各庄北,000013719635470
110100015963013,18,地铁南邵站,000013719635470
110100015963014,19,张营小区,000013719635470
110100015963015,20,南环大桥东,000013719635470
110100015963031,21,南环大桥西,000013719635470
110100015963017,22,昌盛园北口,000013719635470
110100015963018,23,东关南里小区南门,000013719635470
110100015963019,24,南环东路,000013719635470
110100015963020,25,水关新村北,000013719635470
110100015963021,26,昌平南环路,000013719635470
110100015963022,27,昌平公园,000013719635470
110100015963041,28,昌平鼓楼南街北口,000013719635470
110100015963042,29,昌平鼓楼东街,000013719635470
110100015963043,30,昌平一中,000013719635470
110100015963044,31,中国政法大学北门(昌平),000013719635470
110100015963045,32,松园小区西门,000013719635470
110100015963025,33,昌平东关,000013719635470
110100015963046,34,昌平东关路口北,000013719635470
110100015963047,35,前锋学校,000013719635470
110100015963027,36,朝凤庵村,000013719635470
