stationId,stopNumber,stopName,lineId
110100014382039,1,新街口豁口,000000058220330
110100014382040,2,玉桃园,000000058220330
110100014382041,3,西直门南,000000058220330
110100014382042,4,车公庄南,000000058220330
110100014382043,5,阜成门北,000000058220330
110100014382010,6,阜成门,000000058220330
110100014382011,7,阜成门外,000000058220330
110100014382012,8,展览路,000000058220330
110100014382013,9,月坛北街北站,000000058220330
110100014382014,10,月坛南街北站,000000058220330
110100014382015,11,三里河东路南口,000000058220330
110100014382016,12,白云路,000000058220330
110100014382017,13,白云观,000000058220330
110100014382038,14,手帕口北街,000000058220330
110100014382020,15,手帕口南街,000000058220330
110100014382021,16,广安门货站,000000058220330
110100014382022,17,广安门车站西街,000000058220330
110100014382037,18,京铁和园,000000058220330
110100014382023,19,莲花晴园,000000058220330
110100014382024,20,小红庙,000000058220330
