stationId,stopNumber,stopName,lineId
110100014890035,1,慧忠里,000014286687290
110100014890002,2,炎黄艺术馆,000014286687290
110100014890003,3,安慧桥北,000014286687290
110100014890004,4,奥体东门,000014286687290
110100014890033,5,地铁安贞门站,000014286687290
110100014890005,6,安贞医院北站,000014286687290
110100014890006,7,安贞西里,000014286687290
110100014890034,8,安华桥北,000014286687290
110100014890007,9,安华桥南,000014286687290
110100014890008,10,鼓楼外大街北站,000014286687290
110100014890009,11,鼓楼外大街南站,000014286687290
110100014890010,12,钟楼北桥北,000014286687290
110100014890011,13,安定门西,000014286687290
110100014890012,14,雍和宫桥东,000014286687290
110100014890013,15,北小街豁口,000014286687290
110100014890014,16,东直门北,000014286687290
110100014890015,17,东四十条桥南,000014286687290
110100014890016,18,朝阳门南,000014286687290
110100014890017,19,雅宝路,000014286687290
110100014890018,20,建国门南,000014286687290
110100014890019,21,东便门,000014286687290
110100014890020,22,崇文门西,000014286687290
110100014890021,23,台基厂路口西,000014286687290
110100014890022,24,前门东,000014286687290
110100014890023,25,前门西,000014286687290
110100014890024,26,北京供电局,000014286687290
110100014890025,27,和平门东,000014286687290
110100014890026,28,宣武门东,000014286687290
110100014890027,29,长椿街路口西,000014286687290
110100014890028,30,北京西站,000014286687290
110100014890029,31,六里桥北里,000014286687290
110100014890030,32,六里桥南,000014286687290
110100014890031,33,西局,000014286687290
110100014890032,34,丽泽桥,000014286687290
