stationId,stopNumber,stopName,lineId
110100016175002,1,沙梁子,000000058699080
110100016175003,2,天桥沟,000000058699080
110100016175004,3,天桥子,000000058699080
110100016175005,4,河西,000000058699080
110100016175106,5,大栜树,000000058699080
110100016175108,6,帽山沟村路口,000000058699080
110100016175075,7,后沟,000000058699080
110100016175076,8,延庆三间房,000000058699080
110100016175101,9,延庆三间房北,000000058699080
110100016175009,10,三道河,000000058699080
110100016175010,11,南湾,000000058699080
110100016175011,12,收粮沟,000000058699080
110100016175012,13,平台子,000000058699080
110100016175013,14,河北,000000058699080
110100016175014,15,前山,000000058699080
110100016175109,16,花盆沟口,000000058699080
110100016175015,17,花盆,000000058699080
110100016175090,18,花盆村西,000000058699080
110100016175091,19,鹿叫村东,000000058699080
110100016175016,20,鹿叫,000000058699080
110100016175067,21,千家店水泉沟,000000058699080
110100016175086,22,大户岭路口,000000058699080
110100016175018,23,小户岭,000000058699080
110100016175102,24,小户岭新村,000000058699080
110100016175019,25,大古坟沟,000000058699080
110100016175087,26,延庆东店村北,000000058699080
110100016175021,27,千家店,000000058699080
110100016175107,28,千家店镇政府,000000058699080
110100016175022,29,千家店卫生院,000000058699080
110100016175110,30,延庆西店,000000058699080
110100016175068,31,朝阳寺,000000058699080
110100016175023,32,排子岭,000000058699080
110100016175093,33,碴底下,000000058699080
110100016175025,34,红石湾,000000058699080
110100016175094,35,河口新村路口,000000058699080
110100016175095,36,河口,000000058699080
110100016175096,37,河东,000000058699080
110100016175027,38,秀水湾,000000058699080
110100016175111,39,六道河,000000058699080
110100016175029,40,大窑,000000058699080
110100016175030,41,干沟,000000058699080
110100016175097,42,柏木井,000000058699080
110100016175031,43,营盘,000000058699080
110100016175081,44,马道梁村南,000000058699080
110100016175032,45,马道梁,000000058699080
110100016175033,46,山西沟,000000058699080
110100016175034,47,山东沟,000000058699080
110100016175098,48,刘斌堡村东,000000058699080
110100016175035,49,刘斌堡东站,000000058699080
110100016175071,50,刘斌堡,000000058699080
110100016175037,51,刘斌堡西站,000000058699080
110100016175038,52,永新堡,000000058699080
110100016175039,53,延庆狮子营,000000058699080
110100016175040,54,永宁,000000058699080
110100016175041,55,永宁车站,000000058699080
110100016175048,56,永宁西关,000000058699080
110100016175077,57,三里墩,000000058699080
110100016175050,58,新华营,000000058699080
110100016175084,59,新华营西,000000058699080
110100016175085,60,吴坊营村东,000000058699080
110100016175099,61,吴坊营东站,000000058699080
110100016175053,62,吴坊营,000000058699080
110100016175054,63,西小庄科,000000058699080
110100016175055,64,香村营,000000058699080
110100016175073,65,香村营西站,000000058699080
110100016175057,66,北老君堂路口,000000058699080
110100016175074,67,兴安堡路口,000000058699080
110100016175059,68,魏家营,000000058699080
110100016175060,69,连家营,000000058699080
110100016175061,70,沈家营,000000058699080
110100016175062,71,沈家营镇政府,000000058699080
110100016175082,72,新合营,000000058699080
110100016175079,73,八里店东口,000000058699080
110100016175070,74,八里店,000000058699080
110100016175065,75,延庆八中,000000058699080
110100016175083,76,延庆东桥东,000000058699080
110100016175042,77,京张路口东,000000058699080
110100016175043,78,石河营,000000058699080
110100016175044,79,川北小区南门,000000058699080
110100016175100,80,延庆东关,000000058699080
110100016175046,81,延庆南菜园,000000058699080
