stationId,stopNumber,stopName,lineId
110100013630039,1,三义庙,000000058149340
110100013630019,2,人民大学,000000058149340
110100013630020,3,海淀黄庄北,000000058149340
110100013630021,4,中关村南,000000058149340
110100013630022,5,中关园,000000058149340
110100013630023,6,蓝旗营,000000058149340
110100013630024,7,清华园,000000058149340
110100013630025,8,西王庄小区,000000058149340
110100013630026,9,北京林业大学,000000058149340
110100013630027,10,六道口,000000058149340
110100013630028,11,静淑苑,000000058149340
110100013630029,12,石板房,000000058149340
110100013630030,13,学知园,000000058149340
110100013630031,14,马家沟,000000058149340
110100013630032,15,清河南镇,000000058149340
110100013630033,16,清河北,000000058149340
110100013630034,17,清河小营桥南,000000058149340
110100013630035,18,西三旗桥东,000000058149340
110100013630036,19,邮政研究院,000000058149340
110100013630037,20,育新小区北口,000000058149340
110100013630038,21,育新小区,000000058149340
