stationId,stopNumber,stopName,lineId
110100013914003,1,北苑家园,000000058320711
110100013914004,2,北苑家园西站,000000058320711
110100013914005,3,大羊坊东站,000000058320711
110100013914034,4,大羊坊,000000058320711
110100013914007,5,地铁北苑路北站,000000058320711
110100013914008,6,辛店村,000000058320711
110100013914009,7,北苑路大屯北站,000000058320711
110100013914010,8,地铁大屯路东站,000000058320711
110100013914011,9,大屯东,000000058320711
110100013914012,10,豹房,000000058320711
110100013914035,11,豹房西,000000058320711
110100013914036,12,洼里南口,000000058320711
110100013914037,13,中科院地理所,000000058320711
110100013914015,14,南沟泥河,000000058320711
110100013914016,15,北沙滩桥东,000000058320711
110100013914017,16,二里庄,000000058320711
110100013914018,17,二里庄南口,000000058320711
110100013914019,18,北京科技大学北门,000000058320711
110100013914020,19,成府路口南,000000058320711
110100013914021,20,学院桥东,000000058320711
110100013914022,21,花园路北口,000000058320711
110100013914023,22,塔院,000000058320711
110100013914024,23,北医三院,000000058320711
