stationId,stopNumber,stopName,lineId
110100014236050,1,地铁苹果园公交场站,000000058194141
110100014236051,2,地铁苹果园站,000000058194141
110100014236003,3,苹果园东,000000058194141
110100014236004,4,苹果园中学,000000058194141
110100014236005,5,苹果园南路东口,000000058194141
110100014236006,6,西黄村北站,000000058194141
110100014236007,7,西下庄东,000000058194141
110100014236008,8,北京射击场,000000058194141
110100014236009,9,南辛庄,000000058194141
110100014236010,10,巨山农场,000000058194141
110100014236011,11,西平庄,000000058194141
110100014236012,12,南平庄,000000058194141
110100014236013,13,海淀区残联,000000058194141
110100014236014,14,佟家坟,000000058194141
110100014236015,15,四季青桥西,000000058194141
110100014236016,16,四季青桥北,000000058194141
110100014236048,17,远大路西口,000000058194141
110100014236018,18,远大路,000000058194141
110100014236020,19,远大路东口,000000058194141
110100014236037,20,万柳中路南口,000000058194141
110100014236021,21,汇新家园,000000058194141
110100014236022,22,万柳中路北口,000000058194141
110100014236023,23,万泉河桥南,000000058194141
110100014236049,24,海淀公园,000000058194141
110100014236024,25,西苑医院,000000058194141
110100014236025,26,颐和园路东口,000000058194141
110100014236026,27,圆明园南门,000000058194141
110100014236027,28,圆明园东路,000000058194141
110100014236028,29,清华附中,000000058194141
110100014236046,30,厢白旗桥,000000058194141
