stationId,stopNumber,stopName,lineId
110100016382123,1,南大化村,000000000022511
110100016382124,2,潞关村,000000000022511
110100016382125,3,三间房村,000000000022511
110100016382126,4,齐善庄村南,000000000022511
110100016382127,5,齐善庄,000000000022511
110100016382128,6,牌楼营村,000000000022511
110100016382129,7,祥和乐园小区,000000000022511
110100016382130,8,张家湾,000000000022511
110100016382131,9,太玉园小区,000000000022511
110100016382132,10,太玉园北口,000000000022511
110100016382133,11,高楼金村,000000000022511
110100016382134,12,地铁高楼金站,000000000022511
110100016382135,13,颐瑞中二路南口,000000000022511
110100016382136,14,颐瑞中二路,000000000022511
110100016382137,15,颐瑞中二路北口,000000000022511
110100016382006,16,地铁临河里站,000000000022511
110100016382138,17,梨园南街西口,000000000022511
110100016382067,18,梨园东里南区,000000000022511
110100016382099,19,通州三间房,000000000022511
110100016382108,20,梨园北街,000000000022511
110100016382106,21,玉桥东路,000000000022511
110100016382071,22,玉桥北里,000000000022511
110100016382101,23,乔庄北街,000000000022511
110100016382102,24,玉桥中路,000000000022511
110100016382109,25,北小园,000000000022511
110100016382075,26,通州南关西,000000000022511
110100016382076,27,通州车站路口西,000000000022511
110100016382077,28,潞河医院路口东,000000000022511
110100016382078,29,通州佟麟阁大街,000000000022511
110100016382079,30,岳庄,000000000022511
110100016382080,31,永顺路南口,000000000022511
110100016382081,32,二六三医院,000000000022511
110100016382082,33,通惠北路南口,000000000022511
110100016382083,34,通州西门路口北,000000000022511
110100016382084,35,通州北苑路口东,000000000022511
110100016382085,36,地铁通州北苑站,000000000022511
110100016382086,37,科印小区,000000000022511
110100016382091,38,翠屏西路北口,000000000022511
110100016382092,39,翠屏北里,000000000022511
110100016382094,40,格瑞雅居小区,000000000022511
110100016382105,41,翠屏西路,000000000022511
