stationId,stopNumber,stopName,lineId
900000122892001,1,首发物流,000010448755280
900000122892002,2,苏庄西街南口,000010448755280
900000122892003,3,地铁苏庄站,000010448755280
900000122892004,4,苏庄东街南口,000010448755280
900000122892005,5,地铁良乡南关站西(东行),000010448755280
900000122892006,6,地铁良乡南关站,000010448755280
900000122892007,7,拱辰南大街,000010448755280
900000122892040,8,良乡大角站,000010448755280
900000122892041,9,华冠购物中心,000010448755280
900000122892042,10,西潞园,000010448755280
900000122892009,11,良乡西门,000010448755280
900000122892035,12,西潞南大街,000010448755280
900000122892010,13,地铁良乡南关站西(南行),000010448755280
900000122892043,14,良乡经济开发区东门,000010448755280
900000122892011,15,良乡大南关村,000010448755280
900000122892044,16,良乡机动车检测场,000010448755280
900000122892012,17,房山肖庄,000010448755280
900000122892045,18,房山肖庄南站,000010448755280
900000122892046,19,大十三里北,000010448755280
900000122892013,20,大十三里,000010448755280
900000122892047,21,小十三里北口,000010448755280
900000122892014,22,小十三里,000010448755280
900000122892015,23,七里店,000010448755280
900000122892016,24,房山于庄东,000010448755280
900000122892017,25,房山于庄,000010448755280
900000122892018,26,金鑫苑,000010448755280
900000122892019,27,瓦窑头,000010448755280
900000122892020,28,田家园小区,000010448755280
900000122892021,29,窦店镇政府,000010448755280
900000122892037,30,窦店路口东,000010448755280
900000122892022,31,京南嘉园,000010448755280
900000122892038,32,窦店村东,000010448755280
900000122892023,33,大窦路南口,000010448755280
900000122892024,34,房山白草洼,000010448755280
900000122892025,35,西周燕都遗址,000010448755280
900000122892036,36,房山白草洼村口,000010448755280
900000122892026,37,滨水雅园东门,000010448755280
900000122892027,38,刘夏路南口,000010448755280
900000122892048,39,琉璃河卫生院,000010448755280
900000122892028,40,琉璃河镇政府,000010448755280
900000122892029,41,琉璃河,000010448755280
900000122892052,42,琉璃河中心小学,000010448755280
900000122892053,43,琉璃河检查站,000010448755280
900000122892054,44,房山李庄,000010448755280
900000122892055,45,房山李庄西,000010448755280
900000122892050,46,西东村东,000010448755280
900000122892032,47,西东村,000010448755280
900000122892033,48,韩村河,000010448755280
900000122892051,49,韩村河村口,000010448755280
900000122892034,50,韩村河西,000010448755280
