stationId,stopNumber,stopName,lineId
110100015377002,1,房山汽车站,000011574150781
110100015377057,2,房山医院路口,000011574150781
110100015377004,3,房山体育场,000011574150781
110100015377005,4,地铁房山城关站,000011574150781
110100015377006,5,房山北关,000011574150781
110100015377059,6,富燕新村,000011574150781
110100015377087,7,宏塔小区,000011574150781
110100015377110,8,燕山体育馆,000011574150781
110100015377111,9,燕山北庄,000011574150781
110100015377112,10,燕化聚酯厂,000011574150781
110100015377113,11,燕化动力厂北,000011574150781
110100015377114,12,前朱各庄,000011574150781
110100015377115,13,后朱各庄,000011574150781
110100015377116,14,燕山工业区南站,000011574150781
110100015377153,15,后朱各庄村北,000011574150781
110100015377154,16,东流水村东,000011574150781
110100015377117,17,东流水,000011574150781
110100015377150,18,东流水北,000011574150781
110100015377118,19,燕山东风,000011574150781
110100015377119,20,燕山羊耳峪,000011574150781
110100015377120,21,燕山东岭,000011574150781
110100015377121,22,南观路口,000011574150781
110100015377122,23,房山矿家属区南,000011574150781
110100015377123,24,房山矿家属区北,000011574150781
110100015377124,25,万佛堂,000011574150781
110100015377139,26,万佛堂路口,000011574150781
110100015377140,27,磁家务,000011574150781
110100015377141,28,磁家务北站,000011574150781
110100015377151,29,河北镇半壁店村口,000011574150781
110100015377143,30,河北镇半壁店,000011574150781
110100015377127,31,石花洞路口,000011574150781
110100015377128,32,三福村路口,000011574150781
110100015377129,33,三福村,000011574150781
110100015377152,34,三福村西,000011574150781
110100015377156,35,河东村,000011574150781
110100015377144,36,东庄子南,000011574150781
110100015377131,37,东庄子,000011574150781
110100015377145,38,河北法庭,000011574150781
110100015377132,39,李各庄,000011574150781
110100015377133,40,河北镇邮局,000011574150781
110100015377146,41,房山河南村口,000011574150781
110100015377134,42,河北镇辛庄,000011574150781
110100015377147,43,辛庄检查站,000011574150781
110100015377148,44,陈家台东,000011574150781
110100015377135,45,陈家台,000011574150781
110100015377136,46,班各庄,000011574150781
110100015377137,47,佛子庄乡政府,000011574150781
110100015377138,48,黑龙关,000011574150781
110100015377103,49,佛子庄乡南河,000011574150781
110100015377039,50,银狐洞路口,000011574150781
110100015377095,51,佛子庄桥,000011574150781
110100015377096,52,佛子庄西口,000011574150781
110100015377149,53,西大地,000011574150781
110100015377088,54,红煤厂公交场站,000011574150781
110100015377155,55,红煤厂公交场站(临时站),000011574150781
110100015377042,56,南窖路口,000011574150781
110100015377043,57,红煤厂路口,000011574150781
110100015377044,58,红煤厂,000011574150781
110100015377105,59,黄土台东,000011574150781
110100015377073,60,黄土台,000011574150781
110100015377046,61,教军场,000011574150781
110100015377106,62,西流水,000011574150781
110100015377097,63,大安山乡水峪,000011574150781
110100015377048,64,中山,000011574150781
110100015377091,65,万顷园路口,000011574150781
110100015377049,66,瞧煤涧路口,000011574150781
110100015377074,67,大北河,000011574150781
110100015377051,68,大安山村,000011574150781
110100015377098,69,大安山村西口,000011574150781
110100015377085,70,大安山小学,000011574150781
110100015377099,71,寺尚村路口,000011574150781
110100015377077,72,赵亩地村路口,000011574150781
110100015377056,73,大安山矿,000011574150781
