stationId,stopNumber,stopName,lineId
110100014916097,1,大方居,000000000022450
110100014916079,2,大稿南站,000000000022450
110100014916045,3,大稿北站,000000000022450
110100014916080,4,通州半壁店新村,000000000022450
110100014916005,5,通州半壁店,000000000022450
110100014916006,6,通州半壁店东,000000000022450
110100014916041,7,怡乐南街公交场站,000000000022450
110100014916042,8,翠屏西路,000000000022450
110100014916083,9,格瑞雅居小区,000000000022450
110100014916009,10,翠屏北里,000000000022450
110100014916075,11,翠屏西路北口,000000000022450
110100014916011,12,科印小区,000000000022450
110100014916091,13,通州北苑路口南,000000000022450
110100014916085,14,通州北苑路口东,000000000022450
110100014916081,15,通州西门路口东,000000000022450
110100014916077,16,西大街路口西,000000000022450
110100014916063,17,西大街路口东,000000000022450
110100014916078,18,新华大街,000000000022450
110100014916095,19,通州东关西站,000000000022450
110100014916086,20,通州东关,000000000022450
110100014916074,21,东关大桥站,000000000022450
110100014916082,22,百合湾小区,000000000022450
110100014916072,23,三元村,000000000022450
110100014916073,24,武夷花园,000000000022450
110100014916022,25,霍屯村,000000000022450
110100014916023,26,通州古城村,000000000022450
110100014916065,27,胡各庄西,000000000022450
110100014916025,28,胡各庄,000000000022450
110100014916026,29,召里南,000000000022450
110100014916027,30,召里,000000000022450
110100014916028,31,丁各庄,000000000022450
110100014916030,32,前夏邢各庄,000000000022450
110100014916067,33,后夏公庄,000000000022450
110100014916032,34,宋庄,000000000022450
110100014916087,35,任庄村,000000000022450
110100014916034,36,任庄村东口,000000000022450
110100014916058,37,白庙新村,000000000022450
110100014916059,38,白庙科印厂,000000000022450
110100014916068,39,北刘各庄村,000000000022450
110100014916038,40,摇不动村,000000000022450
110100014916069,41,大小邓村,000000000022450
110100014916096,42,师姑庄村,000000000022450
