stationId,stopNumber,stopName,lineId
110100014071002,1,西辛力屯,000000058525551
110100014071003,2,前章村,000000058525551
110100014071004,3,后章村,000000058525551
110100014071005,4,罗家坟,000000058525551
110100014071006,5,上庄东小营北口,000000058525551
110100014071007,6,上庄东小营,000000058525551
110100014071008,7,上庄东小营东口,000000058525551
110100014071009,8,上庄卫生院,000000058525551
110100014071010,9,上庄南口,000000058525551
110100014071011,10,上庄水库,000000058525551
110100014071035,11,上庄水库南站,000000058525551
110100014071013,12,上庄镇,000000058525551
110100014071014,13,上庄镇南站,000000058525551
110100014071015,14,永丰屯,000000058525551
110100014071029,15,上庄路口北,000000058525551
110100014071016,16,上庄路口东,000000058525551
110100014071027,17,地铁永丰站,000000058525551
110100014071017,18,丰滢路口南,000000058525551
110100014071028,19,赵家庄,000000058525551
110100014071018,20,百旺新城,000000058525551
110100014071033,21,西北旺东村,000000058525551
110100014071034,22,永丰路南站,000000058525551
110100014071031,23,永丰路南口,000000058525551
110100014071019,24,圆明园西路北口,000000058525551
110100014071020,25,梅园,000000058525551
110100014071021,26,中国农业大学西校区,000000058525551
110100014071022,27,天秀花园东站,000000058525551
110100014071023,28,天秀花园,000000058525551
110100014071024,29,天秀花园西站,000000058525551
110100014071025,30,地铁安河桥北站,000000058525551
