stationId,stopNumber,stopName,lineId
110100016358002,1,单店,000015034485761
110100016358003,2,东坝家园西站,000015034485761
110100016358004,3,东坝家园东站,000015034485761
110100016358005,4,北京奥林匹克花园,000015034485761
110100016358038,5,金泰丽富嘉园,000015034485761
110100016358006,6,东坝中路,000015034485761
110100016358007,7,泓鑫家园,000015034485761
110100016358008,8,平房东口,000015034485761
110100016358009,9,平房,000015034485761
110100016358010,10,平房西口,000015034485761
110100016358011,11,姚家园西,000015034485761
110100016358012,12,豆各庄路口西,000015034485761
110100016358013,13,朝阳公园桥东,000015034485761
110100016358040,14,朝阳公园南门,000015034485761
110100016358041,15,甜水园街北口,000015034485761
110100016358042,16,团结湖,000015034485761
110100016358043,17,长虹桥西,000015034485761
110100016358044,18,三里屯,000015034485761
110100016358045,19,工人体育场,000015034485761
110100016358046,20,工人体育馆,000015034485761
110100016358047,21,东四十条桥东,000015034485761
110100016358048,22,东四十条桥西,000015034485761
110100016358049,23,海运仓,000015034485761
110100016358050,24,东直门北小街南口,000015034485761
110100016358051,25,东直门北小街北口,000015034485761
110100016358052,26,和平里南口,000015034485761
110100016358053,27,和平里路口北,000015034485761
110100016358054,28,和平里东街,000015034485761
110100016358058,29,和平东桥北,000015034485761
110100016358057,30,中日医院,000015034485761
110100016358055,31,对外经贸大学,000015034485761
110100016358056,32,惠新东桥南,000015034485761
110100016358033,33,惠新东桥西,000015034485761
110100016358034,34,安慧桥东,000015034485761
110100016358035,35,安慧桥北,000015034485761
110100016358036,36,炎黄艺术馆,000015034485761
110100016358037,37,慧忠里,000015034485761
