stationId,stopNumber,stopName,lineId
110100013981002,1,巴沟村,000000058495410
110100013981003,2,海淀南路西口,000000058495410
110100013981004,3,北京市地震局,000000058495410
110100013981005,4,万泉河桥东,000000058495410
110100013981006,5,六郎庄,000000058495410
110100013981007,6,火器营桥西,000000058495410
110100013981008,7,四海桥北,000000058495410
110100013981009,8,北营门,000000058495410
110100013981010,9,中坞,000000058495410
110100013981011,10,闵庄,000000058495410
110100013981012,11,小屯,000000058495410
110100013981013,12,四季香山小区,000000058495410
110100013981014,13,天香颐中里,000000058495410
110100013981015,14,天香颐北里,000000058495410
