stationId,stopNumber,stopName,lineId
110100014350002,1,大运村公交场站,000014286687410
110100014350003,2,大运村路北口,000014286687410
110100014350004,3,北京城市学院,000014286687410
110100014350005,4,学院桥西,000014286687410
110100014350006,5,学院桥东,000014286687410
110100014350007,6,志新桥西,000014286687410
110100014350008,7,健翔桥西,000014286687410
110100014350009,8,安翔桥北,000014286687410
110100014350010,9,南沙滩,000014286687410
110100014350011,10,北沙滩桥东,000014286687410
110100014350039,11,南沟泥河,000014286687410
110100014350043,12,中科院地理所,000014286687410
110100014350047,13,洼里南口,000014286687410
110100014350015,14,豹房,000014286687410
110100014350016,15,大屯东,000014286687410
110100014350017,16,地铁大屯路东站,000014286687410
110100014350037,17,北苑路大屯北站,000014286687410
110100014350019,18,辛店村,000014286687410
110100014350020,19,北苑,000014286687410
110100014350021,20,大羊坊南站,000014286687410
110100014350022,21,大羊坊,000014286687410
110100014350023,22,立水桥,000014286687410
110100014350038,23,立水桥北站,000014286687410
110100014350025,24,地铁立水桥站,000014286687410
110100014350026,25,东小口,000014286687410
110100014350027,26,天通苑西门,000014286687410
110100014350028,27,丽水园,000014286687410
110100014350029,28,天通苑太平庄,000014286687410
110100014350030,29,天通北苑一区南,000014286687410
110100014350048,30,天通北苑二区南,000014286687410
110100014350031,31,天通北苑三区南,000014286687410
110100014350046,32,天通北苑三区南门,000014286687410
110100014350032,33,白坊,000014286687410
110100014350033,34,天通北苑,000014286687410
110100014350034,35,燕丹路口,000014286687410
110100014350035,36,路新沥青厂,000014286687410
110100014350036,37,南七家,000014286687410
