stationId,stopNumber,stopName,lineId
110100015273002,1,莲花池南路,000000058476280
110100015273003,2,太平桥东里,000000058476280
110100015273004,3,华源三里,000000058476280
110100015273005,4,东局,000000058476280
110100015273006,5,东局南,000000058476280
110100015273052,6,三路居,000000058476280
110100015273054,7,中国戏曲学院(临时站),000000058476280
110100015273008,8,菜户营西站,000000058476280
110100015273040,9,右安门西,000000058476280
110100015273051,10,开阳桥东,000000058476280
110100015273010,11,陶然亭公园南门,000000058476280
110100015273011,12,永定门西,000000058476280
110100015273012,13,沙子口,000000058476280
110100015273013,14,木樨园桥北,000000058476280
110100015273055,15,木樨园桥东,000000058476280
110100015273056,16,刘家窑桥西,000000058476280
110100015273057,17,刘家窑桥南,000000058476280
110100015273058,18,榴乡路北站,000000058476280
110100015273059,19,榴乡路,000000058476280
110100015273060,20,榴乡路南站,000000058476280
110100015273061,21,六合庄村,000000058476280
110100015273062,22,庑殿桥南,000000058476280
110100015273063,23,德贤路北站,000000058476280
110100015273064,24,德贤路,000000058476280
110100015273024,25,清和园,000000058476280
110100015273025,26,吉庆庄,000000058476280
110100015273026,27,旧宫西口,000000058476280
110100015273065,28,清逸园,000000058476280
110100015273027,29,旧宫,000000058476280
110100015273028,30,旧宫东口,000000058476280
110100015273029,31,地铁旧宫站,000000058476280
110100015273066,32,旧宫北路,000000058476280
110100015273030,33,亦庄桥北,000000058476280
110100015273031,34,地铁亦庄桥站,000000058476280
110100015273032,35,贵园东里,000000058476280
110100015273033,36,新康家园,000000058476280
110100015273034,37,亦庄北环西路,000000058476280
110100015273035,38,荣华桥东,000000058476280
110100015273036,39,大羊坊桥西,000000058476280
110100015273037,40,大羊坊桥东,000000058476280
110100015273046,41,小羊坊,000000058476280
110100015273042,42,三羊里,000000058476280
110100015273039,43,经海二路公交场站,000000058476280
