stationId,stopNumber,stopName,lineId
110100015530001,1,韩庄子北,000000058676131
110100015530002,2,造甲村,000000058676131
110100015530038,3,造甲村东,000000058676131
110100015530003,4,新村,000000058676131
110100015530004,5,四合庄,000000058676131
110100015530005,6,首经贸西校区,000000058676131
110100015530039,7,樊羊路北口,000000058676131
110100015530006,8,樊家村,000000058676131
110100015530007,9,纪家庙,000000058676131
110100015530008,10,夏家胡同,000000058676131
110100015530009,11,丰益桥北,000000058676131
110100015530010,12,丽泽桥南,000000058676131
110100015530040,13,丽泽桥北,000000058676131
110100015530011,14,西局,000000058676131
110100015530012,15,六里桥南,000000058676131
110100015530013,16,六里桥东,000000058676131
110100015530014,17,莲花池,000000058676131
110100015530015,18,湾子,000000058676131
110100015530016,19,广外甘石桥,000000058676131
110100015530017,20,达官营,000000058676131
110100015530041,21,广外关厢,000000058676131
110100015530018,22,广安门内,000000058676131
110100015530042,23,牛街路口西,000000058676131
110100015530043,24,菜市口西,000000058676131
110100015530037,25,果子巷,000000058676131
110100015530020,26,虎坊桥路口西,000000058676131
110100015530021,27,虎坊桥路口东,000000058676131
110100015530044,28,万明路,000000058676131
110100015530022,29,板章路,000000058676131
110100015530023,30,过街楼,000000058676131
110100015530045,31,东城三里河,000000058676131
110100015530024,32,桥湾,000000058676131
110100015530046,33,水道子,000000058676131
110100015530025,34,磁器口西,000000058676131
110100015530026,35,榄杆市,000000058676131
110100015530027,36,培新街,000000058676131
110100015530047,37,安化楼,000000058676131
110100015530028,38,广渠门内,000000058676131
110100015530049,39,马圈,000000058676131
110100015530050,40,垂杨柳,000000058676131
110100015530051,41,双井桥西,000000058676131
110100015530052,42,双井桥东,000000058676131
110100015530048,43,九龙花园,000000058676131
110100015530053,44,珠江帝景,000000058676131
110100015530035,45,平乐园北,000000058676131
