stationId,stopNumber,stopName,lineId
110100013847022,1,玉泉路口北,000000058163910
110100013847004,2,玉泉路口南,000000058163910
110100013847020,3,北太平路口西,000000058163910
110100013847006,4,北太平路口南,000000058163910
110100013847007,5,青塔桥北,000000058163910
110100013847008,6,青塔蔚园,000000058163910
110100013847009,7,青塔西路北站,000000058163910
110100013847021,8,青塔西路,000000058163910
110100013847010,9,青塔西路南站,000000058163910
110100013847011,10,程庄路北口,000000058163910
110100013847012,11,程庄路,000000058163910
110100013847019,12,程庄路南口,000000058163910
110100013847013,13,南五里店,000000058163910
110100013847014,14,西道口,000000058163910
110100013847015,15,抗战雕塑园,000000058163910
110100013847016,16,晓月苑一里,000000058163910
110100013847017,17,晓月苑二里,000000058163910
110100013847018,18,晓月苑小区,000000058163910
