stationId,stopNumber,stopName,lineId
900000093700070,1,燕郊总站,000007760098461
900000093700071,2,燕郊冶金一局,000007760098461
900000093700072,3,燕郊冶金医院,000007760098461
900000093700073,4,燕郊冶金西区,000007760098461
900000093700074,5,燕郊首钢生活区,000007760098461
900000093700075,6,燕郊半壁店村,000007760098461
900000093700076,7,东蔡各庄,000007760098461
900000093700077,8,天洋城四代,000007760098461
900000093700078,9,夏威夷蓝湾小区,000007760098461
900000093700079,10,小柳店小学,000007760098461
900000093700080,11,西城子北,000007760098461
900000093700081,12,港中旅小区,000007760098461
900000093700082,13,燕达健康城,000007760098461
900000093700010,14,召里,000007760098461
900000093700011,15,召里南,000007760098461
900000093700012,16,后北营,000007760098461
900000093700013,17,后北营南站,000007760098461
900000093700014,18,前北营,000007760098461
900000093700007,19,东夏园路口东,000007760098461
900000093700008,20,地铁潞城站,000007760098461
