stationId,stopNumber,stopName,lineId
900000034398065,1,延庆火车站北广场,000000058699291
900000034398066,2,司家营,000000058699291
900000034398067,3,延庆南菜园,000000058699291
900000034398068,4,东关小区南门,000000058699291
900000034398069,5,延庆小营路口,000000058699291
900000034398070,6,湖北小区,000000058699291
900000034398071,7,石河营南门,000000058699291
900000034398034,8,延庆莲花池,000000058699291
900000034398052,9,延庆莲花池东,000000058699291
900000034398038,10,临河南,000000058699291
900000034398030,11,杨户庄村北,000000058699291
900000034398008,12,奚官营,000000058699291
900000034398031,13,阜高营西站,000000058699291
900000034398035,14,阜高营东站,000000058699291
900000034398060,15,南老君堂村西,000000058699291
900000034398010,16,南老君堂村,000000058699291
900000034398039,17,宝林寺村北,000000058699291
900000034398037,18,西小庄科村南,000000058699291
900000034398013,19,延庆东小营西,000000058699291
900000034398014,20,延庆东小营东,000000058699291
900000034398062,21,新华营村南,000000058699291
900000034398040,22,孔化营村北,000000058699291
900000034398041,23,小南园,000000058699291
900000034398047,24,永宁西关路口,000000058699291
900000034398042,25,永宁车站,000000058699291
900000034398043,26,永宁,000000058699291
900000034398061,27,利民街口,000000058699291
900000034398045,28,永宁东门口,000000058699291
900000034398046,29,永宁南关东,000000058699291
900000034398064,30,彭家窑路口,000000058699291
900000034398063,31,彭家窑村,000000058699291
900000034398026,32,南张庄站,000000058699291
900000034398027,33,西灰岭,000000058699291
900000034398028,34,头司,000000058699291
900000034398029,35,四司,000000058699291
