stationId,stopNumber,stopName,lineId
900000031496001,1,马匹营,000003077454790
900000031496024,2,后吕庄村东,000003077454790
900000031496028,3,后吕庄村,000003077454790
900000031496003,4,前吕庄,000003077454790
900000031496029,5,西王化营,000003077454790
900000031496032,6,西王化营村西,000003077454790
900000031496030,7,沈家营镇河东村,000003077454790
900000031496031,8,八里店路口,000003077454790
900000031496007,9,延庆八中,000003077454790
900000031496027,10,延庆东桥东,000003077454790
900000031496008,11,京张路口东,000003077454790
900000031496023,12,京张路口北,000003077454790
900000031496013,13,体育场小区,000003077454790
900000031496014,14,恒生市场,000003077454790
900000031496009,15,延庆二小,000003077454790
900000031496010,16,妫水北街南,000003077454790
900000031496011,17,延庆东关,000003077454790
900000031496017,18,东关小区南门,000003077454790
900000031496018,19,延庆小营路口,000003077454790
900000031496019,20,湖北小区,000003077454790
900000031496020,21,石河营南门,000003077454790
900000031496021,22,延庆五中,000003077454790
900000031496022,23,湖南小区,000003077454790
900000031496012,24,延庆南菜园,000003077454790
900000031496015,25,司家营,000003077454790
900000031496016,26,延庆火车站北广场,000003077454790
