stationId,stopNumber,stopName,lineId
110100014224044,1,酒仙桥公交场站,000001889057931
110100014224039,2,酒仙桥中心小学,000001889057931
110100014224040,3,酒仙桥南,000001889057931
110100014224013,4,酒仙桥,000001889057931
110100014224014,5,将台路口东,000001889057931
110100014224015,6,将台路东站,000001889057931
110100014224016,7,将台路东口,000001889057931
110100014224017,8,大陈各庄,000001889057931
110100014224018,9,东八间房,000001889057931
110100014224019,10,雍家村,000001889057931
110100014224020,11,北石家村,000001889057931
110100014224046,12,北岗子,000001889057931
110100014224023,13,南岗子,000001889057931
110100014224047,14,单店西路北口,000001889057931
110100014224045,15,单店北站,000001889057931
110100014224024,16,单店东,000001889057931
110100014224025,17,东坝家园西站,000001889057931
110100014224026,18,东坝家园东站,000001889057931
110100014224027,19,朝运街西站,000001889057931
110100014224028,20,铁十六局,000001889057931
110100014224029,21,朝运街,000001889057931
110100014224041,22,朝运街东站,000001889057931
110100014224048,23,华瀚福园小区北,000001889057931
110100014224030,24,三岔河,000001889057931
110100014224042,25,东岗子,000001889057931
110100014224031,26,马厂东,000001889057931
110100014224043,27,楼梓庄桥西,000001889057931
110100014224032,28,楼梓庄路口西,000001889057931
110100014224033,29,楼梓庄路口东,000001889057931
110100014224034,30,曹各庄,000001889057931
110100014224035,31,海洼子,000001889057931
110100014224036,32,皮村西口,000001889057931
110100014224037,33,朝阳农场,000001889057931
110100014224038,34,黎各庄,000001889057931
