stationId,stopNumber,stopName,lineId
110100011314003,1,定陵,000000058260511
110100011314004,2,定陵道口,000000058260511
110100011314069,3,七孔桥,000000058260511
110100011314006,4,昌平胡庄,000000058260511
110100011314023,5,昌平王庄,000000058260511
110100011314008,6,南新村,000000058260511
110100011314009,7,大宫门,000000058260511
110100011314010,8,昌平涧头村,000000058260511
110100011314011,9,明皇蜡像宫东门,000000058260511
110100011314012,10,昌平西关环岛西,000000058260511
110100011314013,11,邓庄,000000058260511
110100011314014,12,陈庄,000000058260511
110100011314015,13,红泥沟,000000058260511
110100011314045,14,南口路口西,000000058260511
110100011314057,15,南口村西站,000000058260511
110100011314058,16,南口村北站,000000058260511
110100011314059,17,臭泥坑村南,000000058260511
110100011314060,18,臭泥坑,000000058260511
110100011314061,19,东园村,000000058260511
110100011314062,20,南站村,000000058260511
110100011314063,21,居庸关村,000000058260511
110100011314064,22,三桥子路口,000000058260511
110100011314065,23,四桥子,000000058260511
110100011314067,24,石佛寺,000000058260511
110100011314070,25,八达岭长城,000000058260511
