stationId,stopNumber,stopName,lineId
900000083569001,1,西红门西站,000006955771890
900000083569002,2,地铁西红门站,000006955771890
900000083569003,3,宏福路,000006955771890
900000083569004,4,兴海公园,000006955771890
900000083569005,5,兴海学校,000006955771890
900000083569006,6,宏福路东口,000006955771890
900000083569015,7,西红门南站,000006955771890
900000083569008,8,郁花园,000006955771890
900000083569009,9,高米店,000006955771890
900000083569010,10,泰中花园,000006955771890
900000083569011,11,广阳大街,000006955771890
900000083569012,12,福苑东区,000006955771890
900000083569013,13,福苑西区,000006955771890
900000083569014,14,福苑小区,000006955771890
