stationId,stopNumber,stopName,lineId
110100013501002,1,弘燕公交场站,000000058405221
110100013501023,2,西大望南路,000000058405221
110100013501022,3,周家庄中路,000000058405221
110100013501004,4,小武基桥北,000000058405221
110100013501005,5,弘燕桥西,000000058405221
110100013501030,6,双龙小区,000000058405221
110100013501007,7,北京工业大学南门,000000058405221
110100013501008,8,松榆东里南门,000000058405221
110100013501025,9,武圣路南口,000000058405221
110100013501026,10,武圣路,000000058405221
110100013501027,11,武圣东里,000000058405221
110100013501028,12,农光东里,000000058405221
110100013501029,13,劲松桥东,000000058405221
110100013501014,14,劲松中街,000000058405221
110100013501015,15,光明桥东,000000058405221
110100013501016,16,广渠门,000000058405221
110100013501017,17,东便门,000000058405221
110100013501024,18,崇文门东,000000058405221
110100013501018,19,北京站西街,000000058405221
110100013501019,20,北京站东街,000000058405221
