stationId,stopNumber,stopName,lineId
900000020612001,1,厢白旗桥,000000058508891
900000020612002,2,荷清苑小区,000000058508891
900000020612003,3,大石桥北,000000058508891
900000020612004,4,大石桥,000000058508891
900000020612027,5,大石桥南,000000058508891
900000020612005,6,五道口,000000058508891
900000020612006,7,清华园,000000058508891
900000020612007,8,蓝旗营,000000058508891
900000020612008,9,中关园,000000058508891
900000020612022,10,中关村东,000000058508891
900000020612023,11,中关村一街,000000058508891
900000020612024,12,科学院南路北口,000000058508891
900000020612025,13,科学院小区,000000058508891
900000020612028,14,知春里路口南,000000058508891
900000020612026,15,双榆树公园,000000058508891
900000020612014,16,四通桥东,000000058508891
