stationId,stopNumber,stopName,lineId
110100016234051,1,大石窝公交场站,000009990965201
110100016234046,2,石窝,000009990965201
110100016234052,3,房山王庄道口,000009990965201
110100016234053,4,大石窝镇辛庄,000009990965201
110100016234049,5,黑天桥,000009990965201
110100016234054,6,北尚乐,000009990965201
110100016234055,7,南尚乐,000009990965201
110100016234056,8,塔照,000009990965201
110100016234057,9,广禄庄,000009990965201
110100016234058,10,南白岱,000009990965201
110100016234059,11,西白岱,000009990965201
110100016234067,12,西白岱西,000009990965201
110100016234060,13,房山史各庄村,000009990965201
110100016234003,14,张坊村,000009990965201
110100016234068,15,张坊公交场站,000009990965201
110100016234004,16,张坊镇政府,000009990965201
110100016234005,17,下寺路口,000009990965201
110100016234006,18,片上村,000009990965201
110100016234069,19,一渡南,000009990965201
110100016234007,20,一渡,000009990965201
110100016234061,21,二渡,000009990965201
110100016234062,22,三渡,000009990965201
110100016234010,23,四渡,000009990965201
110100016234011,24,五渡,000009990965201
110100016234066,25,六渡东,000009990965201
110100016234012,26,六渡,000009990965201
110100016234013,27,七渡,000009990965201
110100016234014,28,八渡,000009990965201
110100016234070,29,十渡卫生院,000009990965201
110100016234015,30,九渡,000009990965201
110100016234050,31,十渡南站,000009990965201
110100016234017,32,十渡北站,000009990965201
110100016234018,33,十渡中心小学,000009990965201
110100016234019,34,十渡蜂儿峪,000009990965201
110100016234020,35,东石片,000009990965201
110100016234021,36,西石片,000009990965201
110100016234022,37,马安,000009990965201
110100016234023,38,六合路口,000009990965201
110100016234024,39,卧龙黄花塌,000009990965201
110100016234025,40,卧龙村,000009990965201
110100016234026,41,卧龙苏家沟,000009990965201
110100016234027,42,卧龙郭里片,000009990965201
110100016234028,43,卧龙窟窿湖,000009990965201
110100016234029,44,两峪口,000009990965201
110100016234030,45,东太平南站(东行),000009990965201
110100016234031,46,东太平村口,000009990965201
110100016234032,47,东太平南站(西行),000009990965201
110100016234063,48,西太平南站,000009990965201
110100016234033,49,西太平,000009990965201
110100016234065,50,西太平北站,000009990965201
