stationId,stopNumber,stopName,lineId
110100013587033,1,石景山,000001889057901
110100013587037,2,北辛安,000001889057901
110100013587038,3,地铁北辛安站,000001889057901
110100013587034,4,田顺庄,000001889057901
110100013587035,5,首钢厂东门,000001889057901
110100013587036,6,老古城,000001889057901
110100013587007,7,石景山古城,000001889057901
110100013587008,8,八角,000001889057901
110100013587009,9,京燕饭店,000001889057901
110100013587010,10,京原路口东,000001889057901
110100013587011,11,京原东站,000001889057901
110100013587012,12,老山,000001889057901
110100013587013,13,地铁八宝山站,000001889057901
110100013587014,14,八宝山,000001889057901
110100013587015,15,玉泉路口西,000001889057901
110100013587016,16,永定路口西,000001889057901
110100013587017,17,五棵松桥东,000001889057901
110100013587018,18,沙沟路口西,000001889057901
110100013587019,19,东翠路口,000001889057901
110100013587020,20,万寿路口西,000001889057901
110100013587021,21,翠微路口,000001889057901
110100013587022,22,公主坟西,000001889057901
