stationId,stopNumber,stopName,lineId
110100016161002,1,地铁苹果园站,000000058698731
110100016161003,2,金顶南路,000000058698731
110100016161004,3,金安桥西,000000058698731
110100016161005,4,首钢小西门,000000058698731
110100016161006,5,广宁村,000000058698731
110100016161007,6,石景山火车站,000000058698731
110100016161008,7,麻峪北口,000000058698731
110100016161009,8,侯庄子,000000058698731
110100016161027,9,龙泉花园,000000058698731
110100016161028,10,绿岛家园,000000058698731
110100016161012,11,河滩北站,000000058698731
110100016161013,12,城子,000000058698731
110100016161026,13,城子北站,000000058698731
110100016161014,14,琉璃渠,000000058698731
110100016161015,15,龙泉务,000000058698731
110100016161029,16,龙泉务北口,000000058698731
110100016161030,17,陈家庄,000000058698731
110100016161016,18,野溪,000000058698731
110100016161017,19,嬉水湾,000000058698731
110100016161031,20,陇驾庄东口,000000058698731
110100016161018,21,陇驾庄,000000058698731
110100016161019,22,陇驾庄西口,000000058698731
110100016161020,23,丁家滩,000000058698731
110100016161053,24,下苇甸桥,000000058698731
110100016161054,25,石古岩,000000058698731
110100016161032,26,西石古岩,000000058698731
110100016161033,27,色树坟,000000058698731
110100016161034,28,色树坟西,000000058698731
110100016161035,29,王平村,000000058698731
110100016161036,30,王平村北,000000058698731
110100016161037,31,惠和新苑西口,000000058698731
110100016161038,32,落坡岭,000000058698731
110100016161039,33,清水涧,000000058698731
110100016161040,34,清水涧北,000000058698731
110100016161041,35,安家庄,000000058698731
110100016161042,36,十八潭,000000058698731
110100016161043,37,河南台,000000058698731
110100016161044,38,雁翅,000000058698731
110100016161057,39,大岩台(临时站),000000058698731
110100016161045,40,芹峪口,000000058698731
110100016161056,41,苇子水西口,000000058698731
110100016161047,42,苇子水,000000058698731
110100016161048,43,田庄村,000000058698731
110100016161055,44,田庄东口,000000058698731
110100016161049,45,松树,000000058698731
110100016161050,46,高台,000000058698731
110100016161051,47,淤白,000000058698731
110100016161052,48,泗家水,000000058698731
