stationId,stopNumber,stopName,lineId
110100015033081,1,怀柔汽车站,000000058276471
110100015033071,2,怀柔招商局,000000058276471
110100015033072,3,下元,000000058276471
110100015033073,4,于家园,000000058276471
110100015033074,5,于家园一区,000000058276471
110100015033076,6,杨家园,000000058276471
110100015033086,7,滨湖小区,000000058276471
110100015033087,8,后横街,000000058276471
110100015033088,9,怀柔商业街东口,000000058276471
110100015033089,10,迎宾路南口,000000058276471
110100015033014,11,南华,000000058276471
110100015033092,12,华欣湾小区,000000058276471
110100015033015,13,庙城东,000000058276471
110100015033060,14,怀柔桥北,000000058276471
110100015033016,15,焦村,000000058276471
110100015033017,16,赵各庄,000000058276471
110100015033018,17,龙王头,000000058276471
110100015033019,18,富各庄,000000058276471
110100015033090,19,北军营,000000058276471
110100015033091,20,牛栏山站,000000058276471
110100015033021,21,牛栏山路口,000000058276471
110100015033023,22,后晏子,000000058276471
110100015033024,23,姚各庄,000000058276471
110100015033025,24,荆卷,000000058276471
110100015033027,25,秦武姚东,000000058276471
110100015033049,26,顺义白各庄,000000058276471
110100015033050,27,泥河村,000000058276471
110100015033029,28,衙门村,000000058276471
110100015033030,29,杜兰庄,000000058276471
110100015033031,30,金马工业开发区,000000058276471
110100015033051,31,地铁后沙峪站,000000058276471
110100015033032,32,火神营,000000058276471
110100015033052,33,顺义铁匠营,000000058276471
110100015033083,34,喇苏营北,000000058276471
110100015033084,35,喇苏营,000000058276471
110100015033053,36,地铁花梨坎站,000000058276471
110100015033054,37,花梨坎,000000058276471
110100015033055,38,地铁国展站,000000058276471
110100015033056,39,顺义马连店,000000058276471
110100015033036,40,孙河,000000058276471
110100015033082,41,东郊农场,000000058276471
110100015033057,42,北皋,000000058276471
110100015033085,43,东辛店,000000058276471
110100015033038,44,大山桥西,000000058276471
110100015033039,45,京密路丽都饭店,000000058276471
110100015033040,46,三元桥,000000058276471
110100015033041,47,左家庄,000000058276471
110100015033042,48,东直门枢纽站,000000058276471
