stationId,stopNumber,stopName,lineId
900000074260001,1,苏家坨公交场站,000005819576391
900000074260002,2,同泽园西里东门,000005819576391
900000074260003,3,同泽园东里北门,000005819576391
900000074260004,4,后沙涧路,000005819576391
900000074260005,5,前沙涧村,000005819576391
900000074260006,6,凤仪佳苑八里,000005819576391
900000074260007,7,凤仪佳苑七里,000005819576391
900000074260042,8,凤仪佳苑六里,000005819576391
900000074260008,9,稻香湖桥西,000005819576391
900000074260009,10,稻香湖,000005819576391
900000074260010,11,西小营,000005819576391
900000074260011,12,西小营南站,000005819576391
900000074260012,13,高里掌,000005819576391
900000074260013,14,温泉辛庄北站,000005819576391
900000074260014,15,温泉辛庄,000005819576391
900000074260015,16,温泉,000005819576391
900000074260016,17,温泉苗圃,000005819576391
900000074260017,18,白家疃西口,000005819576391
900000074260018,19,白家疃东口,000005819576391
900000074260019,20,杨家庄,000005819576391
900000074260020,21,温泉路东口,000005819576391
900000074260021,22,太舟坞,000005819576391
900000074260030,23,冷泉村北,000005819576391
900000074260022,24,屯佃大桥,000005819576391
900000074260031,25,画眉山路,000005819576391
900000074260032,26,画眉山路东,000005819576391
900000074260033,27,颐和山庄南站,000005819576391
900000074260044,28,颐和山庄,000005819576391
900000074260043,29,永靓家园北,000005819576391
900000074260035,30,赵家庄南,000005819576391
900000074260040,31,百旺新城,000005819576391
900000074260037,32,后厂村路西口,000005819576391
900000074260038,33,西北旺二街,000005819576391
900000074260041,34,土井村南口,000005819576391
900000074260029,35,土井村西口,000005819576391
