stationId,stopNumber,stopName,lineId
900000093681001,1,潮白河孔雀城,000013577376631
900000093681022,2,汇景园小区,000013577376631
900000093681002,3,潮白河英国宫小区,000013577376631
900000093681003,4,潮白河滨河大道,000013577376631
900000093681023,5,潮白新城规划馆,000013577376631
900000093681004,6,幸福港湾路口,000013577376631
900000093681005,7,侯谭路口,000013577376631
900000093681017,8,潮白馨居,000013577376631
900000093681028,9,友谊大桥东,000013577376631
900000093681018,10,兴各庄,000013577376631
900000093681024,11,贾武路口东,000013577376631
900000093681020,12,甘棠,000013577376631
900000093681007,13,甘棠桥西,000013577376631
900000093681008,14,曹坨村,000013577376631
900000093681009,15,大豆各庄,000013577376631
900000093681019,16,小豆各庄,000013577376631
900000093681010,17,小甘棠村,000013577376631
900000093681011,18,武窑村北,000013577376631
900000093681025,19,大甘棠村,000013577376631
900000093681021,20,大运河森林公园南门,000013577376631
900000093681016,21,梁各庄北,000013577376631
900000093681027,22,绿心公园东南门,000013577376631
900000093681026,23,绿心公园东门,000013577376631
900000093681013,24,大运河森林公园,000013577376631
900000093681029,25,东夏园路口北,000013577376631
900000093681030,26,东夏园枢纽站,000013577376631
