stationId,stopNumber,stopName,lineId
110100014178002,1,杨坨,000000058180201
110100014178003,2,杨坨煤厂,000000058180201
110100014178004,3,王家湾,000000058180201
110100014178005,4,灰口,000000058180201
110100014178006,5,寨口水泥厂,000000058180201
110100014178007,6,寨口,000000058180201
110100014178008,7,大觉寺,000000058180201
110100014178026,8,大觉寺东站,000000058180201
110100014178010,9,周家巷,000000058180201
110100014178027,10,南安河东,000000058180201
110100014178011,11,温泉西口,000000058180201
110100014178012,12,温泉村,000000058180201
110100014178035,13,温泉北站,000000058180201
110100014178036,14,温泉辛庄,000000058180201
110100014178037,15,温泉辛庄北站,000000058180201
110100014178033,16,高里掌,000000058180201
110100014178034,17,高里掌东站,000000058180201
110100014178038,18,地铁稻香湖路站南,000000058180201
110100014178032,19,环保科技园,000000058180201
110100014178040,20,紫雀路,000000058180201
