stationId,stopNumber,stopName,lineId
110100015477001,1,北京站东,000000058666101
110100015477002,2,北京站西,000000058666101
110100015477003,3,北京站西街,000000058666101
110100015477004,4,台基厂路口东,000000058666101
110100015477005,5,王府井路口北,000000058666101
110100015477006,6,校尉胡同,000000058666101
110100015477023,7,米市大街,000000058666101
110100015477024,8,灯市东口,000000058666101
110100015477007,9,灯市西口,000000058666101
110100015477008,10,美术馆北,000000058666101
110100015477009,11,大佛寺,000000058666101
110100015477010,12,宽街路口南,000000058666101
110100015477011,13,南锣鼓巷,000000058666101
110100015477012,14,地安门东,000000058666101
110100015477013,15,北海北门,000000058666101
110100015477014,16,东官房,000000058666101
110100015477015,17,厂桥路口东,000000058666101
110100015477016,18,平安里路口西,000000058666101
110100015477017,19,平安医院,000000058666101
110100015477018,20,官园,000000058666101
110100015477022,21,车公庄西,000000058666101
110100015477021,22,西直门公交场站,000000058666101
