stationId,stopNumber,stopName,lineId
110100015141002,1,北土城公交场站,000000058280020
110100015141034,2,安贞西里,000000058280020
110100015141035,3,安华桥北,000000058280020
110100015141036,4,安华桥南,000000058280020
110100015141037,5,黄寺大街东口,000000058280020
110100015141038,6,黄寺,000000058280020
110100015141039,7,阳光丽景小区,000000058280020
110100015141040,8,黄寺大街西口,000000058280020
110100015141041,9,马甸桥南,000000058280020
110100015141042,10,德外关厢,000000058280020
110100015141043,11,新康路,000000058280020
110100015141009,12,北京师范大学南门,000000058280020
110100015141010,13,北京邮电大学南门,000000058280020
110100015141044,14,明光村,000000058280020
110100015141011,15,明光村西站,000000058280020
110100015141012,16,皂君庙,000000058280020
110100015141013,17,大柳树北站,000000058280020
110100015141014,18,大慧寺路东口,000000058280020
110100015141015,19,大慧寺路西口,000000058280020
110100015141016,20,中央民族大学,000000058280020
110100015141017,21,国家图书馆,000000058280020
110100015141018,22,白石桥南,000000058280020
110100015141019,23,四道口南,000000058280020
110100015141020,24,首体南路南口,000000058280020
110100015141021,25,白堆子口西,000000058280020
110100015141022,26,马神庙,000000058280020
110100015141023,27,航天桥东,000000058280020
110100015141024,28,航天桥西,000000058280020
110100015141025,29,西钓鱼台,000000058280020
110100015141026,30,恩济东街南口,000000058280020
110100015141027,31,恩济东街,000000058280020
110100015141028,32,恩济东街北口,000000058280020
110100015141030,33,恩济里小区北,000000058280020
110100015141029,34,海淀五路居,000000058280020
