stationId,stopNumber,stopName,lineId
110100014197048,1,索家园街,000000058184641
110100014197044,2,水岸家园南,000000058184641
110100014197045,3,水岸家园北,000000058184641
110100014197046,4,东埠头路西口,000000058184641
110100014197036,5,环保科技园,000000058184641
110100014197049,6,地铁稻香湖路站南,000000058184641
110100014197015,7,高里掌东站,000000058184641
110100014197016,8,高里掌,000000058184641
110100014197037,9,西小营南站,000000058184641
110100014197017,10,西小营,000000058184641
110100014197018,11,稻香湖,000000058184641
110100014197019,12,前沙涧,000000058184641
110100014197020,13,后沙涧,000000058184641
110100014197021,14,沙阳路口南,000000058184641
110100014197043,15,沙阳路口,000000058184641
110100014197022,16,西贯市,000000058184641
110100014197023,17,阳坊南站,000000058184641
110100014197024,18,阳坊,000000058184641
110100014197047,19,阳坊村,000000058184641
110100014197025,20,阳坊北站,000000058184641
110100014197039,21,坦克博物馆南,000000058184641
110100014197040,22,坦克博物馆,000000058184641
110100014197041,23,葛村,000000058184641
110100014197042,24,土楼村,000000058184641
