stationId,stopNumber,stopName,lineId
900000019426028,1,环球度假区,000000058533880
900000019426030,2,环球大道东口,000000058533880
900000019426031,3,颐瑞东路,000000058533880
900000019426001,4,高楼金村,000000058533880
900000019426029,5,地铁高楼金站,000000058533880
900000019426003,6,颐瑞中二路南口,000000058533880
900000019426004,7,颐瑞中二路,000000058533880
900000019426032,8,颐瑞中二路北口,000000058533880
900000019426005,9,地铁临河里站,000000058533880
900000019426006,10,通州小街桥东,000000058533880
900000019426007,11,地铁梨园站,000000058533880
900000019426008,12,梨园北街西口,000000058533880
900000019426009,13,玉桥西路南口,000000058533880
900000019426033,14,玉桥西路,000000058533880
900000019426010,15,艺苑东街西口,000000058533880
900000019426011,16,通州南关,000000058533880
900000019426012,17,北小园,000000058533880
900000019426013,18,西上园小区西门,000000058533880
900000019426015,19,通州东关,000000058533880
900000019426016,20,东关大桥,000000058533880
900000019426017,21,百合湾小区,000000058533880
900000019426018,22,耿庄桥南,000000058533880
900000019426019,23,耿庄桥北,000000058533880
900000019426022,24,小潞邑,000000058533880
900000019426023,25,新潮嘉园一区,000000058533880
900000019426024,26,新潮嘉园二区,000000058533880
900000019426034,27,新潮嘉园三区,000000058533880
900000019426026,28,六合桥路口北,000000058533880
900000019426027,29,疃里大街东口,000000058533880
900000019426025,30,疃里公交场站,000000058533880
