stationId,stopNumber,stopName,lineId
900000132314001,1,地铁长阳站,000011338886771
900000132314026,2,长政北街南口,000011338886771
900000132314027,3,首开熙悦山小区,000011338886771
900000132314028,4,长阳镇温馨家园,000011338886771
900000132314029,5,稻田村南,000011338886771
900000132314005,6,宜居园,000011338886771
900000132314006,7,稻田回迁楼小区南,000011338886771
900000132314020,8,高佃一路南口,000011338886771
900000132314021,9,高佃一路,000011338886771
900000132314007,10,地铁稻田站南,000011338886771
900000132314008,11,地铁稻田站北,000011338886771
900000132314009,12,金域缇香小区,000011338886771
900000132314010,13,靠山居艺墅,000011338886771
900000132314011,14,靠山居艺墅北,000011338886771
900000132314017,15,长龙苑小区,000011338886771
900000132314024,16,温庄子家园,000011338886771
900000132314025,17,大宁山庄小区,000011338886771
900000132314015,18,大宁山庄西门,000011338886771
