stationId,stopNumber,stopName,lineId
110100013610002,1,凤凰岭,000000058444180
110100013610058,2,台头村,000000058444180
110100013610059,3,聂各庄,000000058444180
110100013610053,4,北安河北路东口,000000058444180
110100013610054,5,西埠头河滩,000000058444180
110100013610055,6,西埠头,000000058444180
110100013610056,7,草场,000000058444180
110100013610057,8,九王坟,000000058444180
110100013610043,9,北安河西口,000000058444180
110100013610044,10,北安河,000000058444180
110100013610045,11,周家巷,000000058444180
110100013610046,12,南安河东,000000058444180
110100013610047,13,温泉西口,000000058444180
110100013610048,14,温泉村,000000058444180
110100013610015,15,温泉,000000058444180
110100013610032,16,温泉苗圃,000000058444180
110100013610016,17,白家疃西口,000000058444180
110100013610033,18,白家疃东口,000000058444180
110100013610017,19,杨家庄,000000058444180
110100013610034,20,温泉路东口,000000058444180
110100013610018,21,太舟坞,000000058444180
110100013610035,22,冷泉村北,000000058444180
110100013610036,23,屯佃大桥,000000058444180
110100013610037,24,亮甲店西站,000000058444180
110100013610038,25,亮甲店,000000058444180
110100013610039,26,回民公墓,000000058444180
110100013610019,27,西北旺,000000058444180
110100013610040,28,黑山扈北口,000000058444180
110100013610020,29,黑山扈,000000058444180
110100013610029,30,国防大学,000000058444180
110100013610030,31,红山口,000000058444180
110100013610022,32,安河桥,000000058444180
110100013610023,33,颐和园北宫门,000000058444180
110100013610024,34,地铁北宫门站,000000058444180
110100013610042,35,颐和园,000000058444180
110100013610041,36,西苑北站,000000058444180
