stationId,stopNumber,stopName,lineId
110100014451002,1,西胡林,000012532585551
110100014451061,2,榆垡开发区东站,000012532585551
110100014451062,3,榆垡文化广场东,000012532585551
110100014451063,4,榆垡文化广场,000012532585551
110100014451006,5,求贤村,000012532585551
110100014451053,6,求贤村北,000012532585551
110100014451007,7,大练庄,000012532585551
110100014451054,8,大练庄北,000012532585551
110100014451055,9,翁麻路口,000012532585551
110100014451008,10,邓家屯,000012532585551
110100014451064,11,履磕村南,000012532585551
110100014451069,12,履东路口,000012532585551
110100014451009,13,履磕村,000012532585551
110100014451010,14,大兴郭家场,000012532585551
110100014451011,15,常各庄,000012532585551
110100014451058,16,福上村南,000012532585551
110100014451012,17,福上村,000012532585551
110100014451013,18,大兴定福庄南站,000012532585551
110100014451014,19,大兴定福庄,000012532585551
110100014451015,20,梁家务,000012532585551
110100014451016,21,张公垡,000012532585551
110100014451017,22,东南次,000012532585551
110100014451018,23,薛营南站,000012532585551
110100014451019,24,薛营,000012532585551
110100014451020,25,庞各庄南站,000012532585551
110100014451021,26,瓜乡桥,000012532585551
110100014451022,27,庞各庄民生村,000012532585551
110100014451023,28,庞各庄,000012532585551
110100014451024,29,中堡,000012532585551
110100014451025,30,中堡北站,000012532585551
110100014451026,31,天堂公墓西,000012532585551
110100014451027,32,兆丰桥,000012532585551
110100014451028,33,地铁天宫院站,000012532585551
110100014451029,34,天宫院小区,000012532585551
110100014451030,35,地铁生物医药基地站,000012532585551
110100014451031,36,韩园子北,000012532585551
110100014451032,37,大庄,000012532585551
110100014451033,38,兴良路东口,000012532585551
110100014451034,39,大兴桥北,000012532585551
110100014451035,40,兴政街东口,000012532585551
110100014451036,41,黄村东大街东口,000012532585551
110100014451037,42,三中巷,000012532585551
110100014451067,43,利民巷,000012532585551
110100014451038,44,富强路,000012532585551
110100014451039,45,仁和医院,000012532585551
110100014451040,46,大兴中医院,000012532585551
110100014451041,47,清源西里北站,000012532585551
110100014451042,48,滨河西里,000012532585551
110100014451043,49,兴华园,000012532585551
110100014451044,50,大兴小营,000012532585551
110100014451045,51,洪村,000012532585551
110100014451046,52,康和园小区南,000012532585551
110100014451047,53,北京八中大兴分校,000012532585551
110100014451048,54,骏城小区南,000012532585551
110100014451068,55,兴泰街路口东,000012532585551
110100014451049,56,兴康家园北门,000012532585551
110100014451066,57,丽园路公交场站,000012532585551
