stationId,stopNumber,stopName,lineId
110100013579002,1,安宁庄东路南口,000008781321991
110100013579003,2,安宁庄前街东口,000008781321991
110100013579004,3,安宁庄前街西口,000008781321991
110100013579005,4,当代城市家园,000008781321991
110100013579006,5,西二旗,000008781321991
110100013579007,6,西二旗大街,000008781321991
110100013579008,7,地铁西二旗站南,000008781321991
110100013579009,8,软件园广场,000008781321991
110100013579010,9,东北旺北,000008781321991
110100013579045,10,软件园北站,000008781321991
110100013579012,11,后厂村路,000008781321991
110100013579013,12,夏霖园,000008781321991
110100013579014,13,中海枫涟山庄北门,000008781321991
110100013579015,14,百旺新城,000008781321991
110100013579016,15,西北旺东村,000008781321991
110100013579017,16,永丰路南站,000008781321991
110100013579018,17,圆明园西路北口,000008781321991
110100013579019,18,梅园,000008781321991
110100013579020,19,中国农业大学西校区,000008781321991
110100013579021,20,肖家河,000008781321991
110100013579022,21,小清河,000008781321991
110100013579023,22,骚子营,000008781321991
110100013579024,23,西苑,000008781321991
