stationId,stopNumber,stopName,lineId
900000057626042,1,东门营村,000004079840030
900000057626043,2,古崖居,000004079840030
900000057626044,3,胡家营北,000004079840030
900000057626045,4,佛峪口,000004079840030
900000057626046,5,延庆玉皇庙,000004079840030
900000057626047,6,玉渡山路口,000004079840030
900000057626048,7,野山峡景区,000004079840030
900000057626049,8,应梦寺,000004079840030
900000057626050,9,晏家堡村北,000004079840030
900000057626010,10,龙聚山庄,000004079840030
900000057626035,11,旧小路西,000004079840030
900000057626012,12,黄柏寺西,000004079840030
900000057626013,13,黄柏寺,000004079840030
900000057626014,14,韩郝庄西口,000004079840030
900000057626015,15,韩郝庄,000004079840030
900000057626016,16,龙庆峡路口,000004079840030
900000057626017,17,韩郝庄路口,000004079840030
900000057626051,18,延庆苏庄北,000004079840030
900000057626037,19,延庆苏庄,000004079840030
900000057626019,20,延庆上花园北口,000004079840030
900000057626020,21,延庆上花园村,000004079840030
900000057626021,22,延庆下花园村,000004079840030
900000057626022,23,沈家营镇河东村,000004079840030
900000057626023,24,八里店路口,000004079840030
900000057626024,25,延庆八中,000004079840030
900000057626032,26,延庆东桥东,000004079840030
900000057626025,27,京张路口东,000004079840030
900000057626026,28,石河营,000004079840030
900000057626027,29,川北小区南门,000004079840030
900000057626028,30,延庆东关,000004079840030
900000057626029,31,延庆南菜园,000004079840030
900000057626030,32,司家营,000004079840030
900000057626031,33,延庆火车站北广场,000004079840030
