stationId,stopNumber,stopName,lineId
110100014024039,1,疃里一区,000000058510691
110100014024040,2,通州李庄北,000000058510691
110100014024041,3,通州李庄,000000058510691
110100014024003,4,李庄佳苑,000000058510691
110100014024004,5,苏坨新村,000000058510691
110100014024038,6,友谊医院通州院区,000000058510691
110100014024006,7,耿庄桥北,000000058510691
110100014024007,8,耿庄桥南,000000058510691
110100014024008,9,水仙园小区,000000058510691
110100014024009,10,紫运中路,000000058510691
110100014024010,11,运河湾小区,000000058510691
110100014024029,12,运河明珠家园,000000058510691
110100014024011,13,东上园,000000058510691
110100014024012,14,西上园,000000058510691
110100014024013,15,北小园,000000058510691
110100014024014,16,通州南关,000000058510691
110100014024015,17,艺苑东街西口,000000058510691
110100014024024,18,葛布店东,000000058510691
110100014024043,19,葛布店,000000058510691
110100014024016,20,葛布店西,000000058510691
110100014024042,21,果园,000000058510691
110100014024017,22,翠屏北里北,000000058510691
110100014024018,23,翠屏北里,000000058510691
110100014024031,24,格瑞雅居小区,000000058510691
110100014024030,25,东直门医院通州院区,000000058510691
110100014024032,26,怡乐中街东口,000000058510691
110100014024025,27,翠屏南里,000000058510691
110100014024033,28,西小马,000000058510691
110100014024020,29,龙鼎家园,000000058510691
110100014024027,30,日新路北口,000000058510691
110100014024028,31,小稿村,000000058510691
110100014024023,32,万盛北街,000000058510691
110100014024034,33,大稿新村,000000058510691
110100014024037,34,大稿村南口,000000058510691
110100014024035,35,地铁万盛西站,000000058510691
110100014024036,36,万盛南街,000000058510691
