stationId,stopNumber,stopName,lineId
110100014578087,1,清河火车站,000011531333621
110100014578057,2,上地七街,000011531333621
110100014578058,3,上地五街,000011531333621
110100014578059,4,上地三街东口,000011531333621
110100014578073,5,上地桥东,000011531333621
110100014578074,6,朱房路西口,000011531333621
110100014578075,7,清河中街西口,000011531333621
110100014578076,8,清河中街,000011531333621
110100014578077,9,毛纺路南口,000011531333621
110100014578080,10,后八家路北口,000011531333621
110100014578078,11,八家嘉园,000011531333621
110100014578079,12,月泉路东口,000011531333621
110100014578008,13,学知园,000011531333621
110100014578009,14,静淑苑,000011531333621
110100014578010,15,学院路北口,000011531333621
110100014578011,16,成府路口南,000011531333621
110100014578012,17,北京航空航天大学,000011531333621
110100014578013,18,学知桥南,000011531333621
110100014578014,19,蓟门桥北,000011531333621
110100014578015,20,蓟门桥南,000011531333621
110100014578016,21,明光桥北,000011531333621
110100014578017,22,明光村,000011531333621
110100014578018,23,明光村西站,000011531333621
110100014578071,24,交大东路北口,000011531333621
110100014578019,25,北京交通大学东门,000011531333621
110100014578020,26,交大东路,000011531333621
110100014578021,27,北下关,000011531333621
110100014578022,28,北京交通大学,000011531333621
110100014578023,29,大柳树南站,000011531333621
110100014578024,30,大柳树北站,000011531333621
110100014578053,31,皂君庙西站,000011531333621
110100014578025,32,中国农业科学院南门,000011531333621
110100014578026,33,魏公村路,000011531333621
110100014578027,34,魏公村路西口,000011531333621
110100014578028,35,为公桥,000011531333621
110100014578029,36,万寿寺,000011531333621
110100014578047,37,紫竹桥北,000011531333621
110100014578030,38,紫竹桥南,000011531333621
110100014578031,39,花园桥南,000011531333621
110100014578032,40,航天桥南,000011531333621
110100014578033,41,八一湖,000011531333621
110100014578034,42,公主坟北,000011531333621
110100014578081,43,公主坟南站,000011531333621
110100014578082,44,六里桥北里,000011531333621
110100014578083,45,六里桥南,000011531333621
110100014578084,46,益丰苑,000011531333621
110100014578085,47,六里桥长途站,000011531333621
