stationId,stopNumber,stopName,lineId
110100014466002,1,固安西站,000000058246111
110100014466003,2,柏村路口,000000058246111
110100014466004,3,新中街西口,000000058246111
110100014466005,4,惠文街西口,000000058246111
110100014466039,5,新源街西口,000000058246111
110100014466042,6,育才路,000000058246111
110100014466008,7,新源街路口,000000058246111
110100014466038,8,惠文街东口(临时站),000000058246111
110100014466009,9,固安,000000058246111
110100014466010,10,刘园市场,000000058246111
110100014466011,11,东庄子村南,000000058246111
110100014466045,12,固安工业园区,000000058246111
110100014466013,13,河沿,000000058246111
110100014466014,14,东胡林,000000058246111
110100014466015,15,榆昌路东口,000000058246111
110100014466016,16,榆垡路东口,000000058246111
110100014466017,17,榆垡南站,000000058246111
110100014466018,18,榆垡,000000058246111
110100014466037,19,食品厂(临时站),000000058246111
110100014466019,20,大兴桥北,000000058246111
110100014466020,21,兴政街东口,000000058246111
110100014466021,22,黄村东大街东口北,000000058246111
110100014466022,23,团河路西口,000000058246111
110100014466023,24,清源路东口,000000058246111
110100014466024,25,滨河东里,000000058246111
110100014466033,26,康庄路东口,000000058246111
110100014466026,27,高米店,000000058246111
110100014466027,28,草桥,000000058246111
110100014466028,29,洋桥西,000000058246111
110100014466029,30,木樨园桥西,000000058246111
110100014466030,31,木樨园桥北,000000058246111
110100014466031,32,沙子口,000000058246111
110100014466032,33,永定门汽车站,000000058246111
