stationId,stopNumber,stopName,lineId
110100013624003,1,劲松中街,000000058149300
110100013624004,2,光明桥东,000000058149300
110100013624005,3,光明楼,000000058149300
110100013624006,4,龙潭公园,000000058149300
110100013624007,5,左安门内,000000058149300
110100013624008,6,左安门外,000000058149300
110100013624032,7,方庄桥北,000000058149300
110100013624009,8,分钟寺桥西,000000058149300
110100013624010,9,周家庄路西口,000000058149300
110100013624011,10,分钟寺,000000058149300
110100013624012,11,龙爪树,000000058149300
110100013624013,12,龙爪树南里,000000058149300
110100013624014,13,小红门桥北,000000058149300
110100013624029,14,肖村桥,000000058149300
110100013624030,15,姚村,000000058149300
110100013624031,16,小红门路口北,000000058149300
110100013624016,17,珊瑚桥南,000000058149300
110100013624017,18,旧宫北马路,000000058149300
110100013624033,19,旧宫东口,000000058149300
110100013624018,20,旧宫路口北,000000058149300
