stationId,stopNumber,stopName,lineId
110100015200014,1,高家堡,000012532585560
110100015200015,2,芦西路口,000012532585560
110100015200016,3,芦求路北口,000012532585560
110100015200017,4,郝庄子北,000012532585560
110100015200018,5,郝庄子,000012532585560
110100015200019,6,郝庄子南,000012532585560
110100015200020,7,芦城西口,000012532585560
110100015200021,8,芦城,000012532585560
110100015200022,9,黄鹅路,000012532585560
110100015200023,10,芦城南口,000012532585560
110100015200024,11,永兴庄北,000012532585560
110100015200025,12,清源西路,000012532585560
110100015200026,13,黄村公园,000012532585560
110100015200027,14,化纤俱乐部,000012532585560
110100015200002,15,大兴区医院,000012532585560
110100015200003,16,大兴影剧院,000012532585560
110100015200004,17,黄村东大街东口南,000012532585560
110100015200005,18,兴政街东口,000012532585560
110100015200006,19,大兴桥东,000012532585560
110100015200007,20,海子角北口站,000012532585560
110100015200028,21,海子角东口,000012532585560
110100015200032,22,绿色庄园,000012532585560
110100015200029,23,海子角,000012532585560
