stationId,stopNumber,stopName,lineId
900000167294001,1,首发物流,000015607874391
900000167294033,2,蓝光海悦城小区,000015607874391
900000167294034,3,月华小区,000015607874391
900000167294035,4,太平庄通尚苑,000015607874391
900000167294036,5,太平庄明慧嘉园,000015607874391
900000167294037,6,蝶翠苑,000015607874391
900000167294038,7,阎村车辆段,000015607874391
900000167294008,8,地铁阎村东站,000015607874391
900000167294009,9,后沿村,000015607874391
900000167294010,10,小紫草坞路口,000015607874391
900000167294011,11,房山张庄,000015607874391
900000167294012,12,南上岗路口,000015607874391
900000167294013,13,大马村,000015607874391
900000167294014,14,小马村,000015607874391
900000167294015,15,西庄户路口,000015607874391
900000167294016,16,房山果各庄村,000015607874391
900000167294017,17,房山果各庄北站,000015607874391
900000167294018,18,高家川,000015607874391
900000167294019,19,房山豆各庄路口,000015607874391
900000167294020,20,房山豆各庄,000015607874391
900000167294024,21,青龙湖路,000015607874391
900000167294023,22,宜青街小区,000015607874391
900000167294022,23,房山马家坟村,000015607874391
900000167294025,24,房山马家坟北口,000015607874391
900000167294026,25,小苑上村,000015607874391
900000167294027,26,小苑上北站,000015607874391
900000167294039,27,土洞南站,000015607874391
900000167294032,28,青龙湖镇水峪东口,000015607874391
900000167294028,29,青龙湖镇水峪,000015607874391
900000167294029,30,石梯,000015607874391
900000167294030,31,化工厂家属区,000015607874391
900000167294031,32,坨里北站,000015607874391
