stationId,stopNumber,stopName,lineId
110100011333002,1,昌平何营,000000058264131
110100011333003,2,小北哨,000000058264131
110100011333019,3,北邵洼,000000058264131
110100011333004,4,四合新村东,000000058264131
110100011333005,5,南环大桥东,000000058264131
110100011333006,6,南环大桥西,000000058264131
110100011333007,7,昌盛园北口,000000058264131
110100011333008,8,东关南里小区南门,000000058264131
110100011333009,9,南环东路,000000058264131
110100011333010,10,水关新村北,000000058264131
110100011333011,11,昌平南环路,000000058264131
110100011333012,12,南环中路,000000058264131
110100011333013,13,花样年华小区,000000058264131
110100011333014,14,水屯,000000058264131
110100011333015,15,水屯桥南,000000058264131
110100011333016,16,马甸桥南,000000058264131
110100011333020,17,德胜门西,000000058264131
