stationId,stopNumber,stopName,lineId
110100014299029,1,六圈路西口,000000058207650
110100014299030,2,外环西路南口,000000058207650
110100014299031,3,丰茂南路西口,000000058207650
110100014299032,4,海鹰路西口,000000058207650
110100014299033,5,航丰路西口,000000058207650
110100014299034,6,中核路西口,000000058207650
110100014299035,7,富丰桥西,000000058207650
110100014299004,8,看丹桥,000000058207650
110100014299026,9,正阳桥北,000000058207650
110100014299005,10,北大地,000000058207650
110100014299006,11,岔路口,000000058207650
110100014299007,12,丰台路口,000000058207650
110100014299008,13,六里桥北里,000000058207650
110100014299009,14,北京西站,000000058207650
110100014299027,15,复兴门南,000000058207650
110100014299010,16,北京儿童医院,000000058207650
110100014299011,17,阜成门北,000000058207650
110100014299012,18,西直门南,000000058207650
110100014299013,19,明光桥北,000000058207650
110100014299014,20,北太平桥西,000000058207650
110100014299015,21,马甸桥东,000000058207650
110100014299016,22,安贞西里,000000058207650
110100014299023,23,安贞医院北站,000000058207650
110100014299028,24,地铁安贞门站,000000058207650
110100014299018,25,奥体东门,000000058207650
110100014299019,26,安慧桥北,000000058207650
110100014299036,27,炎黄艺术馆,000000058207650
110100014299020,28,秀园,000000058207650
110100014299021,29,小营北路,000000058207650
110100014299022,30,嘉铭园,000000058207650
110100014299037,31,嘉铭园公交场站,000000058207650
