stationId,stopNumber,stopName,lineId
110100014061035,1,动物园枢纽站,000000058515120
110100014061032,2,北京展览馆,000000058515120
110100014061033,3,二里沟东口,000000058515120
110100014061034,4,百万庄东口,000000058515120
110100014061030,5,展览路,000000058515120
110100014061011,6,阜成门外,000000058515120
110100014061012,7,南礼士路北口,000000058515120
110100014061036,8,月坛公园,000000058515120
110100014061014,9,北京儿童医院西门,000000058515120
110100014061015,10,南礼士路南口,000000058515120
110100014061016,11,真武庙,000000058515120
110100014061017,12,西便门外,000000058515120
110100014061018,13,槐柏树街西口,000000058515120
110100014061019,14,核桃园,000000058515120
110100014061020,15,北线阁,000000058515120
110100014061021,16,南线阁,000000058515120
110100014061022,17,南线阁街南口,000000058515120
110100014061023,18,建功北里,000000058515120
110100014061024,19,南菜园路口南,000000058515120
110100014061025,20,大观园西门,000000058515120
110100014061026,21,大观园公交场站,000000058515120
