stationId,stopNumber,stopName,lineId
900000027309067,1,疃里二区,000000000022501
900000027309070,2,通州李庄北,000000000022501
900000027309069,3,通州李庄,000000000022501
900000027309053,4,李庄佳苑,000000000022501
900000027309002,5,苏坨新村,000000000022501
900000027309062,6,友谊医院通州院区,000000000022501
900000027309055,7,耿庄桥北,000000000022501
900000027309046,8,耿庄桥南,000000000022501
900000027309056,9,百合湾小区,000000000022501
900000027309048,10,东关大桥,000000000022501
900000027309047,11,地铁北运河西站,000000000022501
900000027309071,12,运河明珠家园,000000000022501
900000027309049,13,西上园,000000000022501
900000027309057,14,玉桥中路北口,000000000022501
900000027309045,15,玉桥中路,000000000022501
900000027309012,16,通州交通队,000000000022501
900000027309058,17,玉桥西路南口,000000000022501
900000027309014,18,梨园北街西口,000000000022501
900000027309015,19,杨家洼,000000000022501
900000027309061,20,九棵树,000000000022501
900000027309017,21,地铁九棵树站,000000000022501
900000027309066,22,果园西,000000000022501
900000027309022,23,翠屏北里北,000000000022501
900000027309019,24,翠屏北里,000000000022501
900000027309023,25,格瑞雅居小区,000000000022501
900000027309020,26,东直门医院通州院区,000000000022501
