stationId,stopNumber,stopName,lineId
110100015713002,1,辛庄,000000058409880
110100015713032,2,豆各庄,000000058409880
110100015713030,3,豆各庄路口北,000000058409880
110100015713004,4,豆各庄路口西,000000058409880
110100015713005,5,朝阳公园桥东,000000058409880
110100015713027,6,朝阳公园南门,000000058409880
110100015713007,7,甜水园街北口,000000058409880
110100015713008,8,团结湖,000000058409880
110100015713031,9,农业展览馆,000000058409880
110100015713009,10,亮马桥,000000058409880
110100015713010,11,三元桥南,000000058409880
110100015713011,12,静安庄西,000000058409880
110100015713012,13,西坝河,000000058409880
110100015713013,14,安贞桥东,000000058409880
110100015713014,15,安贞桥西,000000058409880
110100015713015,16,安华桥西,000000058409880
110100015713016,17,马甸桥东,000000058409880
110100015713017,18,北太平桥西,000000058409880
110100015713018,19,蓟门桥西,000000058409880
110100015713019,20,四通桥东,000000058409880
110100015713028,21,人民大学,000000058409880
110100015713020,22,海淀黄庄南,000000058409880
110100015713029,23,海淀黄庄北,000000058409880
110100015713021,24,中关村南,000000058409880
110100015713022,25,中关村西,000000058409880
110100015713023,26,海淀桥东,000000058409880
110100015713024,27,北京市地震局,000000058409880
110100015713025,28,海淀南路西口,000000058409880
110100015713026,29,巴沟村,000000058409880
