stationId,stopNumber,stopName,lineId
900000125643001,1,房山汽车站,000010522051011
900000125643002,2,房山医院路口,000010522051011
900000125643003,3,房山体育场,000010522051011
900000125643004,4,地铁房山城关站,000010522051011
900000125643005,5,房山北关,000010522051011
900000125643006,6,富燕新村,000010522051011
900000125643007,7,宏塔小区,000010522051011
900000125643008,8,燕山体育馆,000010522051011
900000125643009,9,燕山北庄,000010522051011
900000125643010,10,燕化聚酯厂,000010522051011
900000125643011,11,燕化动力厂北,000010522051011
900000125643012,12,前朱各庄,000010522051011
900000125643013,13,后朱各庄,000010522051011
900000125643014,14,燕山工业区南站,000010522051011
900000125643091,15,后朱各庄村北,000010522051011
900000125643015,16,东流水村东,000010522051011
900000125643016,17,东流水,000010522051011
900000125643092,18,东流水北,000010522051011
900000125643085,19,燕山东风,000010522051011
900000125643018,20,燕山羊耳峪,000010522051011
900000125643019,21,燕山东岭,000010522051011
900000125643020,22,南观路口,000010522051011
900000125643021,23,房山矿家属区南,000010522051011
900000125643022,24,房山矿家属区北,000010522051011
900000125643023,25,万佛堂,000010522051011
900000125643024,26,万佛堂路口,000010522051011
900000125643081,27,磁家务,000010522051011
900000125643082,28,磁家务北站,000010522051011
900000125643083,29,河北镇半壁店村口,000010522051011
900000125643084,30,河北镇半壁店,000010522051011
900000125643029,31,石花洞路口,000010522051011
900000125643030,32,三福村路口,000010522051011
900000125643031,33,三福村,000010522051011
900000125643032,34,三福村西,000010522051011
900000125643033,35,河东村,000010522051011
900000125643086,36,东庄子南,000010522051011
900000125643034,37,东庄子,000010522051011
900000125643087,38,河北法庭,000010522051011
900000125643035,39,李各庄,000010522051011
900000125643036,40,河北镇邮局,000010522051011
900000125643088,41,房山河南村口,000010522051011
900000125643037,42,河北镇辛庄,000010522051011
900000125643089,43,辛庄检查站,000010522051011
900000125643038,44,陈家台东,000010522051011
900000125643039,45,陈家台,000010522051011
900000125643040,46,班各庄,000010522051011
900000125643041,47,佛子庄乡政府,000010522051011
900000125643042,48,黑龙关,000010522051011
900000125643043,49,佛子庄乡南河,000010522051011
900000125643044,50,银狐洞路口,000010522051011
900000125643093,51,佛子庄桥,000010522051011
900000125643045,52,佛子庄西口,000010522051011
900000125643090,53,西大地,000010522051011
900000125643046,54,红煤厂公交场站,000010522051011
900000125643047,55,南窖路口,000010522051011
900000125643048,56,红煤厂路口,000010522051011
900000125643049,57,长操桥,000010522051011
900000125643050,58,长操,000010522051011
900000125643051,59,长操北,000010522051011
900000125643052,60,房山二道河,000010522051011
900000125643053,61,房山四道河,000010522051011
900000125643054,62,房山五道河,000010522051011
900000125643055,63,山川,000010522051011
900000125643056,64,大港,000010522051011
900000125643057,65,房山石板房路口,000010522051011
900000125643099,66,九道河西,000010522051011
900000125643094,67,六马堂桥南,000010522051011
900000125643058,68,贾峪口东,000010522051011
900000125643059,69,贾峪口检查站,000010522051011
900000125643060,70,鸳鸯水东,000010522051011
900000125643061,71,鸳鸯水,000010522051011
900000125643062,72,柳林水,000010522051011
900000125643063,73,杨林水东,000010522051011
900000125643064,74,杨林水路口,000010522051011
900000125643065,75,圣莲山,000010522051011
900000125643066,76,金鸡台路口,000010522051011
900000125643067,77,大雁台,000010522051011
900000125643068,78,青土涧下沟口,000010522051011
900000125643069,79,底炉下口,000010522051011
900000125643070,80,底炉上口,000010522051011
900000125643071,81,西江口(东行),000010522051011
900000125643072,82,东江口(东行),000010522051011
900000125643095,83,金鸡台(北行),000010522051011
900000125643096,84,金鸡台北站,000010522051011
900000125643097,85,东江口(西行),000010522051011
900000125643098,86,西江口(西行),000010522051011
900000125643078,87,青土涧,000010522051011
