stationId,stopNumber,stopName,lineId
110100013268044,1,七里庄,000014286687261
110100013268008,2,郑常庄,000014286687261
110100013268009,3,五棵松桥南,000014286687261
110100013268048,4,五路桥,000014286687261
110100013268010,5,营慧寺,000014286687261
110100013268011,6,四季青桥南,000014286687261
110100013268012,7,东冉村,000014286687261
110100013268013,8,中关村西,000014286687261
110100013268014,9,中关村一街,000014286687261
110100013268015,10,保福寺桥西,000014286687261
110100013268016,11,北京城市学院,000014286687261
110100013268017,12,学院桥东,000014286687261
110100013268018,13,安慧桥东,000014286687261
110100013268019,14,惠新东桥东,000014286687261
110100013268020,15,育慧里,000014286687261
110100013268047,16,望和桥,000014286687261
110100013268021,17,望京桥西,000014286687261
110100013268022,18,望京桥东,000014286687261
110100013268023,19,东风北桥北,000014286687261
110100013268039,20,东风北桥,000014286687261
110100013268024,21,大山庄,000014286687261
110100013268025,22,朝阳公园桥南,000014286687261
110100013268026,23,红领巾桥北,000014286687261
110100013268027,24,窑洼湖桥北,000014286687261
110100013268028,25,工大桥,000014286687261
110100013268029,26,弘燕桥北,000014286687261
110100013268030,27,小武基桥南,000014286687261
110100013268031,28,十八里店北桥,000014286687261
110100013268032,29,小红门桥,000014286687261
110100013268033,30,肖村桥,000014286687261
110100013268034,31,大红门桥,000014286687261
110100013268035,32,公益西桥西,000014286687261
110100013268036,33,黄土岗,000014286687261
110100013268040,34,花乡桥东,000014286687261
110100013268041,35,怡海花园南门,000014286687261
110100013268042,36,富丰桥南,000014286687261
110100013268043,37,看丹桥,000014286687261
110100013268045,38,北大地,000014286687261
110100013268046,39,七里庄,000014286687261
