stationId,stopNumber,stopName,lineId
900000105419001,1,大成路西口,000008886042461
900000105419002,2,大成里,000008886042461
900000105419003,3,青塔西路北站,000008886042461
900000105419004,4,青塔西路,000008886042461
900000105419005,5,青塔西路南站,000008886042461
900000105419006,6,丰台体育中心南门,000008886042461
900000105419007,7,看丹桥,000008886042461
900000105419008,8,内环西路北口,000008886042461
900000105419009,9,中核路口东,000008886042461
900000105419010,10,航丰路口,000008886042461
900000105419011,11,海鹰路口,000008886042461
900000105419012,12,总部基地六区,000008886042461
900000105419013,13,总部基地金融港,000008886042461
900000105419014,14,地铁丰台科技园站,000008886042461
