stationId,stopNumber,stopName,lineId
110100015716050,1,马圈,000000058417540
110100015716051,2,垂杨柳,000000058417540
110100015716052,3,双井桥西,000000058417540
110100015716053,4,双井桥东,000000058417540
110100015716054,5,九龙花园,000000058417540
110100015716055,6,九龙山路口西,000000058417540
110100015716033,7,九龙山路口东,000000058417540
110100015716034,8,大郊亭桥西,000000058417540
110100015716035,9,大郊亭桥东,000000058417540
110100015716036,10,唐家村,000000058417540
110100015716037,11,朝阳半壁店,000000058417540
110100015716038,12,杜仲公园,000000058417540
110100015716042,13,郭家场桥,000000058417540
110100015716058,14,通广嘉园,000000058417540
110100015716039,15,李老新村,000000058417540
110100015716056,16,新华联家园,000000058417540
110100015716060,17,新华联家园东,000000058417540
110100015716041,18,翠屏北里北,000000058417540
110100015716059,19,果园,000000058417540
110100015716021,20,葛布店西,000000058417540
110100015716061,21,葛布店,000000058417540
110100015716022,22,葛布店东,000000058417540
110100015716023,23,通州交通队,000000058417540
110100015716024,24,玉桥小区,000000058417540
110100015716025,25,乔庄,000000058417540
110100015716043,26,运乔嘉园,000000058417540
110100015716044,27,京东运乔建材城,000000058417540
110100015716045,28,通州杨坨桥西,000000058417540
110100015716046,29,地铁郝家府站,000000058417540
110100015716047,30,地铁东夏园站,000000058417540
110100015716048,31,地铁潞城站,000000058417540
110100015716049,32,东小营公交场站,000000058417540
