stationId,stopNumber,stopName,lineId
900000033110001,1,昌平东关,000000058190041
900000033110032,2,中国政法大学(昌平),000000058190041
900000033110033,3,昌平南大街,000000058190041
900000033110004,4,昌平西关,000000058190041
900000033110005,5,昌平西关环岛西,000000058190041
900000033110006,6,邓庄,000000058190041
900000033110007,7,昌平旧县,000000058190041
900000033110023,8,昌平旧县西站,000000058190041
900000033110009,9,陈庄,000000058190041
900000033110010,10,红泥沟,000000058190041
900000033110011,11,南口路口南,000000058190041
900000033110012,12,南口东街,000000058190041
900000033110024,13,南口东站,000000058190041
900000033110014,14,南口,000000058190041
900000033110025,15,南口西站,000000058190041
900000033110016,16,温南路口南,000000058190041
900000033110026,17,南口李庄北站,000000058190041
900000033110027,18,南口李庄东站,000000058190041
900000033110019,19,南口农场,000000058190041
900000033110036,20,南口农场南站,000000058190041
900000033110037,21,水南路口南,000000058190041
900000033110038,22,土楼村,000000058190041
