stationId,stopNumber,stopName,lineId
110100055675002,1,东黄城根北口,000000058382760
110100055675003,2,宽街路口东,000000058382760
110100055675004,3,张自忠路,000000058382760
110100055675005,4,东四十条,000000058382760
110100055675006,5,东四十条桥西,000000058382760
110100055675007,6,东四十条桥东,000000058382760
110100055675008,7,工人体育馆,000000058382760
110100055675009,8,工人体育场,000000058382760
110100055675010,9,三里屯,000000058382760
110100055675011,10,长虹桥西,000000058382760
110100055675012,11,团结湖路北口,000000058382760
110100055675013,12,团结湖公园,000000058382760
110100055675014,13,水碓路口南,000000058382760
110100055675015,14,小庄路口北,000000058382760
110100055675024,15,小庄路口东,000000058382760
110100055675016,16,红庙路口西,000000058382760
110100055675025,17,红庙路口东,000000058382760
110100055675017,18,英家坟,000000058382760
110100055675018,19,慈云寺,000000058382760
110100055675019,20,东八里庄,000000058382760
110100055675020,21,十里堡,000000058382760
110100055675021,22,甘露园西,000000058382760
110100055675022,23,甘露园东,000000058382760
110100055675023,24,康家沟,000000058382760
