stationId,stopNumber,stopName,lineId
110100011350002,1,下苇甸,000000058267371
110100011350003,2,下苇甸村,000000058267371
110100011350004,3,丁家滩北口,000000058267371
110100011350043,4,丁家滩,000000058267371
110100011350005,5,陇驾庄西口,000000058267371
110100011350006,6,陇驾庄,000000058267371
110100011350007,7,陇驾庄东口,000000058267371
110100011350008,8,嬉水湾,000000058267371
110100011350009,9,野溪,000000058267371
110100011350010,10,陈家庄,000000058267371
110100011350011,11,龙泉务北口,000000058267371
110100011350012,12,龙泉务,000000058267371
110100011350013,13,琉璃渠,000000058267371
110100011350014,14,水闸北口,000000058267371
110100011350015,15,城子北站,000000058267371
110100011350016,16,城子,000000058267371
110100011350017,17,河滩北站,000000058267371
110100011350018,18,新桥大街,000000058267371
110100011350019,19,京煤集团,000000058267371
110100011350020,20,新桥南街,000000058267371
110100011350021,21,月季园小区,000000058267371
110100011350022,22,葡萄嘴,000000058267371
110100011350023,23,葡萄嘴路口南,000000058267371
110100011350024,24,永定中学,000000058267371
110100011350025,25,冯村,000000058267371
110100011350026,26,石龙工业区,000000058267371
110100011350027,27,永定镇何各庄,000000058267371
110100011350028,28,石门营,000000058267371
110100011350029,29,小园村,000000058267371
110100011350030,30,栗园庄,000000058267371
110100011350031,31,卧龙岗,000000058267371
110100011350032,32,芳园西街南口,000000058267371
110100011350033,33,莲芳桥东,000000058267371
110100011350034,34,远洋山水小区南,000000058267371
110100011350035,35,莲玉桥东,000000058267371
110100011350036,36,南沙窝桥西,000000058267371
110100011350037,37,金家村桥东,000000058267371
110100011350038,38,莲花小区,000000058267371
110100011350039,39,六里桥北里,000000058267371
110100011350040,40,六里桥北,000000058267371
110100011350042,41,六里桥东,000000058267371
110100011350041,42,北京西站南广场,000000058267371
