stationId,stopNumber,stopName,lineId
110100013362033,1,航天桥东,000000058371881
110100013362034,2,马神庙,000000058371881
110100013362035,3,白堆子口东,000000058371881
110100013362036,4,甘家口东,000000058371881
110100013362037,5,阜外西口,000000058371881
110100013362038,6,月坛北街北站,000000058371881
110100013362039,7,月坛南街北站,000000058371881
110100013362040,8,月坛南街南站,000000058371881
110100013362041,9,三里河东路南口,000000058371881
110100013362042,10,南礼士路,000000058371881
110100013362044,11,复兴门内,000000058371881
110100013362043,12,新文化街西口,000000058371881
110100013362013,13,长椿街路口北,000000058371881
110100013362014,14,槐柏树街东口,000000058371881
110100013362015,15,宣武医院,000000058371881
110100013362016,16,牛街,000000058371881
110100013362017,17,牛街礼拜寺,000000058371881
110100013362018,18,牛街南口,000000058371881
110100013362019,19,南樱桃园路口北,000000058371881
110100013362020,20,白纸坊路口西,000000058371881
110100013362021,21,南菜园,000000058371881
