stationId,stopNumber,stopName,lineId
110100014415063,1,地铁荣昌东街站,000000058234230
110100014415064,2,景园北街,000000058234230
110100014415065,3,同仁医院亦庄分院,000000058234230
110100014415018,4,凉水河桥南,000000058234230
110100014415019,5,通州第二医院,000000058234230
110100014415020,6,马驹桥一号桥,000000058234230
110100014415021,7,小白村,000000058234230
110100014415022,8,温馨家园,000000058234230
110100014415023,9,古庄,000000058234230
110100014415024,10,杨秀店,000000058234230
110100014415050,11,长子营开发区,000000058234230
110100014415025,12,靳七营,000000058234230
110100014415080,13,窦营村,000000058234230
110100014415026,14,郑二营,000000058234230
110100014415066,15,永和庄村东口,000000058234230
110100014415027,16,马朱路口,000000058234230
110100014415028,17,朱庄,000000058234230
110100014415029,18,采育,000000058234230
110100014415051,19,下黎城村,000000058234230
110100014415052,20,再城营,000000058234230
110100014415068,21,大兴韩营,000000058234230
110100014415081,22,伊指挥营东,000000058234230
110100014415082,23,伊指挥营南,000000058234230
110100014415083,24,李孙洼北,000000058234230
110100014415084,25,李孙洼南,000000058234230
110100014415085,26,侯孙洼,000000058234230
110100014415089,27,万庄,000000058234230
110100014415090,28,万庄小区路口,000000058234230
110100014415091,29,文化路北,000000058234230
110100014415092,30,万乐小区东门,000000058234230
110100014415093,31,中石油廊坊分院,000000058234230
110100014415079,32,万怡小区,000000058234230
110100014415067,33,采四小区,000000058234230
