stationId,stopNumber,stopName,lineId
900000110614001,1,地铁苹果园站,000007525540091
900000110614002,2,金顶南路,000007525540091
900000110614003,3,金安桥西,000007525540091
900000110614004,4,首钢小西门,000007525540091
900000110614005,5,广宁村,000007525540091
900000110614006,6,石景山火车站,000007525540091
900000110614007,7,麻峪北口,000007525540091
900000110614008,8,侯庄子,000007525540091
900000110614009,9,龙泉花园,000007525540091
900000110614010,10,绿岛家园,000007525540091
900000110614011,11,河滩北站,000007525540091
900000110614012,12,城子,000007525540091
900000110614013,13,城子北站,000007525540091
900000110614014,14,琉璃渠,000007525540091
900000110614015,15,龙泉务,000007525540091
900000110614016,16,龙泉务北口,000007525540091
900000110614017,17,陈家庄,000007525540091
900000110614018,18,野溪,000007525540091
900000110614019,19,嬉水湾,000007525540091
900000110614020,20,陇驾庄东口,000007525540091
900000110614021,21,陇驾庄,000007525540091
900000110614022,22,陇驾庄西口,000007525540091
900000110614023,23,丁家滩,000007525540091
900000110614024,24,下苇甸桥,000007525540091
900000110614025,25,石古岩,000007525540091
900000110614026,26,西石古岩,000007525540091
900000110614027,27,色树坟,000007525540091
900000110614028,28,色树坟西,000007525540091
900000110614029,29,王平村,000007525540091
900000110614030,30,王平村北,000007525540091
900000110614031,31,惠和新苑西口,000007525540091
900000110614032,32,落坡岭,000007525540091
900000110614033,33,清水涧,000007525540091
900000110614034,34,清水涧北,000007525540091
900000110614035,35,安家庄,000007525540091
900000110614036,36,十八潭,000007525540091
900000110614037,37,河南台,000007525540091
900000110614038,38,雁翅,000007525540091
900000110614039,39,芹峪口,000007525540091
900000110614040,40,芹峪,000007525540091
900000110614041,41,立石台,000007525540091
900000110614042,42,跃进村,000007525540091
900000110614043,43,山神庙,000007525540091
900000110614047,44,大村南口,000007525540091
900000110614044,45,大村,000007525540091
900000110614045,46,杨村,000007525540091
900000110614046,47,房良村,000007525540091
