stationId,stopNumber,stopName,lineId
110100015739039,1,小郊亭公交场站,000000058149271
110100015739040,2,文化新大街,000000058149271
110100015739041,3,高碑店南站,000000058149271
110100015739042,4,朝阳半壁店,000000058149271
110100015739043,5,方家村,000000058149271
110100015739044,6,四根旗杆,000000058149271
110100015739045,7,小海子,000000058149271
110100015739047,8,唐家村,000000058149271
110100015739034,9,地铁百子湾站,000000058149271
110100015739025,10,大郊亭桥东,000000058149271
110100015739002,11,大郊亭桥西,000000058149271
110100015739003,12,珠江帝景,000000058149271
110100015739035,13,平乐园北,000000058149271
110100015739046,14,平乐园,000000058149271
110100015739037,15,南磨房,000000058149271
110100015739038,16,劲松桥东,000000058149271
110100015739008,17,劲松中街,000000058149271
110100015739009,18,光明桥东,000000058149271
110100015739010,19,光明楼,000000058149271
110100015739011,20,北京体育馆,000000058149271
110100015739012,21,北京体育馆西,000000058149271
110100015739013,22,法华寺,000000058149271
110100015739014,23,红桥路口西,000000058149271
110100015739022,24,天坛北门,000000058149271
110100015739016,25,金鱼池,000000058149271
110100015739026,26,天桥路口东,000000058149271
110100015739017,27,天桥,000000058149271
