stationId,stopNumber,stopName,lineId
110100015215002,1,大兴一职,000000058447521
110100015215003,2,大兴宋庄,000000058447521
110100015215004,3,大兴宋庄东站,000000058447521
110100015215005,4,佟馨家园南,000000058447521
110100015215006,5,义和庄北口,000000058447521
110100015215007,6,兴政街西口,000000058447521
110100015215008,7,黄村火车站东,000000058447521
110100015215009,8,兴丰街南口,000000058447521
110100015215010,9,星城商厦,000000058447521
110100015215011,10,黄村东大街东口北,000000058447521
110100015215049,11,团河路西口,000000058447521
110100015215012,12,新安里,000000058447521
110100015215014,13,新居里,000000058447521
110100015215051,14,沐新路北口,000000058447521
110100015215015,15,团河农场,000000058447521
110100015215016,16,团桂路口,000000058447521
110100015215017,17,团河行宫,000000058447521
110100015215018,18,金海学校,000000058447521
110100015215053,19,金星庄,000000058447521
110100015215020,20,金荣园,000000058447521
110100015215021,21,大白楼,000000058447521
110100015215022,22,寿宝庄,000000058447521
110100015215052,23,宏祥路东口,000000058447521
110100015215023,24,团河路北口,000000058447521
110100015215024,25,五爱屯西街,000000058447521
110100015215025,26,槐房路南口,000000058447521
110100015215026,27,槐房,000000058447521
110100015215027,28,槐房北站,000000058447521
110100015215055,29,德鑫嘉园,000000058447521
110100015215059,30,槐房北路西口,000000058447521
110100015215056,31,槐房西路北站,000000058447521
110100015215057,32,槐新公园,000000058447521
110100015215058,33,公益桥,000000058447521
110100015215030,34,公益东桥北,000000058447521
110100015215031,35,西马场,000000058447521
110100015215032,36,西马场北口,000000058447521
110100015215033,37,马家堡东口,000000058447521
110100015215034,38,洋桥东,000000058447521
110100015215035,39,木樨园桥西,000000058447521
110100015215036,40,木樨园桥东,000000058447521
110100015215037,41,刘家窑桥西,000000058447521
110100015215038,42,刘家窑桥北,000000058447521
110100015215039,43,蒲黄榆,000000058447521
110100015215040,44,东侧路,000000058447521
110100015215041,45,天坛体育场,000000058447521
110100015215042,46,北京体育馆西,000000058447521
110100015215043,47,北京体育馆,000000058447521
110100015215044,48,光明楼,000000058447521
110100015215045,49,广渠门,000000058447521
110100015215046,50,北京站西街,000000058447521
110100015215047,51,北京站东街,000000058447521
