stationId,stopNumber,stopName,lineId
900000157388021,1,东小营,000013973918391
900000157388022,2,春明西路,000013973918391
900000157388023,3,朗清园东站,000013973918391
900000157388024,4,朗清园西站,000013973918391
900000157388025,5,东夏园路口南,000013973918391
900000157388002,6,地铁东夏园站,000013973918391
900000157388003,7,地铁郝家府站,000013973918391
900000157388026,8,通州杨坨,000013973918391
900000157388027,9,玉带河大街桥北,000013973918391
900000157388017,10,孙各庄东口,000013973918391
900000157388028,11,新潮嘉园三区,000013973918391
900000157388029,12,新潮嘉园二区,000013973918391
900000157388030,13,新潮嘉园一区,000013973918391
900000157388031,14,小潞邑,000013973918391
900000157388032,15,友谊医院通州院区,000013973918391
900000157388033,16,潞邑西路北站,000013973918391
900000157388014,17,疃里新村,000013973918391
900000157388015,18,疃里一区,000013973918391
900000157388016,19,疃里二区,000013973918391
