stationId,stopNumber,stopName,lineId
110100014027002,1,四惠枢纽站,000000058511300
110100014027003,2,四惠东站,000000058511300
110100014027022,3,兴隆家园南区,000000058511300
110100014027004,4,康家沟,000000058511300
110100014027005,5,天鹅湾小区,000000058511300
110100014027019,6,青年路小区南站,000000058511300
110100014027006,7,青年路小区,000000058511300
110100014027007,8,四季星河南街,000000058511300
110100014027008,9,亮马厂西口,000000058511300
110100014027021,10,黄杉木店路,000000058511300
110100014027009,11,黄杉木店路北口,000000058511300
110100014027010,12,平房东口,000000058511300
110100014027011,13,泓鑫家园,000000058511300
110100014027012,14,东坝中路,000000058511300
110100014027020,15,金泰丽富嘉园,000000058511300
110100014027013,16,北京奥林匹克花园,000000058511300
110100014027014,17,北京奥林匹克花园北站,000000058511300
110100014027015,18,东坝家园东站,000000058511300
110100014027016,19,东坝家园西站,000000058511300
110100014027017,20,单店,000000058511300
