stationId,stopNumber,stopName,lineId
900000105440001,1,北京物资学院,000008932455210
900000105440002,2,天赐良园二期,000008932455210
900000105440009,3,源盛东街西口,000008932455210
900000105440003,4,翠福园西口,000008932455210
900000105440004,5,安顺北里,000008932455210
900000105440014,6,商通大道北,000008932455210
900000105440005,7,富豪,000008932455210
900000105440006,8,徐辛庄,000008932455210
900000105440010,9,草寺路口东,000008932455210
900000105440011,10,徐双路口东,000008932455210
900000105440012,11,徐平路口西,000008932455210
900000105440013,12,徐疃路口西,000008932455210
900000105440007,13,大庞村,000008932455210
900000105440008,14,通州小营路口,000008932455210
