stationId,stopNumber,stopName,lineId
110100014642052,1,南观村,000011574151130
110100014642053,2,南观村东,000011574151130
110100014642051,3,南观村口,000011574151130
110100014642054,4,八十亩地北,000011574151130
110100014642042,5,羊头岗,000011574151130
110100014642043,6,羊头岗村,000011574151130
110100014642010,7,丁家洼,000011574151130
110100014642011,8,燕化动力厂,000011574151130
110100014642041,9,燕山二一八公交场站,000011574151130
110100014642013,10,富燕新村东门,000011574151130
110100014642014,11,房山北关北,000011574151130
110100014642015,12,万宁桥,000011574151130
110100014642016,13,房山北大街,000011574151130
110100014642017,14,仓房小区,000011574151130
110100014642018,15,房山大角南,000011574151130
110100014642019,16,房山南大街,000011574151130
110100014642020,17,房山中医医院,000011574151130
110100014642044,18,永安西里路口,000011574151130
110100014642021,19,房山南关,000011574151130
110100014642022,20,房山南关立交桥南,000011574151130
110100014642023,21,牛口峪路口,000011574151130
110100014642024,22,顾册,000011574151130
110100014642045,23,顾册西,000011574151130
110100014642046,24,房山云峰寺路口,000011574151130
110100014642025,25,周口村路口,000011574151130
110100014642026,26,周口店路口,000011574151130
110100014642047,27,龙乡苑,000011574151130
110100014642027,28,大韩继,000011574151130
110100014642048,29,周口店镇辛庄,000011574151130
110100014642029,30,新街,000011574151130
110100014642030,31,龙宝峪,000011574151130
110100014642031,32,南韩继,000011574151130
110100014642032,33,瓦井,000011574151130
110100014642033,34,石瓦路口,000011574151130
110100014642034,35,东周各庄,000011574151130
110100014642035,36,尤家坟,000011574151130
110100014642036,37,西周各庄,000011574151130
110100014642037,38,天开村口,000011574151130
