stationId,stopNumber,stopName,lineId
110100013986002,1,平乐园,000000058490390
110100013986003,2,南磨房,000000058490390
110100013986004,3,劲松桥东,000000058490390
110100013986031,4,劲松中街,000000058490390
110100013986005,5,光明桥东,000000058490390
110100013986006,6,广渠门,000000058490390
110100013986007,7,建国门南,000000058490390
110100013986008,8,北京站口东,000000058490390
110100013986029,9,东单路口东,000000058490390
110100013986030,10,王府井,000000058490390
110100013986010,11,天安门东,000000058490390
110100013986011,12,天安门西,000000058490390
110100013986020,13,石碑胡同,000000058490390
110100013986012,14,西单路口东,000000058490390
110100013986021,15,西单路口西,000000058490390
110100013986022,16,民族文化宫,000000058490390
110100013986013,17,复兴门内,000000058490390
110100013986014,18,南礼士路,000000058490390
110100013986015,19,工会大楼,000000058490390
110100013986016,20,木樨地东,000000058490390
110100013986023,21,军事博物馆,000000058490390
110100013986017,22,公主坟东,000000058490390
110100013986018,23,公主坟南,000000058490390
110100013986025,24,六里桥北里,000000058490390
110100013986026,25,马官营西,000000058490390
110100013986027,26,莲宝路口东,000000058490390
110100013986028,27,靛厂村,000000058490390
110100013986024,28,靛厂新村,000000058490390
