stationId,stopNumber,stopName,lineId
900000135482001,1,地铁潞城站,000011602273070
900000135482012,2,东小营,000011602273070
900000135482013,3,春明西路,000011602273070
900000135482014,4,朗清园东站,000011602273070
900000135482015,5,朗清园西站,000011602273070
900000135482003,6,大运河森林公园,000011602273070
900000135482016,7,绿心公园东门,000011602273070
900000135482018,8,绿心路东口,000011602273070
900000135482019,9,绿心路,000011602273070
900000135482017,10,绿心公园南门,000011602273070
900000135482007,11,张家湾开发区,000011602273070
900000135482008,12,北许场村,000011602273070
900000135482009,13,土桥新桥东,000011602273070
900000135482010,14,土桥欣村,000011602273070
900000135482020,15,地铁土桥站,000011602273070
900000135482021,16,地铁临河里站,000011602273070
900000135482022,17,云景南大街东口,000011602273070
900000135482023,18,金侨时代家园,000011602273070
900000135482024,19,群芳园,000011602273070
900000135482025,20,大马庄,000011602273070
900000135482026,21,大马庄南站,000011602273070
900000135482027,22,地铁万盛东站,000011602273070
900000135482030,23,曹园村,000011602273070
900000135482033,24,环球度假区,000011602273070
900000135482031,25,环球大道东口,000011602273070
900000135482032,26,颐瑞东路,000011602273070
900000135482029,27,高楼金村,000011602273070
