stationId,stopNumber,stopName,lineId
110100014213001,1,北京南站南广场,000000058188670
110100014213002,2,四路通,000000058188670
110100014213020,3,洋桥东,000000058188670
110100014213003,4,木樨园桥西,000000058188670
110100014213004,5,木樨园桥,000000058188670
110100014213005,6,刘家窑桥西,000000058188670
110100014213006,7,方庄桥东,000000058188670
110100014213007,8,地铁亦庄桥站,000000058188670
110100014213008,9,贵园东里,000000058188670
110100014213009,10,新康家园,000000058188670
110100014213030,11,天华西路,000000058188670
110100014213031,12,天华北街西口,000000058188670
110100014213032,13,天华北街东口,000000058188670
110100014213033,14,万源街西口,000000058188670
110100014213014,15,宏达工业园,000000058188670
110100014213015,16,经开创业园,000000058188670
110100014213016,17,宏达北路南口,000000058188670
110100014213017,18,地铁荣京东街站,000000058188670
110100014213023,19,隆盛产业园,000000058188670
110100014213021,20,开发区交通服务中心,000000058188670
