stationId,stopNumber,stopName,lineId
110100014340002,1,灵秀山庄东站,000014069943881
110100014340003,2,灵秀山庄,000014069943881
110100014340049,3,旧宫新苑,000014069943881
110100014340050,4,育龙家园,000014069943881
110100014340005,5,旧宫,000014069943881
110100014340006,6,旧宫西口,000014069943881
110100014340007,7,吉庆庄,000014069943881
110100014340008,8,清和园,000014069943881
110100014340009,9,万源路,000014069943881
110100014340010,10,东高地,000014069943881
110100014340011,11,西洼地,000014069943881
110100014340052,12,三营门东,000014069943881
110100014340053,13,新华路南口,000014069943881
110100014340054,14,红房子路口西,000014069943881
110100014340055,15,五爱屯,000014069943881
110100014340056,16,合顺家园,000014069943881
110100014340057,17,地铁新宫站东,000014069943881
110100014340058,18,新宫村,000014069943881
110100014340059,19,新发地北,000014069943881
110100014340020,20,黄土岗,000014069943881
110100014340021,21,花乡桥东,000014069943881
110100014340060,22,花乡桥,000014069943881
110100014340061,23,花乡桥西,000014069943881
110100014340062,24,怡海花园南门,000014069943881
110100014340063,25,富丰桥南,000014069943881
110100014340064,26,看丹桥,000014069943881
110100014340027,27,看丹桥北,000014069943881
110100014340028,28,正阳桥北,000014069943881
110100014340029,29,北大地,000014069943881
110100014340030,30,岔路口,000014069943881
110100014340031,31,丰台路口,000014069943881
110100014340032,32,岳各庄桥北,000014069943881
110100014340033,33,岳各庄,000014069943881
110100014340034,34,郑常庄,000014069943881
110100014340035,35,青塔,000014069943881
110100014340036,36,南沙窝桥,000014069943881
110100014340037,37,沙窝桥西,000014069943881
110100014340038,38,永定路南口,000014069943881
110100014340039,39,采石路口,000014069943881
110100014340040,40,太平路西口,000014069943881
110100014340042,41,鲁谷路东口,000014069943881
110100014340043,42,十院,000014069943881
110100014340048,43,鲁谷公交场站,000014069943881
