stationId,stopNumber,stopName,lineId
110100014141002,1,五路,000000058246561
110100014141003,2,慈寿寺桥,000000058246561
110100014141004,3,八宝庄,000000058246561
110100014141005,4,翠微西里,000000058246561
110100014141006,5,罗道庄,000000058246561
110100014141007,6,玉渊潭南路,000000058246561
110100014141008,7,普惠南里,000000058246561
110100014141009,8,柳林馆,000000058246561
110100014141034,9,玉渊潭南门,000000058246561
110100014141035,10,军事博物馆,000000058246561
110100014141036,11,会城门,000000058246561
110100014141037,12,北蜂窝路,000000058246561
110100014141038,13,北蜂窝路南口,000000058246561
110100014141041,14,广莲路,000000058246561
110100014141016,15,湾子,000000058246561
110100014141017,16,广外甘石桥,000000058246561
110100014141018,17,达官营,000000058246561
110100014141042,18,手帕口南街,000000058246561
110100014141043,19,广安门货站,000000058246561
110100014141044,20,广安门车站西街,000000058246561
110100014141045,21,京铁和园,000000058246561
110100014141046,22,白纸坊桥西,000000058246561
110100014141047,23,南菜园,000000058246561
