stationId,stopNumber,stopName,lineId
110100010431013,1,国家体育场东,000000058348230
110100010431023,2,北辰东路,000000058348230
110100010431053,3,豹房西,000000058348230
110100010431024,4,豹房,000000058348230
110100010431025,5,大屯南,000000058348230
110100010431026,6,炎黄艺术馆,000000058348230
110100010431027,7,安慧桥北,000000058348230
110100010431052,8,安慧桥东,000000058348230
110100010431054,9,惠新东桥西,000000058348230
110100010431029,10,惠新东桥南,000000058348230
110100010431030,11,对外经贸大学,000000058348230
110100010431031,12,中日医院,000000058348230
110100010431032,13,太阳宫桥,000000058348230
110100010431033,14,西坝河,000000058348230
110100010431034,15,静安庄东,000000058348230
110100010431035,16,三元桥南,000000058348230
110100010431036,17,燕莎桥东,000000058348230
110100010431037,18,安家楼西,000000058348230
110100010431038,19,枣营北站,000000058348230
110100010431039,20,枣营,000000058348230
110100010431040,21,朝阳公园西门,000000058348230
110100010431041,22,景园北站,000000058348230
110100010431042,23,甜水园街北口,000000058348230
110100010431043,24,甜水园北里,000000058348230
110100010431044,25,金台路口南,000000058348230
110100010431045,26,红庙路口北,000000058348230
110100010431055,27,红庙路口东,000000058348230
110100010431046,28,英家坟,000000058348230
110100010431047,29,慈云寺,000000058348230
110100010431048,30,东八里庄,000000058348230
110100010431049,31,十里堡,000000058348230
110100010431050,32,甘露园,000000058348230
110100010431051,33,甘露园北,000000058348230
