stationId,stopNumber,stopName,lineId
110100014297044,1,阜永路口西,000000058208130
110100014297019,2,定慧桥南,000000058208130
110100014297045,3,定慧寺东,000000058208130
110100014297020,4,西钓鱼台,000000058208130
110100014297046,5,航天桥西,000000058208130
110100014297021,6,航天桥北,000000058208130
110100014297022,7,花园桥南,000000058208130
110100014297048,8,花园桥东,000000058208130
110100014297023,9,老虎庙,000000058208130
110100014297047,10,外文印刷厂,000000058208130
110100014297024,11,四道口东,000000058208130
110100014297025,12,二里沟西口,000000058208130
110100014297049,13,郝家湾,000000058208130
110100014297026,14,二里沟东口,000000058208130
110100014297050,15,三塔寺,000000058208130
110100014297027,16,车公庄西,000000058208130
110100014297028,17,车公庄北,000000058208130
110100014297029,18,索家坟,000000058208130
110100014297030,19,文慧桥北,000000058208130
110100014297031,20,明光桥北,000000058208130
110100014297032,21,蓟门桥,000000058208130
110100014297054,22,蓟门桥北,000000058208130
110100014297055,23,学知桥北,000000058208130
110100014297033,24,北京航空航天大学,000000058208130
110100014297034,25,成府路口南,000000058208130
110100014297051,26,学院路北口,000000058208130
110100014297035,27,静淑苑,000000058208130
110100014297052,28,石板房,000000058208130
110100014297036,29,学知园,000000058208130
110100014297053,30,马家沟,000000058208130
110100014297037,31,清河南镇,000000058208130
110100014297038,32,清河北,000000058208130
110100014297039,33,清河小营桥南,000000058208130
110100014297040,34,西三旗桥东,000000058208130
110100014297041,35,邮政研究院,000000058208130
110100014297042,36,育新小区北口,000000058208130
110100014297043,37,育新小区,000000058208130
