stationId,stopNumber,stopName,lineId
900000156771001,1,霍营公交场站,000013896323190
900000156771002,2,龙跃苑三区东门,000013896323190
900000156771003,3,龙跃苑一区南门,000013896323190
900000156771004,4,龙跃苑一区西门,000013896323190
900000156771005,5,龙跃苑二区东门,000013896323190
900000156771006,6,良庄家园,000013896323190
900000156771007,7,文华东路,000013896323190
900000156771008,8,地铁平西府站,000013896323190
900000156771017,9,龙锦苑一区西门,000013896323190
900000156771009,10,和谐家园一区西门,000013896323190
900000156771010,11,和谐家园二区西门,000013896323190
900000156771011,12,和谐家园,000013896323190
900000156771012,13,地铁回龙观东大街站,000013896323190
900000156771013,14,上坡佳园西门,000013896323190
900000156771014,15,霍营,000013896323190
900000156771015,16,霍营北口,000013896323190
900000156771016,17,龙锦苑公交场站,000013896323190
