stationId,stopNumber,stopName,lineId
900000135311001,1,天通北苑,000011602273150
900000135311002,2,白坊,000011602273150
900000135311003,3,白坊南,000011602273150
900000135311015,4,天通东苑二区西站,000011602273150
900000135311016,5,天通苑东区小学,000011602273150
900000135311017,6,天通东苑一区南门,000011602273150
900000135311014,7,天通苑二区东门,000011602273150
900000135311006,8,天通苑西门,000011602273150
900000135311007,9,丽水园,000011602273150
900000135311008,10,天通中苑二区东门,000011602273150
900000135311009,11,立水桥北路北口,000011602273150
900000135311010,12,天通北苑一区东门,000011602273150
900000135311011,13,天通北苑一区北门,000011602273150
900000135311012,14,天通苑北枢纽站,000011602273150
