stationId,stopNumber,stopName,lineId
900000031501045,1,朱辛庄公交场站,000000058261410
900000031501004,2,昌平西关环岛西,000000058261410
900000031501005,3,南口路口北,000000058261410
900000031501079,4,八达岭,000000058261410
900000031501072,5,八达岭镇政府,000000058261410
900000031501073,6,西拨子东,000000058261410
900000031501007,7,西拨子,000000058261410
900000031501008,8,营城子,000000058261410
900000031501074,9,营城子桥,000000058261410
900000031501009,10,外炮村,000000058261410
900000031501010,11,康庄小区,000000058261410
900000031501011,12,康庄,000000058261410
900000031501012,13,康庄西站,000000058261410
900000031501013,14,榆林堡,000000058261410
900000031501014,15,东榆林,000000058261410
900000031501015,16,西榆林新村,000000058261410
900000031501016,17,西榆林老村,000000058261410
900000031501017,18,大南辛堡,000000058261410
900000031501075,19,五里铺,000000058261410
900000031501018,20,太师庄,000000058261410
900000031501076,21,上湖郡小区,000000058261410
900000031501019,22,东花园镇,000000058261410
900000031501020,23,南水泉村,000000058261410
900000031501021,24,达子营,000000058261410
900000031501022,25,十八家村,000000058261410
900000031501023,26,白庄,000000058261410
900000031501024,27,段家庄,000000058261410
900000031501025,28,定州营,000000058261410
900000031501026,29,小南辛堡镇,000000058261410
900000031501077,30,小南辛堡镇西,000000058261410
900000031501080,31,华侨农场西,000000058261410
900000031501041,32,官庄村,000000058261410
900000031501047,33,佟庄村,000000058261410
900000031501048,34,大古城,000000058261410
900000031501049,35,官厅湖,000000058261410
900000031501028,36,小七营,000000058261410
900000031501050,37,香水湾,000000058261410
900000031501043,38,拉斐水岸,000000058261410
900000031501044,39,观澜墅,000000058261410
900000031501029,40,北寨村,000000058261410
900000031501051,41,公共艺术小镇,000000058261410
900000031501030,42,施庄村,000000058261410
900000031501052,43,官厅水库管理处,000000058261410
900000031501031,44,官厅镇,000000058261410
900000031501032,45,官厅西,000000058261410
900000031501033,46,桑园镇,000000058261410
900000031501053,47,桑园中学,000000058261410
900000031501054,48,张官营村,000000058261410
900000031501055,49,万窑村,000000058261410
900000031501034,50,温泉小镇,000000058261410
900000031501056,51,鸿翔城,000000058261410
900000031501036,52,沙城客运站,000000058261410
