stationId,stopNumber,stopName,lineId
110100013419002,1,西城三里河,000000058390920
110100013419003,2,三里河东口,000000058390920
110100013419004,3,二七剧场路北口,000000058390920
110100013419005,4,儿童医院路口西,000000058390920
110100013419006,5,月坛公园,000000058390920
110100013419007,6,阜成门,000000058390920
110100013419008,7,阜成门内,000000058390920
110100013419009,8,白塔寺东,000000058390920
110100013419010,9,西四路口北,000000058390920
110100013419011,10,大红罗厂西口,000000058390920
110100013419012,11,平安里路口南,000000058390920
110100013419013,12,厂桥路口西,000000058390920
110100013419014,13,东官房,000000058390920
110100013419015,14,北海北门,000000058390920
110100013419016,15,地安门东,000000058390920
110100013419017,16,南锣鼓巷,000000058390920
110100013419018,17,宽街路口东,000000058390920
110100013419019,18,张自忠路,000000058390920
110100013419020,19,东四十二条,000000058390920
110100013419021,20,北新桥路口北,000000058390920
110100013419022,21,国子监,000000058390920
110100013419029,22,雍和宫,000000058390920
110100013419023,23,雍和宫桥东,000000058390920
110100013419024,24,北小街豁口,000000058390920
110100013419025,25,和平里南口,000000058390920
110100013419026,26,和平里路口北,000000058390920
110100013419027,27,和平里东街,000000058390920
110100013419028,28,和平东桥南,000000058390920
110100013419030,29,和平东桥北,000000058390920
110100013419031,30,中日医院,000000058390920
110100013419032,31,对外经贸大学,000000058390920
110100013419033,32,惠新东桥南,000000058390920
110100013419034,33,惠新东桥北,000000058390920
110100013419035,34,小营东路,000000058390920
110100013419036,35,世纪村,000000058390920
110100013419037,36,育慧东路,000000058390920
110100013419038,37,姜庄湖,000000058390920
110100013419039,38,小营公交场站,000000058390920
