stationId,stopNumber,stopName,lineId
110100016188087,1,汉家川河北村,000000058699160
110100016188092,2,汉家川河北村南,000000058699160
110100016188088,3,汉家川河南村,000000058699160
110100016188093,4,水泉沟北,000000058699160
110100016188089,5,莲花山路口,000000058699160
110100016188090,6,大庄科乡,000000058699160
110100016188091,7,大庄科,000000058699160
110100016188053,8,里长沟,000000058699160
110100016188054,9,董家沟,000000058699160
110100016188055,10,慈母川,000000058699160
110100016188025,11,霹破石,000000058699160
110100016188094,12,景而沟,000000058699160
110100016188095,13,沙塘沟,000000058699160
110100016188081,14,铁炉村口,000000058699160
110100016188075,15,西沙梁隧道东口,000000058699160
110100016188046,16,龚家窑,000000058699160
110100016188047,17,西沙梁,000000058699160
110100016188048,18,瓦庙,000000058699160
110100016188056,19,门泉石路口,000000058699160
110100016188082,20,窑湾村东,000000058699160
110100016188057,21,窑湾,000000058699160
110100016188079,22,老银庄北口,000000058699160
110100016188059,23,西二道河,000000058699160
110100016188080,24,二道河路口,000000058699160
110100016188096,25,姜家台,000000058699160
110100016188097,26,贾家园,000000058699160
110100016188068,27,延庆莲花池,000000058699160
110100016188085,28,日上批发市场,000000058699160
110100016188086,29,京张路口南,000000058699160
110100016188071,30,石河营,000000058699160
110100016188072,31,川北小区南门,000000058699160
110100016188073,32,延庆东关,000000058699160
110100016188074,33,延庆南菜园,000000058699160
110100016188076,34,延庆南菜园公交场站,000000058699160
