stationId,stopNumber,stopName,lineId
900000128560001,1,汤河口,000010858354211
900000128560002,2,庄户沟门,000010858354211
900000128560003,3,东帽湾,000010858354211
900000128560004,4,西帽湾,000010858354211
900000128560005,5,大榆树沟门,000010858354211
900000128560006,6,小黑柳沟门,000010858354211
900000128560007,7,鸽子堂,000010858354211
900000128560008,8,大河东,000010858354211
900000128560009,9,转年后沟,000010858354211
900000128560010,10,转年,000010858354211
900000128560011,11,小河东,000010858354211
900000128560012,12,杨树下,000010858354211
900000128560013,13,怀柔下营新村,000010858354211
900000128560014,14,怀柔下营东,000010858354211
900000128560015,15,怀柔下营,000010858354211
900000128560016,16,宝山寺东,000010858354211
900000128560017,17,宝山寺,000010858354211
900000128560018,18,怀柔牤牛沟,000010858354211
900000128560019,19,盘道沟,000010858354211
900000128560020,20,下帽山,000010858354211
900000128560021,21,帽山碾子,000010858354211
900000128560022,22,西帽山,000010858354211
900000128560029,23,怀柔西河套,000010858354211
900000128560030,24,小北沟门,000010858354211
