stationId,stopNumber,stopName,lineId
110100016123002,1,土井村西口,000000058467101
110100016123065,2,土井村南口,000000058467101
110100016123004,3,中海枫涟山庄东门,000000058467101
110100016123005,4,秋露园,000000058467101
110100016123006,5,春晖园,000000058467101
110100016123007,6,后厂村路,000000058467101
110100016123008,7,后厂村东,000000058467101
110100016123009,8,东北旺西路北口,000000058467101
110100016123010,9,东北旺北,000000058467101
110100016123011,10,软件园广场,000000058467101
110100016123012,11,软件园东站,000000058467101
110100016123066,12,上地七街,000000058467101
110100016123067,13,上地五街,000000058467101
110100016123068,14,上地西里,000000058467101
110100016123016,15,上地南口,000000058467101
110100016123017,16,正白旗,000000058467101
110100016123018,17,北京体育大学,000000058467101
110100016123019,18,圆明园东门,000000058467101
110100016123020,19,清华附中,000000058467101
110100016123021,20,圆明园东路,000000058467101
110100016123022,21,清华大学西门,000000058467101
110100016123023,22,中关园北站,000000058467101
110100016123024,23,中关园,000000058467101
110100016123025,24,中关村北,000000058467101
110100016123026,25,中关村西,000000058467101
110100016123027,26,万泉河桥东,000000058467101
110100016123028,27,六郎庄,000000058467101
110100016123054,28,四海桥北,000000058467101
110100016123055,29,四海桥南,000000058467101
110100016123056,30,南坞,000000058467101
110100016123057,31,东冉村,000000058467101
110100016123058,32,四季青桥北,000000058467101
110100016123059,33,四季青桥南,000000058467101
110100016123060,34,营慧寺,000000058467101
110100016123061,35,五路桥,000000058467101
110100016123062,36,定慧桥北,000000058467101
110100016123063,37,定慧桥南,000000058467101
110100016123064,38,金沟河,000000058467101
110100016123040,39,五棵松桥北,000000058467101
110100016123041,40,沙窝桥北,000000058467101
110100016123042,41,南沙窝桥,000000058467101
110100016123043,42,青塔,000000058467101
110100016123044,43,郑常庄,000000058467101
110100016123045,44,岳各庄,000000058467101
110100016123046,45,岳各庄桥北,000000058467101
110100016123047,46,丰台路口东,000000058467101
110100016123053,47,小井,000000058467101
110100016123048,48,小井路口东,000000058467101
110100016123049,49,六里桥西,000000058467101
110100016123050,50,六里桥东,000000058467101
110100016123051,51,北京西站南广场,000000058467101
