stationId,stopNumber,stopName,lineId
110100013872002,1,地铁龙泽站,000000058305800
110100013872053,2,龙华园南,000000058305800
110100013872003,3,龙华园北,000000058305800
110100013872004,4,三合庄园,000000058305800
110100013872005,5,风雅园北,000000058305800
110100013872006,6,地铁育知路站,000000058305800
110100013872007,7,七里渠南村站,000000058305800
110100013872008,8,七里渠南口,000000058305800
110100013872009,9,地铁朱辛庄站,000000058305800
110100013872050,10,豆各庄新村南,000000058305800
110100013872010,11,七里渠西桥,000000058305800
110100013872011,12,七里渠,000000058305800
110100013872012,13,七里渠东,000000058305800
110100013872052,14,顺玮阁小区,000000058305800
110100013872013,15,白各庄西,000000058305800
110100013872029,16,白各庄,000000058305800
110100013872014,17,白各庄村委会,000000058305800
110100013872015,18,宏福苑小区西,000000058305800
110100013872016,19,宏福苑小区,000000058305800
110100013872017,20,宏福苑小区东,000000058305800
110100013872018,21,西沙各庄西,000000058305800
110100013872019,22,西沙各庄,000000058305800
110100013872020,23,西沙各庄东,000000058305800
110100013872021,24,冠雅苑,000000058305800
110100013872022,25,北七家西口,000000058305800
110100013872023,26,望都家园,000000058305800
110100013872024,27,瑶光路南口,000000058305800
110100013872025,28,瑶光路,000000058305800
110100013872036,29,天宣街,000000058305800
110100013872051,30,北亚花园南站,000000058305800
110100013872048,31,北亚花园东门,000000058305800
110100013872049,32,八仙庄西,000000058305800
110100013872035,33,玉衡街,000000058305800
