stationId,stopNumber,stopName,lineId
110100014606002,1,来广营北,000011531333570
110100014606003,2,来广营路口西,000011531333570
110100014606004,3,广顺桥南,000011531333570
110100014606005,4,利泽中街西口,000011531333570
110100014606006,5,利泽西街东口,000011531333570
110100014606007,6,东湖,000011531333570
110100014606008,7,北湖渠,000011531333570
110100014606009,8,新新家园,000011531333570
110100014606010,9,新新家园西站,000011531333570
110100014606011,10,辛店路西口,000011531333570
110100014606012,11,辛店村,000011531333570
110100014606013,12,北苑,000011531333570
110100014606014,13,大羊坊,000011531333570
110100014606015,14,地铁立水桥南站,000011531333570
110100014606016,15,立水桥北站,000011531333570
110100014606017,16,地铁立水桥站,000011531333570
110100014606018,17,东小口,000011531333570
110100014606019,18,中滩,000011531333570
110100014606020,19,贺村,000011531333570
110100014606021,20,森林大第,000011531333570
110100014606022,21,建材城东里,000011531333570
110100014606023,22,硅谷小区,000011531333570
110100014606024,23,建材城东路西口,000011531333570
110100014606025,24,枫丹丽舍小区南,000011531333570
110100014606026,25,新都,000011531333570
110100014606027,26,地铁育新站,000011531333570
110100014606028,27,育新小区北口,000011531333570
110100014606029,28,邮政研究院,000011531333570
110100014606030,29,西三旗桥东,000011531333570
110100014606031,30,西三旗桥北,000011531333570
110100014606032,31,回龙观桥北,000011531333570
110100014606033,32,北郊农场桥南,000011531333570
110100014606034,33,二拨子,000011531333570
110100014606035,34,朱辛庄,000011531333570
110100014606037,35,地铁生命科学园站,000011531333570
110100014606036,36,地铁生命科学园站西,000011531333570
