stationId,stopNumber,stopName,lineId
900000123406001,1,丰益桥南,000010489495280
900000123406002,2,夏家胡同,000010489495280
900000123406003,3,纪家庙,000010489495280
900000123406004,4,万芳园一区,000010489495280
900000123406005,5,地铁首经贸站,000010489495280
900000123406006,6,万芳园二区,000010489495280
900000123406007,7,首经贸西校区,000010489495280
900000123406008,8,花乡桥北,000010489495280
900000123406009,9,花乡桥西,000010489495280
900000123406010,10,怡海花园南门,000010489495280
900000123406011,11,科丰桥南,000010489495280
900000123406012,12,六圈,000010489495280
900000123406013,13,田何庄,000010489495280
900000123406014,14,世界公园,000010489495280
900000123406015,15,地铁大葆台站,000010489495280
900000123406016,16,小葆台,000010489495280
900000123406038,17,小葆台南,000010489495280
900000123406017,18,芦花路,000010489495280
900000123406018,19,芦花中路,000010489495280
900000123406019,20,公交驾校,000010489495280
900000123406036,21,长丰园一区,000010489495280
900000123406020,22,长丰园二区,000010489495280
900000123406021,23,狼垡东桥北,000010489495280
900000123406037,24,芦西路口,000010489495280
900000123406025,25,立垡村,000010489495280
900000123406026,26,永立桥西,000010489495280
900000123406027,27,房山马厂,000010489495280
900000123406028,28,房山高岭北,000010489495280
900000123406029,29,地铁长阳站,000010489495280
900000123406030,30,长阳半岛北区,000010489495280
900000123406031,31,徜徉墅小区,000010489495280
900000123406032,32,半岛广场西,000010489495280
900000123406033,33,张家场村口,000010489495280
900000123406034,34,长阳滨水公园南,000010489495280
900000123406035,35,篱笆房客运站,000010489495280
