stationId,stopNumber,stopName,lineId
110100053355002,1,东直门枢纽站,000000058375150
110100053355003,2,东直门内,000000058375150
110100053355004,3,东内小街,000000058375150
110100053355005,4,北新桥路口南,000000058375150
110100053355006,5,东四十二条,000000058375150
110100053355007,6,魏家胡同,000000058375150
110100053355008,7,钱粮胡同,000000058375150
110100053355009,8,东四路口南,000000058375150
110100053355010,9,灯市东口,000000058375150
110100053355011,10,米市大街,000000058375150
110100053355012,11,东单路口北,000000058375150
110100053355013,12,崇文门内,000000058375150
110100053355014,13,磁器口北,000000058375150
110100053355015,14,红桥路口北,000000058375150
110100053355026,15,红桥路口西,000000058375150
110100053355016,16,天坛北门,000000058375150
110100053355017,17,金鱼池,000000058375150
110100053355027,18,天桥路口东,000000058375150
110100053355018,19,天桥,000000058375150
110100053355025,20,北纬路东站,000000058375150
110100053355019,21,北纬路,000000058375150
110100053355020,22,太平街北口,000000058375150
110100053355021,23,太平街,000000058375150
110100053355022,24,陶然桥北,000000058375150
110100053355023,25,南站幸福路,000000058375150
110100053355024,26,北京南站,000000058375150
