stationId,stopNumber,stopName,lineId
110100011290036,1,兴寿北站,000000058256930
110100011290003,2,兴寿,000000058256930
110100011290004,3,象房,000000058256930
110100011290005,4,秦城路口,000000058256930
110100011290006,5,秦城大桥,000000058256930
110100011290007,6,昌平麻峪,000000058256930
110100011290008,7,香堂,000000058256930
110100011290009,8,昌平崔村,000000058256930
110100011290010,9,昌平崔村西口,000000058256930
110100011290011,10,大辛峰,000000058256930
110100011290012,11,西辛峰,000000058256930
110100011290013,12,棉山村,000000058256930
110100011290044,13,宜山居,000000058256930
110100011290014,14,金家坟,000000058256930
110100011290035,15,金明园小区,000000058256930
110100011290015,16,昌平辛庄,000000058256930
110100011290016,17,地铁南邵站,000000058256930
110100011290017,18,张营小区,000000058256930
110100011290018,19,四合新村东,000000058256930
110100011290019,20,昌平东关路口东,000000058256930
110100011290020,21,昌平东关,000000058256930
110100011290021,22,亢山广场,000000058256930
110100011290042,23,中国政法大学(昌平),000000058256930
110100011290043,24,昌平南大街,000000058256930
110100011290024,25,昌平西关,000000058256930
110100011290025,26,昌平西关环岛西,000000058256930
110100011290026,27,邓庄,000000058256930
110100011290027,28,昌平旧县,000000058256930
110100011290045,29,昌平旧县西站,000000058256930
110100011290028,30,陈庄,000000058256930
110100011290029,31,红泥沟,000000058256930
110100011290030,32,南口路口南,000000058256930
110100011290031,33,南口东街,000000058256930
110100011290037,34,南口东站,000000058256930
110100011290033,35,南口,000000058256930
110100011290038,36,南口西站,000000058256930
