stationId,stopNumber,stopName,lineId
110100013556029,1,知春里东站,000000058426190
110100013556003,2,白塔庵,000000058426190
110100013556004,3,白塔庵南,000000058426190
110100013556005,4,红民村,000000058426190
110100013556006,5,四通桥东,000000058426190
110100013556007,6,四通桥西,000000058426190
110100013556008,7,三义庙,000000058426190
110100013556009,8,为公桥,000000058426190
110100013556010,9,万寿寺,000000058426190
110100013556030,10,紫竹桥北,000000058426190
110100013556011,11,紫竹桥南,000000058426190
110100013556012,12,花园桥南,000000058426190
110100013556031,13,航天桥北,000000058426190
110100013556013,14,航天桥南,000000058426190
110100013556014,15,八一湖,000000058426190
110100013556015,16,公主坟北,000000058426190
110100013556016,17,公主坟南,000000058426190
110100013556017,18,六里桥北里,000000058426190
110100013556018,19,六里桥南,000000058426190
110100013556019,20,西局,000000058426190
110100013556020,21,丽泽桥西,000000058426190
110100013556021,22,地铁西局站,000000058426190
110100013556022,23,丰台北路,000000058426190
110100013556023,24,东大街北口,000000058426190
110100013556024,25,北大街,000000058426190
110100013556025,26,北大地,000000058426190
110100013556026,27,正阳桥北,000000058426190
110100013556027,28,看丹桥,000000058426190
110100013556028,29,富丰桥西,000000058426190
