stationId,stopNumber,stopName,lineId
900000162430001,1,长椿街路口西,000000058200630
900000162430002,2,广义街北口,000000058200630
900000162430003,3,广义街南口,000000058200630
900000162430004,4,广安门内,000000058200630
900000162430005,5,广安门南,000000058200630
900000162430006,6,椿树馆街,000000058200630
900000162430007,7,白纸坊桥南,000000058200630
900000162430008,8,玉泉营桥北,000000058200630
900000162430009,9,高米店,000000058200630
900000162430010,10,康庄路东口,000000058200630
900000162430020,11,福海路西口,000000058200630
900000162430011,12,滨河东里,000000058200630
900000162430012,13,清源路东口,000000058200630
900000162430013,14,新安里,000000058200630
900000162430014,15,首座御园,000000058200630
900000162430015,16,团河农场,000000058200630
900000162430016,17,团河行宫,000000058200630
900000162430017,18,团河北村,000000058200630
900000162430018,19,团河工业园,000000058200630
900000162430019,20,振亚庄,000000058200630
