stationId,stopNumber,stopName,lineId
110100016112002,1,解放村桥东,000000058451450
110100016112003,2,河庄,000000058451450
110100016112004,3,河庄村委会,000000058451450
110100016112005,4,昌平麦庄,000000058451450
110100016112006,5,昌平东营村北,000000058451450
110100016112007,6,昌平西营村东,000000058451450
110100016112008,7,昌平西营村西,000000058451450
110100016112009,8,沙坨村南,000000058451450
110100016112010,9,兴寿草莓园,000000058451450
110100016112011,10,沙坨,000000058451450
110100016112012,11,兴寿镇政府东,000000058451450
110100016112013,12,兴寿镇政府,000000058451450
110100016112014,13,昌平东庄,000000058451450
110100016112015,14,南庄,000000058451450
110100016112016,15,南庄营,000000058451450
110100016112017,16,昌平崔村,000000058451450
110100016112018,17,崔村镇政府,000000058451450
110100016112019,18,八家,000000058451450
110100016112020,19,朝辛路口东,000000058451450
110100016112036,20,昌平何营,000000058451450
110100016112022,21,小北哨,000000058451450
110100016112023,22,北邵洼,000000058451450
110100016112024,23,昌平东关路口东,000000058451450
110100016112038,24,昌平东关路口北,000000058451450
110100016112039,25,朝凤庵村,000000058451450
