stationId,stopNumber,stopName,lineId
110100016455002,1,百子湾家园东站,000000058643931
110100016455003,2,百子湾家园,000000058643931
110100016455004,3,百子湾家园西站,000000058643931
110100016455005,4,水南庄东站,000000058643931
110100016455006,5,水南庄,000000058643931
110100016455007,6,百子湾,000000058643931
110100016455008,7,百子湾桥东,000000058643931
110100016455009,8,百子湾桥西,000000058643931
110100016455010,9,百子湾路口东,000000058643931
110100016455011,10,九龙山,000000058643931
110100016455012,11,九龙山路口西,000000058643931
110100016455013,12,九龙花园,000000058643931
110100016455014,13,双井桥东,000000058643931
110100016455015,14,双井桥西,000000058643931
110100016455016,15,惠力路南口,000000058643931
110100016455017,16,天力街西口,000000058643931
110100016455018,17,广和里中街,000000058643931
110100016455019,18,马圈,000000058643931
110100016455020,19,广渠门,000000058643931
