stationId,stopNumber,stopName,lineId
110100011826019,1,南天门沟门,000005815190730
110100011826002,2,小龙潭,000005815190730
110100011826003,3,牛圈子,000005815190730
110100011826004,4,东沟门,000005815190730
110100011826005,5,宝山镇北湾,000005815190730
110100011826016,6,宝山寺桥,000005815190730
110100011826006,7,宝山寺,000005815190730
110100011826020,8,宝山寺东,000005815190730
110100011826007,9,怀柔下营,000005815190730
110100011826021,10,怀柔下营东,000005815190730
110100011826022,11,怀柔下营新村,000005815190730
110100011826008,12,杨树下,000005815190730
110100011826017,13,小河东,000005815190730
110100011826009,14,转年,000005815190730
110100011826010,15,大河东,000005815190730
110100011826011,16,鸽子堂,000005815190730
110100011826023,17,小黑柳沟门,000005815190730
110100011826024,18,大榆树沟门,000005815190730
110100011826012,19,西帽湾,000005815190730
110100011826013,20,东帽湾,000005815190730
110100011826015,21,庄户沟门,000005815190730
110100011826014,22,汤河口,000005815190730
