stationId,stopNumber,stopName,lineId
900000099988008,1,晓月苑公交场站,000008463443941
900000099988009,2,晓月苑八里,000008463443941
900000099988010,3,晓月苑小区,000008463443941
900000099988011,4,晓月苑二里,000008463443941
900000099988012,5,晓月苑一里,000008463443941
900000099988013,6,新月家园,000008463443941
900000099988014,7,抗战雕塑园,000008463443941
900000099988025,8,地铁榆树庄站,000008463443941
900000099988022,9,看丹南路西,000008463443941
900000099988023,10,看丹南路,000008463443941
900000099988024,11,地铁看丹站,000008463443941
900000099988015,12,内环西路北口,000008463443941
900000099988016,13,中核路口东,000008463443941
900000099988017,14,航丰路口,000008463443941
900000099988018,15,海鹰路口,000008463443941
900000099988019,16,总部基地六区,000008463443941
900000099988020,17,总部基地金融港,000008463443941
900000099988021,18,地铁丰台科技园站,000008463443941
