stationId,stopNumber,stopName,lineId
110100013707033,1,巴沟村,000000058151461
110100013707003,2,海淀南路西口,000000058151461
110100013707004,3,海淀南路,000000058151461
110100013707005,4,海淀黄庄东,000000058151461
110100013707006,5,知春里,000000058151461
110100013707007,6,白塔庵东,000000058151461
110100013707008,7,知春路,000000058151461
110100013707032,8,学知桥北,000000058151461
110100013707009,9,北京航空航天大学,000000058151461
110100013707010,10,学院桥东,000000058151461
110100013707011,11,志新桥西,000000058151461
110100013707012,12,健翔桥西,000000058151461
110100013707013,13,健翔桥东,000000058151461
110100013707014,14,北辰西桥,000000058151461
110100013707015,15,亚运村,000000058151461
110100013707016,16,安慧桥东,000000058151461
110100013707017,17,惠新东桥北,000000058151461
110100013707018,18,小营东路,000000058151461
110100013707019,19,世纪村,000000058151461
110100013707020,20,育慧东路,000000058151461
110100013707021,21,姜庄湖,000000058151461
110100013707022,22,关庄路东口,000000058151461
110100013707023,23,黄草湾,000000058151461
110100013707024,24,顾家庄桥南,000000058151461
110100013707025,25,顾家庄桥北,000000058151461
110100013707026,26,红军营南路东口,000000058151461
110100013707027,27,清河营南一街东口,000000058151461
110100013707028,28,清河营中街东口,000000058151461
110100013707029,29,水岸南街东口,000000058151461
110100013707030,30,水岸中街东口,000000058151461
110100013707031,31,清河营公交场站,000000058151461
