stationId,stopNumber,stopName,lineId
900000112184001,1,中国科学院大学东区,000009536864461
900000112184002,2,怀北镇,000009536864461
900000112184016,3,顶秀美泉小镇,000009536864461
900000112184014,4,雁栖大街西口,000009536864461
900000112184015,5,栖美园小区,000009536864461
900000112184004,6,雁栖大街路口南,000009536864461
900000112184005,7,金枫儒苑,000009536864461
900000112184006,8,雁栖开发区管委会,000009536864461
900000112184007,9,京密北四街,000009536864461
900000112184024,10,怀柔实验室,000009536864461
900000112184008,11,北房西桥北,000009536864461
900000112184012,12,北房西桥南,000009536864461
900000112184020,13,博雅大街西口,000009536864461
900000112184021,14,中影基地东,000009536864461
900000112184023,15,北京电影学院怀柔校区西门,000009536864461
900000112184022,16,瑞丰大街西口,000009536864461
900000112184011,17,地铁望京西站,000009536864461
