stationId,stopNumber,stopName,lineId
900000048483029,1,胡各庄村南,000000000022430
900000048483030,2,胡各庄新村西,000000000022430
900000048483031,3,清风路,000000000022430
900000048483032,4,地铁东夏园站,000000000022430
900000048483021,5,东夏园路口南,000000000022430
900000048483024,6,大运河森林公园,000000000022430
900000048483033,7,绿心公园东门,000000000022430
900000048483026,8,绿心公园东南门,000000000022430
900000048483005,9,梁各庄北,000000000022430
900000048483034,10,梁各庄村,000000000022430
900000048483023,11,张辛庄村,000000000022430
900000048483027,12,梧桐路,000000000022430
900000048483006,13,云杉路口西,000000000022430
900000048483028,14,张家湾养老中心,000000000022430
900000048483019,15,环湖小区北口,000000000022430
900000048483020,16,环湖小区东门,000000000022430
900000048483008,17,环湖小区,000000000022430
