stationId,stopNumber,stopName,lineId
110100016265076,1,石花洞,000011574151060
110100016265004,2,南车营,000011574151060
110100016265068,3,南车营村口,000011574151060
110100016265084,4,黄土坡西站,000011574151060
110100016265005,5,黄土坡,000011574151060
110100016265006,6,黄土坡南站,000011574151060
110100016265007,7,石花洞路口,000011574151060
110100016265011,8,惠景新苑小区,000011574151060
110100016265013,9,漫水河,000011574151060
110100016265014,10,辛开口,000011574151060
110100016265015,11,辛开口东,000011574151060
110100016265077,12,化工厂路口,000011574151060
110100016265017,13,坨里北站,000011574151060
110100016265018,14,青龙湖镇政府,000011574151060
110100016265019,15,东沟路口,000011574151060
110100016265020,16,韩家沟,000011574151060
110100016265021,17,房山马家沟,000011574151060
110100016265022,18,上岗上,000011574151060
110100016265023,19,岗上村,000011574151060
110100016265079,20,岗上村东,000011574151060
110100016265024,21,房山豆各庄路口,000011574151060
110100016265080,22,高家川,000011574151060
110100016265025,23,房山果各庄北站,000011574151060
110100016265026,24,房山果各庄村,000011574151060
110100016265027,25,西庄户路口,000011574151060
110100016265028,26,小马村,000011574151060
110100016265029,27,大马村,000011574151060
110100016265030,28,南上岗路口,000011574151060
110100016265031,29,房山张庄,000011574151060
110100016265032,30,小紫草坞路口,000011574151060
110100016265033,31,后沿村,000011574151060
110100016265034,32,前沿村,000011574151060
110100016265081,33,阎村路口,000011574151060
110100016265035,34,阎村,000011574151060
110100016265036,35,炒米店路口,000011574151060
110100016265038,36,阎村桥,000011574151060
110100016265039,37,蓝光海悦城小区,000011574151060
110100016265040,38,良乡西路,000011574151060
110100016265041,39,苏庄东街北口,000011574151060
110100016265042,40,良乡西门,000011574151060
110100016265043,41,西潞南大街,000011574151060
110100016265044,42,地铁良乡南关站西,000011574151060
110100016265045,43,良乡经济开发区东门,000011574151060
110100016265046,44,良乡大南关村,000011574151060
110100016265066,45,良乡机动车检测场,000011574151060
110100016265096,46,临时站,000011574151060
110100016265097,47,房山肖庄东站,000011574151060
110100016265086,48,房山小营路口,000011574151060
110100016265085,49,房山小营村,000011574151060
110100016265063,50,房山小营东站,000011574151060
110100016265052,51,房山南刘庄西口,000011574151060
110100016265082,52,后石羊村北,000011574151060
110100016265053,53,后石羊村,000011574151060
110100016265087,54,后石羊路口,000011574151060
110100016265088,55,东石羊,000011574151060
110100016265055,56,西石羊路口,000011574151060
110100016265056,57,官道村东,000011574151060
110100016265057,58,官道,000011574151060
110100016265092,59,南庄子,000011574151060
110100016265059,60,江村路口,000011574151060
110100016265073,61,江村村东,000011574151060
110100016265074,62,江村,000011574151060
110100016265083,63,金隅科技园东站,000011574151060
110100016265075,64,金隅科技园,000011574151060
