stationId,stopNumber,stopName,lineId
900000141301055,1,篱笆房客运站,000011574150580
900000141301056,2,芭蕾雨悦都小区,000011574150580
900000141301057,3,金域公园小区,000011574150580
900000141301066,4,碧桂园东,000011574150580
900000141301067,5,长阳一村西,000011574150580
900000141301005,6,原香小镇,000011574150580
900000141301058,7,黄辛庄路口,000011574150580
900000141301059,8,送变电公司,000011574150580
900000141301060,9,送变电公司南,000011574150580
900000141301061,10,良乡火车站路口,000011574150580
900000141301062,11,昊天温泉家园,000011574150580
900000141301015,12,良乡医院,000011574150580
900000141301016,13,良乡大角,000011574150580
900000141301017,14,拱辰南大街,000011574150580
900000141301018,15,地铁良乡南关站东,000011574150580
900000141301019,16,昊天嘉园,000011574150580
900000141301020,17,瑞雪春堂,000011574150580
900000141301021,18,常庄路口,000011574150580
900000141301022,19,黑古台北,000011574150580
900000141301023,20,黑古台,000011574150580
900000141301024,21,房山白房子,000011574150580
900000141301025,22,房山小营路口,000011574150580
900000141301026,23,邢家坞路口,000011574150580
900000141301027,24,官道,000011574150580
900000141301028,25,南庄子,000011574150580
900000141301029,26,江村路口,000011574150580
900000141301075,27,下禅坊,000011574150580
900000141301076,28,下禅房南站,000011574150580
900000141301077,29,张谢北,000011574150580
900000141301078,30,张谢,000011574150580
900000141301079,31,张谢桥,000011574150580
900000141301080,32,房山河口,000011574150580
900000141301081,33,陈家房,000011574150580
900000141301082,34,前柳,000011574150580
900000141301083,35,两间房,000011574150580
900000141301084,36,房山兴隆庄,000011574150580
900000141301068,37,西地村南路北口,000011574150580
900000141301069,38,西地村北,000011574150580
900000141301070,39,西地村南,000011574150580
900000141301071,40,西地村南路南口,000011574150580
900000141301072,41,东南召东站,000011574150580
900000141301043,42,东南召,000011574150580
900000141301064,43,南召中学,000011574150580
900000141301065,44,北白,000011574150580
900000141301050,45,南白村,000011574150580
900000141301051,46,薛庄村口,000011574150580
900000141301052,47,薛庄村,000011574150580
