stationId,stopNumber,stopName,lineId
110100014601071,1,大瓦窑公交场站,000011531333891
110100014601062,2,张仪村南站,000011531333891
110100014601063,3,张仪村,000011531333891
110100014601064,4,张仪村北站,000011531333891
110100014601065,5,吴庄南,000011531333891
110100014601003,6,吴家村路西口,000011531333891
110100014601004,7,吴家村,000011531333891
110100014601005,8,吴家村路东口,000011531333891
110100014601006,9,小瓦窑,000011531333891
110100014601007,10,石槽,000011531333891
110100014601008,11,玉泉路口南,000011531333891
110100014601009,12,玉泉路口北,000011531333891
110100014601010,13,航天中心医院,000011531333891
110100014601011,14,金沟河路西口,000011531333891
110100014601012,15,玉海园南口,000011531333891
110100014601013,16,铁家坟北,000011531333891
110100014601014,17,阜永路口南,000011531333891
110100014601015,18,田村半壁店南,000011531333891
110100014601016,19,田村半壁店东,000011531333891
110100014601017,20,五孔桥,000011531333891
110100014601018,21,定慧北桥,000011531333891
110100014601019,22,五路桥,000011531333891
110100014601020,23,营慧寺,000011531333891
110100014601021,24,四季青桥南,000011531333891
110100014601022,25,四季青桥北,000011531333891
110100014601023,26,东冉村,000011531333891
110100014601024,27,远大路,000011531333891
110100014601025,28,远大路东口,000011531333891
110100014601026,29,万柳中路南口,000011531333891
110100014601027,30,汇新家园,000011531333891
110100014601028,31,巴沟村,000011531333891
110100014601029,32,海淀南路西口,000011531333891
110100014601030,33,北京市地震局,000011531333891
110100014601031,34,海淀桥北,000011531333891
110100014601032,35,北京大学西门,000011531333891
110100014601033,36,颐和园路东口,000011531333891
110100014601034,37,西苑,000011531333891
110100014601035,38,骚子营,000011531333891
110100014601036,39,小清河,000011531333891
110100014601070,40,中央党校北门,000011531333891
