stationId,stopNumber,stopName,lineId
110100013681032,1,东北旺中路,000000058150950
110100013681033,2,东北旺中路南口,000000058150950
110100013681034,3,菊园东站,000000058150950
110100013681035,4,马连洼北路东口,000000058150950
110100013681036,5,风芳园,000000058150950
110100013681037,6,上地南口,000000058150950
110100013681038,7,正白旗,000000058150950
110100013681039,8,北京体育大学,000000058150950
110100013681040,9,圆明园东门,000000058150950
110100013681041,10,清华附中,000000058150950
110100013681042,11,圆明园东路,000000058150950
110100013681014,12,清华大学西门,000000058150950
110100013681015,13,中关园北站,000000058150950
110100013681016,14,蓝旗营,000000058150950
110100013681017,15,清华园,000000058150950
110100013681018,16,五道口,000000058150950
110100013681019,17,地铁五道口站,000000058150950
110100013681020,18,北京语言大学,000000058150950
110100013681043,19,中国地质大学,000000058150950
110100013681021,20,成府路口南,000000058150950
110100013681022,21,北京航空航天大学,000000058150950
110100013681031,22,学知桥南,000000058150950
110100013681024,23,蓟门桥北,000000058150950
110100013681025,24,蓟门桥南,000000058150950
110100013681026,25,明光桥南,000000058150950
110100013681027,26,文慧桥南,000000058150950
110100013681028,27,索家坟,000000058150950
110100013681029,28,北京北站,000000058150950
