stationId,stopNumber,stopName,lineId
110100013993019,1,白鹿司北街,000000058500231
110100013993002,2,柏阳景园小区,000000058500231
110100013993003,3,白鹿司西,000000058500231
110100013993004,4,五方桥西,000000058500231
110100013993005,5,王四营桥东,000000058500231
110100013993006,6,王四营桥西,000000058500231
110100013993020,7,陶庄,000000058500231
110100013993008,8,垡头桥北,000000058500231
110100013993009,9,朝阳大柳树,000000058500231
110100013993022,10,地铁南楼梓庄站,000000058500231
110100013993021,11,南楼梓庄,000000058500231
110100013993011,12,窑洼湖桥东,000000058500231
110100013993012,13,北京工业大学北站,000000058500231
110100013993013,14,北京工业大学,000000058500231
110100013993023,15,松榆北路东口,000000058500231
110100013993024,16,松榆北路,000000058500231
110100013993025,17,潘家园桥东,000000058500231
110100013993018,18,劲松桥南,000000058500231
110100013993017,19,劲松桥东,000000058500231
