stationId,stopNumber,stopName,lineId
900000020616016,1,航天桥北,000000058185551
900000020616017,2,花园桥南,000000058185551
900000020616018,3,紫竹桥南,000000058185551
900000020616019,4,万寿寺,000000058185551
900000020616020,5,为公桥,000000058185551
900000020616021,6,魏公村路,000000058185551
900000020616022,7,中国农业科学院南门,000000058185551
900000020616056,8,皂君庙西站,000000058185551
900000020616023,9,皂君庙,000000058185551
900000020616024,10,皂君庙东站,000000058185551
900000020616025,11,明光村西站,000000058185551
900000020616026,12,明光村,000000058185551
900000020616027,13,北京邮电大学南门,000000058185551
900000020616028,14,北京师范大学南门,000000058185551
900000020616029,15,铁狮子坟,000000058185551
900000020616030,16,北太平桥北,000000058185551
900000020616031,17,牡丹园,000000058185551
900000020616032,18,牡丹园北,000000058185551
900000020616033,19,志新桥南,000000058185551
900000020616034,20,健翔桥西,000000058185551
900000020616035,21,健翔桥东,000000058185551
900000020616036,22,北辰西桥,000000058185551
900000020616037,23,亚运村,000000058185551
900000020616038,24,安慧桥北,000000058185551
900000020616039,25,慧忠路西口,000000058185551
900000020616040,26,国家体育场东,000000058185551
