stationId,stopNumber,stopName,lineId
110100010651028,1,西山林语公交场站,000000058489750
110100010651033,2,冷泉村北,000000058489750
110100010651030,3,屯佃大桥,000000058489750
110100010651031,4,亮甲店西站,000000058489750
110100010651032,5,亮甲店,000000058489750
110100010651004,6,回民公墓,000000058489750
110100010651005,7,西北旺,000000058489750
110100010651006,8,百望山森林公园,000000058489750
110100010651007,9,百旺家苑,000000058489750
110100010651008,10,马连洼西站,000000058489750
110100010651009,11,马连洼,000000058489750
110100010651010,12,菊园,000000058489750
110100010651011,13,菊园东站,000000058489750
110100010651012,14,马连洼北路东口,000000058489750
110100010651013,15,上地三街西口,000000058489750
110100010651027,16,上地三街东口,000000058489750
110100010651014,17,上地桥东,000000058489750
110100010651015,18,清河大楼,000000058489750
110100010651016,19,清河小营桥西,000000058489750
110100010651017,20,清河小营桥南,000000058489750
110100010651018,21,清河,000000058489750
110100010651019,22,清河南镇,000000058489750
110100010651020,23,花虎沟,000000058489750
110100010651021,24,双泉堡,000000058489750
110100010651022,25,北沙滩桥东,000000058489750
110100010651023,26,南沟泥河,000000058489750
110100010651024,27,豹房,000000058489750
110100010651025,28,大屯南,000000058489750
110100010651026,29,慧忠里,000000058489750
