stationId,stopNumber,stopName,lineId
110100013766031,1,丽园路公交场站,000000058342271
110100013766032,2,成庄巷路口,000000058342271
110100013766033,3,丽园小区,000000058342271
110100013766036,4,丽园路口北,000000058342271
110100013766037,5,枣园东巷南口,000000058342271
110100013766034,6,地铁枣园站,000000058342271
110100013766035,7,大兴小营,000000058342271
110100013766008,8,洪村,000000058342271
110100013766042,9,洪村东,000000058342271
110100013766009,10,康顺园小区,000000058342271
110100013766010,11,高米店,000000058342271
110100013766011,12,郁花园,000000058342271
110100013766039,13,西红门南站,000000058342271
110100013766040,14,西红门北站,000000058342271
110100013766030,15,九龙山庄,000000058342271
110100013766014,16,新发地村,000000058342271
110100013766015,17,新发地北,000000058342271
110100013766016,18,马家楼桥北,000000058342271
110100013766017,19,玉泉营桥南,000000058342271
110100013766018,20,玉泉营桥,000000058342271
110100013766019,21,玉泉营桥北,000000058342271
110100013766020,22,菜户营桥东,000000058342271
110100013766021,23,白纸坊桥北,000000058342271
110100013766022,24,椿树馆街,000000058342271
110100013766023,25,广安门南,000000058342271
110100013766041,26,广外关厢,000000058342271
110100013766024,27,达官营,000000058342271
110100013766025,28,广外甘石桥,000000058342271
110100013766026,29,湾子,000000058342271
110100013766027,30,北京西站南广场,000000058342271
