stationId,stopNumber,stopName,lineId
110100015647001,1,来广营西桥东,000000058416901
110100015647026,2,来广营路口西,000000058416901
110100015647002,3,广顺桥南,000000058416901
110100015647003,4,利泽中街西口,000000058416901
110100015647004,5,利泽西街东口,000000058416901
110100015647005,6,东湖,000000058416901
110100015647006,7,北湖渠,000000058416901
110100015647007,8,新新家园,000000058416901
110100015647008,9,新新家园西站,000000058416901
110100015647009,10,辛店路西口,000000058416901
110100015647010,11,北苑路大屯北站,000000058416901
110100015647011,12,地铁大屯路东站,000000058416901
110100015647012,13,大屯东,000000058416901
110100015647013,14,豹房,000000058416901
110100015647036,15,豹房西,000000058416901
110100015647037,16,洼里南口,000000058416901
110100015647038,17,中科院地理所,000000058416901
110100015647016,18,科学园南里中街,000000058416901
110100015647017,19,安翔北里,000000058416901
110100015647018,20,志新路,000000058416901
110100015647019,21,北京科技大学北门,000000058416901
110100015647020,22,中国地质大学,000000058416901
110100015647021,23,北京语言大学,000000058416901
110100015647022,24,展春园西路北口,000000058416901
110100015647023,25,展春园西路南口,000000058416901
110100015647024,26,大运村路北口,000000058416901
110100015647025,27,大运村公交场站,000000058416901
