stationId,stopNumber,stopName,lineId
110100014075002,1,地铁荣昌东街站,000000058526821
110100014075003,2,同仁医院亦庄分院,000000058526821
110100014075004,3,泰河园五里,000000058526821
110100014075005,4,泰河园二里,000000058526821
110100014075006,5,泰河园三里,000000058526821
110100014075007,6,泰河路口南,000000058526821
110100014075008,7,亦庄第二中心小学,000000058526821
110100014075009,8,南海家园六里,000000058526821
110100014075010,9,南海家园五里,000000058526821
110100014075018,10,海梓府小区,000000058526821
110100014075017,11,千顷堂街,000000058526821
110100014075011,12,南海家园七里,000000058526821
110100014075012,13,泰河三街西口,000000058526821
110100014075013,14,鹿海园五里东门,000000058526821
110100014075014,15,鹿海园三里,000000058526821
110100014075015,16,鹿海园四里,000000058526821
110100014075016,17,博兴六路公交场站,000000058526821
