stationId,stopNumber,stopName,lineId
110100014491026,1,河防口,000007714718680
110100014491027,2,河防口南,000007714718680
110100014491003,3,怀北庄,000007714718680
110100014491004,4,怀北庄南,000007714718680
110100014491005,5,雁栖湖,000007714718680
110100014491029,6,怀北镇,000007714718680
110100014491007,7,北台下,000007714718680
110100014491008,8,永乐庄路口,000007714718680
110100014491009,9,顶秀美泉小镇,000007714718680
110100014491010,10,雁栖镇北口,000007714718680
110100014491011,11,雁栖镇,000007714718680
110100014491012,12,雁栖镇南口,000007714718680
110100014491013,13,中富乐,000007714718680
110100014491030,14,大中富乐村口,000007714718680
110100014491031,15,迎宾路北口,000007714718680
110100014491016,16,杨家园,000007714718680
110100014491017,17,滨湖小区,000007714718680
110100014491018,18,礼贤街,000007714718680
110100014491019,19,兴怀大街,000007714718680
110100014491020,20,金台园小区,000007714718680
110100014491021,21,兴怀大街东口,000007714718680
110100014491022,22,怀柔区新医院北,000007714718680
