stationId,stopNumber,stopName,lineId
110100013697002,1,永定门汽车站,000000058151060
110100013697003,2,北京南站,000000058151060
110100013697004,3,开阳桥北,000000058151060
110100013697005,4,自新路口北,000000058151060
110100013697006,5,南横街路口北,000000058151060
110100013697007,6,菜市口西,000000058151060
110100013697008,7,牛街路口西,000000058151060
110100013697009,8,广安门内,000000058151060
110100013697010,9,广安门南,000000058151060
110100013697011,10,椿树馆街,000000058151060
110100013697012,11,白纸坊桥北,000000058151060
110100013697013,12,菜户营桥北,000000058151060
110100013697014,13,玉泉营桥北,000000058151060
110100013697015,14,玉泉营桥南,000000058151060
110100013697016,15,马家楼桥北,000000058151060
110100013697017,16,新发地北,000000058151060
110100013697018,17,九龙山庄,000000058151060
110100013697029,18,九龙家园,000000058151060
110100013697019,19,欣旺北大街北口,000000058151060
110100013697020,20,兴都苑小区,000000058151060
110100013697021,21,宏盛家园,000000058151060
110100013697022,22,兴海家园,000000058151060
110100013697023,23,兴海学校,000000058151060
110100013697024,24,兴海公园,000000058151060
110100013697025,25,宏福路,000000058151060
110100013697026,26,地铁西红门站,000000058151060
110100013697027,27,地铁文化公园,000000058151060
110100013697028,28,西红门公交场站,000000058151060
