stationId,stopNumber,stopName,lineId
900000028393018,1,公益桥东,000011531333690
900000028393020,2,公益桥,000011531333690
900000028393031,3,公益西桥东,000011531333690
900000028393022,4,公益西桥北,000011531333690
900000028393023,5,地铁公益西桥站,000011531333690
900000028393024,6,四顷三村,000011531333690
900000028393025,7,地铁角门西站,000011531333690
900000028393026,8,嘉园二里东门,000011531333690
900000028393027,9,马家堡小区,000011531333690
900000028393028,10,角门北路,000011531333690
900000028393002,11,角门路口,000011531333690
900000028393003,12,角门,000011531333690
900000028393004,13,地铁角门东站,000011531333690
900000028393005,14,西马场,000011531333690
900000028393006,15,西马场南里,000011531333690
900000028393029,16,公益东桥西,000011531333690
900000028393030,17,公益桥东,000011531333690
