stationId,stopNumber,stopName,lineId
110100013654002,1,青青家园,000000058150750
110100013654003,2,豆各庄桥,000000058150750
110100013654004,3,白鹿司,000000058150750
110100013654016,4,柏阳景园小区,000000058150750
110100013654005,5,五方桥西,000000058150750
110100013654006,6,王四营桥东,000000058150750
110100013654007,7,王四营,000000058150750
110100013654024,8,古塔公园,000000058150750
110100013654025,9,观音堂,000000058150750
110100013654026,10,观音堂北,000000058150750
110100013654009,11,朝阳半壁店北,000000058150750
110100013654027,12,高碑店南站,000000058150750
110100013654028,13,高碑店,000000058150750
110100013654029,14,高碑店桥南,000000058150750
110100013654030,15,四惠东站,000000058150750
110100013654031,16,陈家林,000000058150750
110100013654032,17,四惠站,000000058150750
110100013654015,18,四惠枢纽站,000000058150750
