stationId,stopNumber,stopName,lineId
110100015909002,1,五间楼,000000058211391
110100015909003,2,贾家花园,000000058211391
110100015909004,3,赵公口桥南,000000058211391
110100015909005,4,定安路,000000058211391
110100015909006,5,琉璃井,000000058211391
110100015909007,6,安乐林,000000058211391
110100015909008,7,沙子口东,000000058211391
110100015909009,8,永定门内,000000058211391
110100015909010,9,先农坛,000000058211391
110100015909030,10,天坛西门,000000058211391
110100015909011,11,天桥,000000058211391
110100015909012,12,友谊医院东,000000058211391
110100015909031,13,永安路,000000058211391
110100015909013,14,虎坊桥路口南,000000058211391
110100015909014,15,琉璃厂南,000000058211391
110100015909015,16,和平门外,000000058211391
110100015909016,17,宣武门东,000000058211391
110100015909017,18,长椿街路口北,000000058211391
110100015909018,19,新文化街西口,000000058211391
110100015909019,20,太平桥,000000058211391
110100015909020,21,辟才胡同,000000058211391
110100015909021,22,丰盛胡同,000000058211391
110100015909022,23,白塔寺南,000000058211391
110100015909023,24,报子胡同,000000058211391
110100015909024,25,祖家街,000000058211391
110100015909025,26,宝产胡同,000000058211391
110100015909026,27,新开胡同,000000058211391
110100015909027,28,西直门内,000000058211391
110100015909028,29,西直门外,000000058211391
110100015909029,30,动物园枢纽站,000000058211391
