stationId,stopNumber,stopName,lineId
110100014685002,1,前门,000000058566190
110100014685026,2,天坛西门,000000058566190
110100014685004,3,永定门内,000000058566190
110100014685005,4,沙子口,000000058566190
110100014685006,5,木樨园桥,000000058566190
110100014685007,6,南苑路果园,000000058566190
110100014685018,7,大红门西里,000000058566190
110100014685008,8,大红门桥,000000058566190
110100014685009,9,久敬庄,000000058566190
110100014685010,10,和义农场,000000058566190
110100014685019,11,和义南站,000000058566190
110100014685020,12,三营门,000000058566190
110100014685021,13,西洼地,000000058566190
110100014685022,14,东高地,000000058566190
110100014685023,15,六营门,000000058566190
110100014685024,16,东营房,000000058566190
110100014685025,17,德茂庄,000000058566190
