stationId,stopNumber,stopName,lineId
900000035222001,1,大水峪,000004341317290
900000035222002,2,邓各庄,000004341317290
900000035222034,3,神山路口,000004341317290
900000035222035,4,怀柔东庄北,000004341317290
900000035222004,5,怀柔东庄,000004341317290
900000035222023,6,怀北镇,000004341317290
900000035222007,7,北台下,000004341317290
900000035222036,8,永乐大街西口,000004341317290
900000035222044,9,雁栖北二街北口(临时站),000004341317290
900000035222025,10,雁栖北二街,000004341317290
900000035222037,11,雁栖大街路口北,000004341317290
900000035222031,12,雁栖大街路口西,000004341317290
900000035222032,13,栖美园小区,000004341317290
900000035222033,14,雁栖大街西口,000004341317290
900000035222020,15,雁栖镇北口,000004341317290
900000035222029,16,雁栖镇,000004341317290
900000035222021,17,雁栖镇南口,000004341317290
900000035222015,18,中富乐,000004341317290
900000035222038,19,大中富乐村口,000004341317290
900000035222039,20,迎宾路北口,000004341317290
900000035222040,21,于家园一区,000004341317290
900000035222019,22,于家园,000004341317290
900000035222041,23,下元,000004341317290
900000035222042,24,星东天地,000004341317290
900000035222043,25,怀柔区新医院北,000004341317290
