stationId,stopNumber,stopName,lineId
110100013980002,1,雍王府,000000058496060
110100013980003,2,绍家坡,000000058496060
110100013980004,3,福寿岭,000000058496060
110100013980005,4,模式口东里,000000058496060
110100013980006,5,金顶北街,000000058496060
110100013980007,6,金顶街北口,000000058496060
110100013980008,7,金顶街三区,000000058496060
110100013980009,8,苹果园路西口,000000058496060
110100013980010,9,地铁苹果园站北,000000058496060
110100013980011,10,苹果园路东口,000000058496060
110100013980012,11,苹果园北,000000058496060
110100013980013,12,苹果园南,000000058496060
110100013980014,13,杨庄路西口,000000058496060
110100013980015,14,杨庄路,000000058496060
110100013980016,15,杨庄路东口,000000058496060
110100013980017,16,杨庄小区,000000058496060
110100013980018,17,时代花园南路,000000058496060
110100013980036,18,时代花园北路,000000058496060
110100013980020,19,晋元庄,000000058496060
110100013980021,20,八角北路东站,000000058496060
110100013980022,21,八角北路,000000058496060
110100013980023,22,八角西街北口,000000058496060
110100013980024,23,石景山科技馆,000000058496060
110100013980025,24,八角西街,000000058496060
110100013980026,25,京燕饭店,000000058496060
110100013980027,26,京原路口西,000000058496060
110100013980028,27,京原路口东,000000058496060
110100013980029,28,京原东站,000000058496060
110100013980030,29,老山,000000058496060
110100013980031,30,地铁八宝山站,000000058496060
110100013980037,31,远洋山水小区西,000000058496060
110100013980033,32,莲芳东桥北,000000058496060
110100013980035,33,吴庄公交场站,000000058496060
