stationId,stopNumber,stopName,lineId
110100014296037,1,先农坛,000000058207200
110100014296003,2,永定门西,000000058207200
110100014296004,3,陶然亭公园南门,000000058207200
110100014296039,4,开阳桥西,000000058207200
110100014296040,5,右安门东,000000058207200
110100014296025,6,右安门西,000000058207200
110100014296006,7,玉泉营桥北,000000058207200
110100014296007,8,玉泉营桥西,000000058207200
110100014296008,9,夏家胡同(西行),000000058207200
110100014296027,10,丰益桥南,000000058207200
110100014296038,11,夏家胡同(东行),000000058207200
110100014296009,12,纪家庙,000000058207200
110100014296028,13,万芳园一区,000000058207200
110100014296029,14,地铁首经贸站,000000058207200
110100014296035,15,首经贸南路东口,000000058207200
110100014296036,16,四合庄东,000000058207200
110100014296030,17,四合庄,000000058207200
110100014296031,18,鸿业兴园,000000058207200
110100014296032,19,怡海花园北门,000000058207200
110100014296033,20,恒富花园北门,000000058207200
110100014296034,21,科丰桥北,000000058207200
110100014296019,22,科丰桥南,000000058207200
110100014296020,23,六圈,000000058207200
110100014296021,24,田何庄,000000058207200
110100014296022,25,世界公园,000000058207200
110100014296023,26,丰葆路东口,000000058207200
