stationId,stopNumber,stopName,lineId
900000034387001,1,张坊村南,000009990965190
900000034387002,2,落宝滩,000009990965190
900000034387003,3,王家磨,000009990965190
900000034387004,4,蔡庄北站,000009990965190
900000034387025,5,蔡庄,000009990965190
900000034387006,6,东地,000009990965190
900000034387007,7,翁家铺,000009990965190
900000034387008,8,下滩村委会,000009990965190
900000034387009,9,出水沟,000009990965190
900000034387010,10,郑家磨村口,000009990965190
900000034387026,11,土堤,000009990965190
900000034387029,12,郑家磨路口,000009990965190
900000034387011,13,镇江营,000009990965190
900000034387012,14,镇江营大桥,000009990965190
900000034387013,15,塔照南站,000009990965190
900000034387014,16,塔照村委会,000009990965190
900000034387015,17,塔照北站,000009990965190
900000034387016,18,塔照,000009990965190
900000034387017,19,南尚乐,000009990965190
900000034387018,20,北尚乐,000009990965190
900000034387019,21,黑天桥,000009990965190
900000034387027,22,大石窝镇辛庄,000009990965190
900000034387028,23,房山王庄道口,000009990965190
900000034387022,24,石窝,000009990965190
900000034387023,25,大石窝公交场站,000009990965190
