stationId,stopNumber,stopName,lineId
110100013515002,1,巴沟村,000000058411611
110100013515003,2,海淀南路西口,000000058411611
110100013515004,3,海淀南路,000000058411611
110100013515005,4,海淀黄庄东,000000058411611
110100013515006,5,知春里,000000058411611
110100013515007,6,白塔庵东,000000058411611
110100013515008,7,知春路,000000058411611
110100013515009,8,学知桥南,000000058411611
110100013515010,9,蓟门桥北,000000058411611
110100013515011,10,蓟门桥南,000000058411611
110100013515012,11,明光桥北,000000058411611
110100013515013,12,北京邮电大学南门,000000058411611
110100013515014,13,北京师范大学南门,000000058411611
110100013515015,14,铁狮子坟,000000058411611
110100013515016,15,北太平桥北,000000058411611
110100013515017,16,牡丹园,000000058411611
