stationId,stopNumber,stopName,lineId
110100015347121,1,葫芦垡南站,000011574150920
110100015347107,2,葫芦垡,000011574150920
110100015347004,3,燕保阜盛家园南门,000011574150920
110100015347005,4,梨村路口,000011574150920
110100015347105,5,地铁良乡大学城站东,000011574150920
110100015347108,6,地铁良乡大学城北站,000011574150920
110100015347087,7,中国社会科学院(良乡),000011574150920
110100015347082,8,智汇城创业园,000011574150920
110100015347012,9,梅花庄新村,000011574150920
110100015347122,10,梅花庄新村西,000011574150920
110100015347123,11,昊蓝温泉家园,000011574150920
110100015347088,12,昊天温泉家园,000011574150920
110100015347124,13,良乡医院,000011574150920
110100015347125,14,良乡大角,000011574150920
110100015347126,15,良乡西门,000011574150920
110100015347018,16,苏庄东街北口,000011574150920
110100015347127,17,蝶翠苑路口,000011574150920
110100015347109,18,蓝光海悦城小区,000011574150920
110100015347092,19,阎村桥,000011574150920
110100015347022,20,炒米店路口,000011574150920
110100015347023,21,阎村,000011574150920
110100015347093,22,紫草坞路口,000011574150920
110100015347025,23,大董村,000011574150920
110100015347128,24,阎村工业园区,000011574150920
110100015347026,25,大石河,000011574150920
110100015347027,26,大于路北口,000011574150920
110100015347028,27,房山马各庄,000011574150920
110100015347029,28,城关街道办事处,000011574150920
110100015347129,29,饶乐府,000011574150920
110100015347130,30,饶乐府村口,000011574150920
110100015347032,31,房山东大桥,000011574150920
110100015347033,32,房山东大街,000011574150920
110100015347034,33,房山大角南,000011574150920
110100015347035,34,房山南大街,000011574150920
110100015347096,35,房山中医医院,000011574150920
110100015347142,36,房山南关立交桥北,000011574150920
110100015347098,37,房山南关立交桥南,000011574150920
110100015347039,38,牛口峪路口,000011574150920
110100015347040,39,顾册,000011574150920
110100015347131,40,房山云峰寺路口,000011574150920
110100015347099,41,周口村路口,000011574150920
110100015347042,42,周口店路口,000011574150920
110100015347132,43,龙乡苑,000011574150920
110100015347043,44,大韩继,000011574150920
110100015347133,45,周口店镇辛庄,000011574150920
110100015347045,46,新街,000011574150920
110100015347046,47,龙宝峪,000011574150920
110100015347047,48,南韩继,000011574150920
110100015347048,49,瓦井,000011574150920
110100015347049,50,石瓦路口,000011574150920
110100015347050,51,东周各庄,000011574150920
110100015347051,52,尤家坟,000011574150920
110100015347052,53,育才学校房山分校,000011574150920
110100015347053,54,房山岳各庄,000011574150920
110100015347054,55,五侯路口,000011574150920
110100015347055,56,二龙岗,000011574150920
110100015347100,57,长沟检查站,000011574150920
110100015347134,58,长沟沿村,000011574150920
110100015347058,59,云居寺路东口,000011574150920
110100015347140,60,长海御墅,000011574150920
110100015347059,61,坟庄,000011574150920
110100015347141,62,甘池路口,000011574150920
110100015347065,63,六甲房,000011574150920
110100015347137,64,黄元井村北口,000011574150920
110100015347066,65,三座庵,000011574150920
110100015347067,66,后石门,000011574150920
110100015347135,67,房山下庄,000011574150920
110100015347069,68,云居寺,000011574150920
110100015347136,69,云居寺村南,000011574150920
110100015347070,70,云居滑雪场,000011574150920
110100015347138,71,蔡家口村东,000011574150920
110100015347071,72,蔡家口,000011574150920
110100015347139,73,蔡家口新村,000011574150920
110100015347072,74,大峪沟,000011574150920
110100015347073,75,下寺,000011574150920
110100015347074,76,张坊镇政府,000011574150920
110100015347145,77,张坊公交场站,000011574150920
110100015347075,78,张坊村,000011574150920
110100015347076,79,张坊村南,000011574150920
