stationId,stopNumber,stopName,lineId
900000067856014,1,昌平何营,000005562252811
900000067856015,2,昌平内环东路,000005562252811
900000067856016,3,南环大桥东,000005562252811
900000067856017,4,南环大桥西,000005562252811
900000067856018,5,昌盛园北口,000005562252811
900000067856019,6,京科苑,000005562252811
900000067856020,7,昌盛路,000005562252811
900000067856021,8,富泉花园南门,000005562252811
900000067856022,9,白浮泉路,000005562252811
900000067856023,10,拓然家园,000005562252811
900000067856024,11,北控,000005562252811
900000067856025,12,水屯桥南,000005562252811
900000067856008,13,软件园广场,000005562252811
900000067856009,14,软件园东站,000005562252811
900000067856010,15,上地七街,000005562252811
900000067856011,16,上地五街,000005562252811
900000067856012,17,上地西里,000005562252811
900000067856013,18,上地南口,000005562252811
