stationId,stopNumber,stopName,lineId
110100014078037,1,靛厂新村,000000058521681
110100014078036,2,岳各庄东路北口,000000058521681
110100014078038,3,靛厂村南站,000000058521681
110100014078035,4,水衙沟路东口,000000058521681
110100014078034,5,白塔村,000000058521681
110100014078033,6,小井路口东,000000058521681
110100014078032,7,六里桥西,000000058521681
110100014078005,8,六里桥东,000000058521681
110100014078006,9,莲花池,000000058521681
110100014078007,10,湾子,000000058521681
110100014078008,11,达官营,000000058521681
110100014078009,12,广安门内,000000058521681
110100014078010,13,牛街路口东,000000058521681
110100014078011,14,菜市口西,000000058521681
110100014078012,15,虎坊桥路口西,000000058521681
110100014078013,16,虎坊桥路口东,000000058521681
110100014078014,17,板章路,000000058521681
110100014078015,18,过街楼,000000058521681
110100014078016,19,东城三里河,000000058521681
110100014078017,20,桥湾,000000058521681
110100014078018,21,水道子,000000058521681
110100014078019,22,磁器口西,000000058521681
110100014078020,23,榄杆市,000000058521681
110100014078021,24,培新街,000000058521681
110100014078022,25,安化楼,000000058521681
110100014078023,26,广渠门内,000000058521681
110100014078024,27,马圈,000000058521681
110100014078025,28,垂杨柳,000000058521681
110100014078026,29,双井桥北,000000058521681
110100014078027,30,双花园,000000058521681
110100014078028,31,大北窑南,000000058521681
110100014078029,32,大北窑东,000000058521681
110100014078030,33,郎家园,000000058521681
110100014078031,34,四惠枢纽站,000000058521681
