stationId,stopNumber,stopName,lineId
110100010308029,1,宋家庄枢纽站,000000058150800
110100010308030,2,石榴园东,000000058150800
110100010308031,3,石榴园南,000000058150800
110100010308032,4,彩虹城小区,000000058150800
110100010308033,5,大红门东桥西,000000058150800
110100010308036,6,大红门桥,000000058150800
110100010308018,7,久敬庄,000000058150800
110100010308019,8,和义农场,000000058150800
110100010308020,9,和义南站,000000058150800
110100010308021,10,三营门,000000058150800
110100010308034,11,新华路南口,000000058150800
110100010308035,12,红房子路口东,000000058150800
110100010308022,13,红房子路口南,000000058150800
110100010308023,14,西营房,000000058150800
110100010308038,15,西营房西,000000058150800
110100010308024,16,同兴园,000000058150800
110100010308025,17,福利农场,000000058150800
110100010308026,18,西红门,000000058150800
110100010308037,19,西红门南站,000000058150800
110100010308028,20,郁花园,000000058150800
110100010308006,21,高米店,000000058150800
110100010308007,22,康庄路东口,000000058150800
110100010308039,23,福海路西口,000000058150800
110100010308008,24,滨河东里,000000058150800
110100010308009,25,清源路东口,000000058150800
110100010308010,26,团河路西口,000000058150800
110100010308011,27,黄村东大街东口南,000000058150800
110100010308012,28,兴政街东口,000000058150800
110100010308013,29,大兴桥西,000000058150800
110100010308014,30,林校北路,000000058150800
110100010308015,31,黄村火车站东,000000058150800
110100010308016,32,黄村火车站,000000058150800
