stationId,stopNumber,stopName,lineId
110100014693002,1,龙泉西公交场站,000000058568071
110100014693003,2,中门寺街,000000058568071
110100014693004,3,门头沟教委小区,000000058568071
110100014693005,4,双峪,000000058568071
110100014693006,5,侯庄子,000000058568071
110100014693007,6,麻峪,000000058568071
110100014693008,7,石景山火车站,000000058568071
110100014693009,8,广宁村,000000058568071
110100014693010,9,金安桥,000000058568071
110100014693011,10,杨庄,000000058568071
110100014693012,11,杨庄东,000000058568071
110100014693013,12,龚村东口,000000058568071
110100014693014,13,砂石路口,000000058568071
110100014693015,14,阜玉路口,000000058568071
110100014693016,15,阜永路口西,000000058568071
110100014693017,16,西钓鱼台,000000058568071
110100014693018,17,白堆子口东,000000058568071
110100014693019,18,展览路,000000058568071
110100014693020,19,阜成门,000000058568071
