stationId,stopNumber,stopName,lineId
900000086591001,1,大沟村,000007525540130
900000086591002,2,炭厂,000007525540130
900000086591029,3,上苇甸北口,000007525540130
900000086591003,4,上苇甸,000007525540130
900000086591030,5,下苇甸西,000007525540130
900000086591031,6,下苇甸,000007525540130
900000086591024,7,下苇甸村,000007525540130
900000086591025,8,丁家滩北口,000007525540130
900000086591005,9,丁家滩,000007525540130
900000086591006,10,陇驾庄西口,000007525540130
900000086591007,11,陇驾庄,000007525540130
900000086591026,12,陇驾庄东口,000007525540130
900000086591008,13,嬉水湾,000007525540130
900000086591009,14,野溪,000007525540130
900000086591032,15,陈家庄,000007525540130
900000086591028,16,龙泉务北口,000007525540130
900000086591010,17,龙泉务,000007525540130
900000086591011,18,琉璃渠,000007525540130
900000086591027,19,城子北站,000007525540130
900000086591012,20,城子,000007525540130
900000086591013,21,河滩北站,000007525540130
900000086591014,22,绿岛家园,000007525540130
900000086591015,23,龙泉花园,000007525540130
900000086591016,24,侯庄子,000007525540130
900000086591017,25,麻峪北口,000007525540130
900000086591018,26,石景山火车站,000007525540130
900000086591019,27,广宁村,000007525540130
900000086591020,28,首钢小西门,000007525540130
900000086591021,29,金安桥东,000007525540130
900000086591022,30,金顶南路,000007525540130
900000086591023,31,地铁苹果园站,000007525540130
