stationId,stopNumber,stopName,lineId
900000093698001,1,天洋城总站,000007760098451
900000093698035,2,燕京航城南,000007760098451
900000093698036,3,锦绣华庭小区,000007760098451
900000093698037,4,燕京新城东,000007760098451
900000093698038,5,燕京新城,000007760098451
900000093698019,6,世纪名苑,000007760098451
900000093698020,7,意华小区,000007760098451
900000093698006,8,东方夏威夷小区西,000007760098451
900000093698007,9,星罗城,000007760098451
900000093698008,10,欧逸丽庭,000007760098451
900000093698009,11,通州白庙村,000007760098451
900000093698010,12,白庙新村,000007760098451
900000093698021,13,召里,000007760098451
900000093698022,14,召里南,000007760098451
900000093698023,15,后北营,000007760098451
900000093698024,16,后北营南站,000007760098451
900000093698025,17,前北营,000007760098451
900000093698011,18,东夏园路口东,000007760098451
900000093698012,19,地铁潞城站,000007760098451
