stationId,stopNumber,stopName,lineId
110100014198039,1,土楼村,000000058184640
110100014198040,2,葛村,000000058184640
110100014198041,3,坦克博物馆,000000058184640
110100014198042,4,坦克博物馆南,000000058184640
110100014198002,5,阳坊北站,000000058184640
110100014198043,6,阳坊村,000000058184640
110100014198003,7,阳坊,000000058184640
110100014198004,8,阳坊南站,000000058184640
110100014198005,9,西贯市,000000058184640
110100014198038,10,沙阳路口,000000058184640
110100014198006,11,沙阳路口南,000000058184640
110100014198007,12,后沙涧,000000058184640
110100014198008,13,前沙涧,000000058184640
110100014198009,14,稻香湖,000000058184640
110100014198010,15,西小营,000000058184640
110100014198036,16,西小营南站,000000058184640
110100014198011,17,高里掌,000000058184640
110100014198012,18,高里掌东站,000000058184640
110100014198048,19,地铁稻香湖路站南,000000058184640
110100014198047,20,环保科技园,000000058184640
110100014198044,21,东埠头路西口,000000058184640
110100014198045,22,水岸家园北,000000058184640
110100014198046,23,水岸家园南,000000058184640
110100014198049,24,观禾路,000000058184640
110100014198050,25,索家园街,000000058184640
