stationId,stopNumber,stopName,lineId
110100014171043,1,菜户营桥西,000000058178850
110100014171049,2,中国戏曲学院站,000000058178850
110100014171050,3,三路居(临时站),000000058178850
110100014171053,4,东局南,000000058178850
110100014171047,5,丰益桥南,000000058178850
110100014171011,6,夏家胡同,000000058178850
110100014171012,7,玉泉营桥西,000000058178850
110100014171013,8,九龙山庄,000000058178850
110100014171052,9,西红门北站,000000058178850
110100014171015,10,宏福路东口,000000058178850
110100014171016,11,兴海学校,000000058178850
110100014171017,12,兴海公园,000000058178850
110100014171018,13,欣和街口,000000058178850
110100014171019,14,欣和街南口,000000058178850
110100014171020,15,西红门西站,000000058178850
110100014171021,16,兴华桥南,000000058178850
110100014171022,17,地铁高米店北站,000000058178850
110100014171023,18,青岛嘉园北门,000000058178850
110100014171024,19,金惠园北门,000000058178850
110100014171025,20,香留园小区北,000000058178850
110100014171026,21,香留园小区,000000058178850
110100014171027,22,黄村兴盛街,000000058178850
110100014171028,23,康盛园小区东,000000058178850
110100014171029,24,骏城小区,000000058178850
110100014171030,25,北京八中大兴分校,000000058178850
110100014171031,26,枣园路口北,000000058178850
110100014171032,27,丽园路,000000058178850
110100014171033,28,枣园小区,000000058178850
110100014171034,29,兴华园,000000058178850
110100014171035,30,清源西里,000000058178850
110100014171036,31,黄村公园,000000058178850
110100014171037,32,化纤俱乐部,000000058178850
110100014171038,33,黄村西大街,000000058178850
110100014171039,34,兴丰街南口,000000058178850
110100014171040,35,黄村火车站东,000000058178850
110100014171041,36,黄村火车站,000000058178850
