stationId,stopNumber,stopName,lineId
110100015705002,1,前门,000000058400570
110100015705003,2,前门西,000000058400570
110100015705004,3,和平门东,000000058400570
110100015705005,4,宣武门东,000000058400570
110100015705006,5,西单路口南,000000058400570
110100015705007,6,西单商场,000000058400570
110100015705008,7,缸瓦市,000000058400570
110100015705009,8,西四路口北,000000058400570
110100015705010,9,平安里路口南,000000058400570
110100015705011,10,护国寺,000000058400570
110100015705012,11,新街口南,000000058400570
110100015705013,12,新街口北,000000058400570
110100015705014,13,积水潭桥南,000000058400570
110100015705015,14,小西天,000000058400570
110100015705016,15,北师大路口南,000000058400570
110100015705017,16,铁狮子坟,000000058400570
110100015705018,17,北太平桥西,000000058400570
110100015705019,18,牡丹园西,000000058400570
