stationId,stopNumber,stopName,lineId
110100011168001,1,诸葛店,000000058231081
110100011168002,2,美林小区北门,000000058231081
110100011168003,3,美林小区南门,000000058231081
110100011168004,4,星河皓月小区北门,000000058231081
110100011168005,5,星河皓月小区南门,000000058231081
110100011168006,6,燕京新城,000000058231081
110100011168007,7,世纪名苑,000000058231081
110100011168008,8,意华小区,000000058231081
110100011168009,9,东方夏威夷小区西门,000000058231081
110100011168010,10,东方夏威夷小区东门,000000058231081
110100011168011,11,中赵甫村,000000058231081
110100011168012,12,防灾科技学院,000000058231081
110100011168013,13,交通干部管理学院,000000058231081
110100011168014,14,燕灵路口,000000058231081
110100011168015,15,兴达广场小区,000000058231081
110100011168016,16,召里,000000058231081
110100011168017,17,召里南,000000058231081
110100011168018,18,后北营,000000058231081
110100011168019,19,后北营南站,000000058231081
110100011168061,20,东夏园枢纽站,000000058231081
