stationId,stopNumber,stopName,lineId
110100016126030,1,立水桥北站,000000058467760
110100016126049,2,地铁立水桥站,000000058467760
110100016126032,3,东小口,000000058467760
110100016126033,4,天通苑西门,000000058467760
110100016126034,5,丽水园,000000058467760
110100016126035,6,天通苑太平庄,000000058467760
110100016126036,7,地铁天通苑站,000000058467760
110100016126045,8,地铁天通苑北站南,000000058467760
110100016126037,9,东三旗,000000058467760
110100016126038,10,平西王府路口北,000000058467760
110100016126039,11,平坊,000000058467760
110100016126040,12,东沙各庄,000000058467760
110100016126048,13,老年社区,000000058467760
110100016126041,14,北京太阳城,000000058467760
110100016126042,15,小汤山马坊,000000058467760
110100016126043,16,大柳树路口东,000000058467760
110100016126044,17,九华山庄,000000058467760
