stationId,stopNumber,stopName,lineId
110100013793002,1,明春苑,000000058350881
110100013793003,2,羊坊村南口,000000058350881
110100013793029,3,樊羊路口东,000000058350881
110100013793004,4,高立庄,000000058350881
110100013793005,5,兴华公园,000000058350881
110100013793006,6,陈留村,000000058350881
110100013793007,7,天伦锦城南门,000000058350881
110100013793008,8,银地家园南,000000058350881
110100013793009,9,银地家园东,000000058350881
110100013793010,10,新发地北桥西,000000058350881
110100013793011,11,新发地北,000000058350881
110100013793012,12,马家楼桥北,000000058350881
110100013793013,13,玉泉营桥南,000000058350881
110100013793014,14,玉泉营桥北,000000058350881
110100013793015,15,菜户营桥东,000000058350881
110100013793016,16,大观园西门,000000058350881
110100013793017,17,南菜园路口南,000000058350881
110100013793018,18,建功北里,000000058350881
110100013793019,19,南线阁街南口,000000058350881
110100013793020,20,南线阁,000000058350881
110100013793021,21,北线阁,000000058350881
110100013793030,22,核桃园,000000058350881
110100013793022,23,槐柏树街西口,000000058350881
110100013793023,24,西便门,000000058350881
110100013793024,25,复兴门南,000000058350881
110100013793025,26,北京儿童医院,000000058350881
110100013793026,27,月坛体育场,000000058350881
110100013793027,28,阜成门南,000000058350881
110100013793028,29,阜成门内,000000058350881
