stationId,stopNumber,stopName,lineId
110100015805002,1,四惠枢纽站,000000058482780
110100015805003,2,四惠东站,000000058482780
110100015805004,3,高碑店桥东,000000058482780
110100015805023,4,远通桥西,000000058482780
110100015805017,5,梆子井,000000058482780
110100015805024,6,梆子井东,000000058482780
110100015805006,7,茶家坟,000000058482780
110100015805007,8,双桥西,000000058482780
110100015805022,9,地铁双桥站,000000058482780
110100015805008,10,周家井,000000058482780
110100015805009,11,管庄,000000058482780
110100015805010,12,管庄路口北,000000058482780
110100015805011,13,科技大学管庄校区,000000058482780
110100015805012,14,常营路口南,000000058482780
110100015805013,15,常营,000000058482780
110100015805018,16,常营北站,000000058482780
110100015805019,17,东小井,000000058482780
110100015805020,18,石各庄东,000000058482780
110100015805025,19,石各庄(西行),000000058482780
110100015805021,20,石各庄,000000058482780
