stationId,stopNumber,stopName,lineId
110100011127002,1,大北窑南,000000058223470
110100011127003,2,通州北苑路口东,000000058223470
110100011127004,3,通州西门路口东,000000058223470
110100011127005,4,西大街路口西,000000058223470
110100011127030,5,西大街路口东,000000058223470
110100011127006,6,新华大街,000000058223470
110100011127007,7,通州东关西,000000058223470
110100011127008,8,故城东路北口,000000058223470
110100011127009,9,西上园小区西门,000000058223470
110100011127010,10,玉桥中路北口,000000058223470
110100011127011,11,玉桥中路,000000058223470
110100011127012,12,玉桥小区,000000058223470
110100011127013,13,玉桥东路,000000058223470
110100011127014,14,梨园北街,000000058223470
110100011127015,15,梨园东里北区,000000058223470
110100011127016,16,玉桥西里,000000058223470
110100011127025,17,梨园北街西口,000000058223470
110100011127027,18,地铁梨园站,000000058223470
110100011127018,19,通州小街桥东,000000058223470
110100011127019,20,地铁临河里站,000000058223470
110100011127020,21,土桥村,000000058223470
110100011127034,22,巨星桥北,000000058223470
110100011127022,23,太玉园北口,000000058223470
110100011127023,24,太玉园小区,000000058223470
110100011127028,25,太玉园公交场站,000000058223470
