stationId,stopNumber,stopName,lineId
900000046254001,1,于家园,000005815190841
900000046254064,2,于家园一区,000005815190841
900000046254003,3,怀柔学管中心,000005815190841
900000046254004,4,怀柔北大街,000005815190841
900000046254005,5,郭家坞,000005815190841
900000046254046,6,小东庄,000005815190841
900000046254006,7,西三村口,000005815190841
900000046254066,8,东峪(临时站),000005815190841
900000046254007,9,口头,000005815190841
900000046254008,10,关渡河,000005815190841
900000046254065,11,三亩园,000005815190841
900000046254022,12,三渡河村口,000005815190841
900000046254037,13,三渡河,000005815190841
900000046254048,14,花台子,000005815190841
900000046254049,15,马道峪南,000005815190841
900000046254039,16,马道峪,000005815190841
900000046254050,17,马道峪北,000005815190841
900000046254040,18,苇店南,000005815190841
900000046254042,19,苇店,000005815190841
900000046254051,20,苇店北,000005815190841
900000046254043,21,慕田峪环岛,000005815190841
900000046254047,22,辛营,000005815190841
900000046254044,23,得水湾,000005815190841
900000046254052,24,得水湾西,000005815190841
900000046254053,25,渤海所小学,000005815190841
900000046254054,26,渤海所东,000005815190841
900000046254045,27,渤海所,000005815190841
900000046254055,28,渤海所路口,000005815190841
900000046254026,29,渤海所西(临时站),000005815190841
900000046254027,30,渤海卫生院,000005815190841
900000046254015,31,白木,000005815190841
900000046254056,32,景峪路口,000005815190841
900000046254057,33,沙峪村东,000005815190841
900000046254016,34,沙峪,000005815190841
900000046254058,35,沙峪村西,000005815190841
900000046254059,36,渤海镇政府,000005815190841
900000046254060,37,南冶村东,000005815190841
900000046254018,38,南冶,000005815190841
900000046254061,39,南冶村北,000005815190841
900000046254062,40,响水湖路口,000005815190841
900000046254019,41,洞台,000005815190841
900000046254063,42,铁矿峪南,000005815190841
900000046254021,43,铁矿峪,000005815190841
900000046254032,44,怀柔三岔,000005815190841
