stationId,stopNumber,stopName,lineId
110100011301058,1,延庆火车站北广场,000007275832991
110100011301059,2,司家营,000007275832991
110100011301060,3,延庆南菜园,000007275832991
110100011301061,4,延庆东关,000007275832991
110100011301005,5,妫水北街南,000007275832991
110100011301051,6,延庆二小,000007275832991
110100011301054,7,延庆电信局,000007275832991
110100011301055,8,新城街,000007275832991
110100011301056,9,延庆镇社区卫生服务中心,000007275832991
110100011301057,10,樾熙府小区,000007275832991
110100011301062,11,延庆北站,000007275832991
110100011301063,12,米家堡桥南,000007275832991
110100011301064,13,米家堡桥北,000007275832991
110100011301065,14,米家堡,000007275832991
110100011301066,15,卓家营,000007275832991
110100011301067,16,延庆苏庄路口,000007275832991
110100011301068,17,黄柏寺路口,000007275832991
110100011301069,18,黄柏寺,000007275832991
110100011301070,19,韩郝庄西口,000007275832991
110100011301071,20,韩郝庄,000007275832991
110100011301072,21,龙庆峡,000007275832991
110100011301073,22,延庆古城,000007275832991
110100011301074,23,米粮屯,000007275832991
110100011301075,24,延庆农业示范园,000007275832991
110100011301076,25,三里庄路口,000007275832991
110100011301077,26,东羊坊,000007275832991
110100011301078,27,延庆旧县镇政府,000007275832991
110100011301023,28,延庆旧县新村,000007275832991
110100011301024,29,耿家营路口,000007275832991
110100011301025,30,延庆旧县,000007275832991
110100011301026,31,车坊,000007275832991
110100011301027,32,阎家庄南口,000007275832991
110100011301047,33,阎家庄,000007275832991
110100011301041,34,白河堡村,000007275832991
110100011301042,35,东白庙北,000007275832991
110100011301029,36,东白庙,000007275832991
110100011301030,37,东白庙东口,000007275832991
110100011301050,38,延庆小堡西站,000007275832991
110100011301031,39,延庆小堡,000007275832991
110100011301032,40,香营卫生院,000007275832991
110100011301033,41,后所屯,000007275832991
110100011301034,42,里仁堡,000007275832991
110100011301043,43,里仁堡南,000007275832991
110100011301035,44,聂庄,000007275832991
110100011301036,45,西山沟,000007275832991
110100011301037,46,吴家坟,000007275832991
110100011301038,47,左所屯,000007275832991
110100011301039,48,永宁,000007275832991
110100011301040,49,永宁公交场站,000007275832991
