stationId,stopNumber,stopName,lineId
110100015521001,1,晓月苑公交场站,000000058661801
110100015521002,2,晓月苑八里,000000058661801
110100015521003,3,晓月苑小区,000000058661801
110100015521004,4,晓月苑二里,000000058661801
110100015521005,5,晓月苑一里,000000058661801
110100015521006,6,抗战雕塑园,000000058661801
110100015521028,7,西道口,000000058661801
110100015521007,8,西道口东,000000058661801
110100015521029,9,刘庄子,000000058661801
110100015521008,10,南五里店,000000058661801
110100015521009,11,程庄路口东,000000058661801
110100015521010,12,丰台医院,000000058661801
110100015521031,13,正阳桥东,000000058661801
110100015521032,14,正阳大街,000000058661801
110100015521030,15,东大街南口,000000058661801
110100015521013,16,游泳场北路东口,000000058661801
110100015521014,17,东大街,000000058661801
110100015521015,18,东大街北口,000000058661801
110100015521016,19,万丰路南口,000000058661801
110100015521017,20,于庄子,000000058661801
110100015521018,21,小井路口南,000000058661801
110100015521019,22,白塔村,000000058661801
110100015521020,23,莲宝路口南,000000058661801
110100015521021,24,莲宝路口北,000000058661801
110100015521022,25,金家村桥北,000000058661801
110100015521023,26,万寿路口北,000000058661801
110100015521024,27,翠微中里,000000058661801
110100015521025,28,翠微西里,000000058661801
110100015521026,29,西钓鱼台,000000058661801
110100015521027,30,航天桥西,000000058661801
