stationId,stopNumber,stopName,lineId
110100015603067,1,缸房沟,000004341214810
110100015603068,2,黄甸子,000004341214810
110100015603003,3,孙栅子,000004341214810
110100015603069,4,田营,000004341214810
110100015603004,5,喇叭沟门乡西营子,000004341214810
110100015603005,6,下河北,000004341214810
110100015603006,7,中榆树甸,000004341214810
110100015603084,8,下榆树甸,000004341214810
110100015603008,9,喇叭沟门,000004341214810
110100015603078,10,喇叭沟门南,000004341214810
110100015603009,11,北甸子,000004341214810
110100015603010,12,大甸子,000004341214810
110100015603011,13,对角沟门,000004341214810
110100015603012,14,北八道河,000004341214810
110100015603013,15,七道河,000004341214810
110100015603014,16,二道河,000004341214810
110100015603079,17,二道河东沟,000004341214810
110100015603080,18,杨树湾,000004341214810
110100015603082,19,长哨营,000004341214810
110100015603018,20,老西沟门,000004341214810
110100015603019,21,王四沟门,000004341214810
110100015603020,22,兰营,000004341214810
110100015603070,23,三道沟门,000004341214810
110100015603021,24,东黄梁,000004341214810
110100015603083,25,古石沟门,000004341214810
110100015603056,26,汤河口镇政府,000004341214810
110100015603064,27,汤河口十字街,000004341214810
110100015603025,28,汤河口,000004341214810
110100015603065,29,大黄塘北,000004341214810
110100015603026,30,大黄塘,000004341214810
110100015603066,31,大黄塘南,000004341214810
110100015603027,32,小黄塘,000004341214810
110100015603063,33,后安岭路口,000004341214810
110100015603071,34,怀柔马圈北,000004341214810
110100015603085,35,怀柔马圈,000004341214810
110100015603029,36,前安岭,000004341214810
110100015603030,37,安洲坝,000004341214810
110100015603031,38,琉璃庙镇转山子,000004341214810
110100015603032,39,琉璃庙,000004341214810
110100015603033,40,南台,000004341214810
110100015603057,41,怀柔龙泉峪,000004341214810
110100015603034,42,柏查子,000004341214810
110100015603035,43,梧桐豪,000004341214810
110100015603036,44,七道沟,000004341214810
110100015603037,45,后山铺,000004341214810
110100015603058,46,刘家店,000004341214810
110100015603038,47,怀北镇黄土梁,000004341214810
110100015603039,48,幽谷神潭,000004341214810
110100015603086,49,怀北镇八亩地北,000004341214810
110100015603040,50,怀北镇八亩地,000004341214810
110100015603041,51,椴树岭,000004341214810
110100015603059,52,椴树岭南,000004341214810
110100015603042,53,怀北镇北台子,000004341214810
110100015603043,54,峪道河,000004341214810
110100015603060,55,干河峪,000004341214810
110100015603061,56,冷水峪,000004341214810
110100015603045,57,青龙峡道口,000004341214810
110100015603062,58,河防口,000004341214810
110100015603072,59,河防口南,000004341214810
110100015603046,60,怀北庄,000004341214810
110100015603073,61,怀北庄南,000004341214810
110100015603047,62,雁栖湖,000004341214810
110100015603048,63,怀北镇,000004341214810
110100015603049,64,北台下,000004341214810
110100015603074,65,顶秀美泉小镇,000004341214810
110100015603075,66,雁栖镇北口,000004341214810
110100015603050,67,雁栖镇,000004341214810
110100015603076,68,雁栖镇南口,000004341214810
110100015603051,69,中富乐,000004341214810
110100015603052,70,大中富乐村口,000004341214810
110100015603053,71,迎宾路北口,000004341214810
110100015603054,72,于家园一区,000004341214810
110100015603055,73,于家园,000004341214810
