stationId,stopNumber,stopName,lineId
110100015913002,1,杨洼,000000058222141
110100015913003,2,辛集村,000000058222141
110100015913004,3,肖家林村南,000000058222141
110100015913005,4,肖家林村北,000000058222141
110100015913006,5,前寨府村,000000058222141
110100015913053,6,曹刘各庄村,000000058222141
110100015913074,7,武杨路口,000000058222141
110100015913054,8,通州何各庄村,000000058222141
110100015913047,9,金各庄村,000000058222141
110100015913075,10,运潮馨苑小区,000000058222141
110100015913010,11,郎府,000000058222141
110100015913071,12,杜柳棵村西,000000058222141
110100015913076,13,任辛庄村东,000000058222141
110100015913012,14,通州马坊村,000000058222141
110100015913072,15,谢家楼村南,000000058222141
110100015913073,16,谢家楼村,000000058222141
110100015913077,17,小东各庄村,000000058222141
110100015913015,18,大东各庄村,000000058222141
110100015913016,19,侉子店村,000000058222141
110100015913017,20,东刘庄村,000000058222141
110100015913018,21,卜落垡村,000000058222141
110100015913019,22,前榆林庄村,000000058222141
110100015913020,23,八各庄村,000000058222141
110100015913021,24,南刘各庄村,000000058222141
110100015913059,25,七级村,000000058222141
110100015913063,26,朗清园东站,000000058222141
110100015913064,27,畅和东路,000000058222141
110100015913067,28,东小营,000000058222141
110100015913068,29,地铁潞城站,000000058222141
110100015913057,30,东夏园路口北,000000058222141
110100015913026,31,前北营,000000058222141
110100015913062,32,后北营,000000058222141
110100015913027,33,胡各庄,000000058222141
110100015913028,34,胡各庄西,000000058222141
110100015913029,35,通州古城村,000000058222141
110100015913030,36,霍屯村,000000058222141
110100015913031,37,武夷花园,000000058222141
110100015913032,38,三元村,000000058222141
110100015913033,39,百合湾小区,000000058222141
110100015913034,40,东关大桥,000000058222141
110100015913048,41,通州东关西,000000058222141
110100015913036,42,新华大街,000000058222141
110100015913037,43,西大街路口东,000000058222141
110100015913038,44,西大街路口西,000000058222141
110100015913044,45,通州西门路口东,000000058222141
110100015913046,46,通州北苑路口东,000000058222141
110100015913078,47,郎家园,000000058222141
110100015913079,48,大北窑东,000000058222141
110100015913080,49,大北窑南,000000058222141
