stationId,stopNumber,stopName,lineId
110100013592002,1,公主坟西,000000058430911
110100013592003,2,翠微路口,000000058430911
110100013592004,3,万寿路口北,000000058430911
110100013592005,4,翠微中里,000000058430911
110100013592006,5,翠微西里,000000058430911
110100013592007,6,八里庄桥,000000058430911
110100013592008,7,慈寿寺桥,000000058430911
110100013592009,8,五路,000000058430911
110100013592010,9,善家坟,000000058430911
110100013592011,10,车道沟桥,000000058430911
110100013592019,11,彰化路东口,000000058430911
110100013592012,12,彰化村,000000058430911
110100013592013,13,正福寺,000000058430911
110100013592014,14,黄庄东站,000000058430911
110100013592015,15,黄庄,000000058430911
110100013592016,16,东冉村,000000058430911
110100013592017,17,远大路,000000058430911
110100013592018,18,远大路东口,000000058430911
