stationId,stopNumber,stopName,lineId
900000067840015,1,都城隍庙,000005562252980
900000067840016,2,金融街购物中心,000005562252980
900000067840017,3,金树街,000005562252980
900000067840018,4,武定侯街,000005562252980
900000067840019,5,丰盛胡同,000005562252980
900000067840006,6,辟才胡同,000005562252980
900000067840007,7,新文化街西口,000005562252980
900000067840008,8,地铁长阳站,000005562252980
900000067840009,9,军留庄,000005562252980
900000067840010,10,篱笆房,000005562252980
900000067840011,11,昊天北桥东,000005562252980
900000067840012,12,昊天北桥南,000005562252980
900000067840013,13,长阳碧桂园,000005562252980
900000067840014,14,黄辛庄路口,000005562252980
