stationId,stopNumber,stopName,lineId
110100013783002,1,东单路口南,000000058341620
110100013783003,2,崇文门内,000000058341620
110100013783004,3,磁器口北,000000058341620
110100013783005,4,法华寺,000000058341620
110100013783006,5,北京体育馆西,000000058341620
110100013783007,6,北京体育馆,000000058341620
110100013783008,7,光明楼,000000058341620
110100013783009,8,光明桥东,000000058341620
110100013783010,9,劲松中街,000000058341620
110100013783011,10,劲松桥东,000000058341620
110100013783012,11,南磨房,000000058341620
110100013783013,12,平乐园,000000058341620
110100013783014,13,平乐园小区,000000058341620
110100013783020,14,窑洼湖桥东,000000058341620
110100013783016,15,紫南家园北站,000000058341620
110100013783021,16,紫南家园,000000058341620
110100013783018,17,金蝉西路,000000058341620
110100013783019,18,金蝉西路南口,000000058341620
