stationId,stopNumber,stopName,lineId
900000143968001,1,大北窑东,000012657100150
900000143968002,2,郎家园,000012657100150
900000143968003,3,八王坟东,000012657100150
900000143968004,4,双桥西,000012657100150
900000143968005,5,双桥南,000012657100150
900000143968006,6,东柳,000012657100150
900000143968007,7,咸宁侯,000012657100150
900000143968008,8,咸宁侯东站,000012657100150
900000143968009,9,双桥中学,000012657100150
900000143968010,10,双桥中路,000012657100150
900000143968014,11,双桥农场北站,000012657100150
900000143968011,12,双桥农场,000012657100150
900000143968012,13,五号井小区,000012657100150
900000143968013,14,双桥农场西站,000012657100150
