stationId,stopNumber,stopName,lineId
110100010080002,1,翠林小区,000000058398011
110100010080003,2,右安门外,000000058398011
110100010080004,3,右安门,000000058398011
110100010080005,4,右安门内,000000058398011
110100010080006,5,南樱桃园路口西,000000058398011
110100010080007,6,白纸坊,000000058398011
110100010080008,7,枣林前街路口北,000000058398011
110100010080009,8,白广路北口,000000058398011
110100010080010,9,广安门内,000000058398011
110100010080011,10,广安门北,000000058398011
110100010080024,11,天宁寺桥东,000000058398011
110100010080013,12,西便门外,000000058398011
110100010080014,13,真武庙,000000058398011
110100010080015,14,南礼士路南口,000000058398011
110100010080016,15,北京儿童医院西门,000000058398011
110100010080030,16,月坛公园,000000058398011
110100010080025,17,南礼士路北口,000000058398011
110100010080026,18,阜外医院,000000058398011
110100010080027,19,马尾沟,000000058398011
110100010080028,20,车公庄南街,000000058398011
110100010080020,21,三塔寺,000000058398011
110100010080021,22,二里沟东口,000000058398011
110100010080022,23,北京展览馆,000000058398011
110100010080023,24,动物园枢纽站,000000058398011
