stationId,stopNumber,stopName,lineId
110100013279017,1,广渠门,000000058643930
110100013279018,2,马圈,000000058643930
110100013279020,3,广和里中街,000000058643930
110100013279019,4,天力街西口,000000058643930
110100013279021,5,天力街,000000058643930
110100013279022,6,天力街东口,000000058643930
110100013279003,7,双井桥北,000000058643930
110100013279004,8,双井桥东,000000058643930
110100013279005,9,九龙花园,000000058643930
110100013279006,10,九龙山路口西,000000058643930
110100013279007,11,九龙山,000000058643930
110100013279008,12,百子湾路口东,000000058643930
110100013279009,13,百子湾桥西,000000058643930
110100013279010,14,百子湾桥东,000000058643930
110100013279011,15,百子湾,000000058643930
110100013279012,16,水南庄,000000058643930
110100013279013,17,水南庄东站,000000058643930
110100013279014,18,百子湾家园西站,000000058643930
110100013279015,19,百子湾家园,000000058643930
110100013279016,20,百子湾家园东站,000000058643930
