stationId,stopNumber,stopName,lineId
110100010647017,1,南皋,000000058489111
110100010647018,2,南皋西站,000000058489111
110100010647019,3,草场地,000000058489111
110100010647020,4,望京公园,000000058489111
110100010647021,5,彩虹路,000000058489111
110100010647022,6,北京电机总厂,000000058489111
110100010647003,7,孙家村,000000058489111
110100010647016,8,孙家村南,000000058489111
110100010647004,9,酒仙桥东路北口,000000058489111
110100010647005,10,酒仙桥东路南口,000000058489111
110100010647006,11,将台路东站,000000058489111
110100010647007,12,将台路口东,000000058489111
110100010647008,13,芳园南里,000000058489111
110100010647009,14,芳园南里西区,000000058489111
110100010647010,15,肖君庙,000000058489111
110100010647011,16,五里沟,000000058489111
110100010647023,17,天泽路,000000058489111
110100010647013,18,燕莎桥东,000000058489111
110100010647014,19,燕莎桥南,000000058489111
110100010647015,20,亮马桥,000000058489111
