stationId,stopNumber,stopName,lineId
110100013294012,1,怀柔区新医院北,000007714718691
110100013294002,2,兴怀大街东口,000007714718691
110100013294104,3,金台园小区,000007714718691
110100013294105,4,兴怀大街,000007714718691
110100013294004,5,兴怀大街西口,000007714718691
110100013294005,6,青春路七院,000007714718691
110100013294006,7,怀柔区中医院,000007714718691
110100013294014,8,青春路南口,000007714718691
110100013294007,9,南华园四区,000007714718691
110100013294008,10,丽湖馨居,000007714718691
110100013294009,11,怀柔石厂,000007714718691
110100013294010,12,庙城西,000007714718691
110100013294015,13,庙城村西口,000007714718691
110100013294011,14,金善名居,000007714718691
110100013294089,15,郑重庄北,000007714718691
110100013294016,16,郑重庄,000007714718691
110100013294090,17,郑重庄南站,000007714718691
110100013294077,18,汇源北口,000007714718691
110100013294078,19,汇源南口,000007714718691
110100013294056,20,高各庄北,000007714718691
110100013294057,21,高各庄,000007714718691
110100013294079,22,高各庄南口,000007714718691
110100013294058,23,赵各庄路口西,000007714718691
110100013294059,24,赵各庄村,000007714718691
110100013294060,25,西树行,000007714718691
110100013294106,26,北年丰路口东,000007714718691
110100013294107,27,解村,000007714718691
110100013294108,28,四季屯北,000007714718691
110100013294109,29,四季屯,000007714718691
110100013294100,30,四季屯路口,000007714718691
110100013294101,31,南年丰,000007714718691
110100013294102,32,北年丰南,000007714718691
110100013294103,33,北年丰,000007714718691
110100013294087,34,仙台南口,000007714718691
110100013294066,35,仙台,000007714718691
110100013294067,36,瑞丰大街,000007714718691
110100013294068,37,凤瑞一园,000007714718691
110100013294069,38,凤瑞二园,000007714718691
110100013294070,39,杨宋大槐树,000007714718691
110100013294071,40,杨宋镇政府,000007714718691
110100013294091,41,张自口南,000007714718691
110100013294072,42,张自口,000007714718691
110100013294073,43,地和路北口,000007714718691
110100013294074,44,永泰街,000007714718691
110100013294075,45,张各长东,000007714718691
110100013294076,46,怀柔区新医院,000007714718691
110100013294088,47,怀柔区新医院北,000007714718691
