stationId,stopNumber,stopName,lineId
110100014348002,1,菜户营西路,000000058214551
110100014348032,2,菜户营西站,000000058214551
110100014348033,3,中国戏曲学院站,000000058214551
110100014348039,4,三路居(临时站),000000058214551
110100014348040,5,东局南(临时站),000000058214551
110100014348007,6,东局,000000058214551
110100014348008,7,华源三里,000000058214551
110100014348009,8,太平桥东里,000000058214551
110100014348010,9,莲花池,000000058214551
110100014348011,10,六里桥东,000000058214551
110100014348012,11,六里桥北里,000000058214551
110100014348013,12,公主坟南,000000058214551
110100014348030,13,航天桥,000000058214551
110100014348018,14,花园桥北,000000058214551
110100014348031,15,紫竹桥,000000058214551
110100014348020,16,万寿寺,000000058214551
110100014348021,17,为公桥,000000058214551
110100014348022,18,苏州桥南,000000058214551
110100014348023,19,万泉庄,000000058214551
110100014348024,20,万泉河路,000000058214551
110100014348025,21,稻香园,000000058214551
110100014348036,22,巴沟村,000000058214551
110100014348027,23,地铁巴沟站,000000058214551
110100014348037,24,火器营桥,000000058214551
110100014348038,25,柳浪游泳场,000000058214551
110100014348028,26,六郎庄西口,000000058214551
110100014348029,27,颐和园新建宫门,000000058214551
