stationId,stopNumber,stopName,lineId
900000035216001,1,胡营,000004341214480
900000035216002,2,黄营,000004341214480
900000035216003,3,喇叭沟门乡转山子,000004341214480
900000035216004,4,西府营,000004341214480
900000035216029,5,喇叭沟门乡下湾子,000004341214480
900000035216006,6,喇叭沟门,000004341214480
900000035216031,7,喇叭沟门南,000004341214480
900000035216007,8,北甸子,000004341214480
900000035216033,9,大甸子,000004341214480
900000035216009,10,下窝铺,000004341214480
900000035216034,11,西岔,000004341214480
900000035216035,12,下窝铺,000004341214480
900000035216010,13,大甸子,000004341214480
900000035216011,14,对角沟门,000004341214480
900000035216026,15,八道河后沟,000004341214480
900000035216036,16,北八道河,000004341214480
900000035216037,17,七道河,000004341214480
900000035216038,18,七道河村口(临时站),000004341214480
900000035216039,19,碾坨子(临时站),000004341214480
900000035216014,20,二道河,000004341214480
900000035216015,21,二道河东沟,000004341214480
900000035216016,22,杨树湾,000004341214480
900000035216017,23,长哨营,000004341214480
900000035216040,24,长哨营西(临时站),000004341214480
900000035216018,25,老西沟门,000004341214480
900000035216019,26,王四沟门,000004341214480
900000035216041,27,东南沟(临时站),000004341214480
900000035216020,28,兰营,000004341214480
900000035216030,29,三道沟门,000004341214480
900000035216022,30,古石沟门,000004341214480
900000035216027,31,汤河口镇政府,000004341214480
900000035216028,32,汤河口十字街,000004341214480
900000035216025,33,汤河口,000004341214480
