stationId,stopNumber,stopName,lineId
900000069789001,1,张坊公交场站,000005603141181
900000069789028,2,张坊镇政府,000005603141181
900000069789002,3,下寺路口,000005603141181
900000069789003,4,片上村,000005603141181
900000069789029,5,一渡南,000005603141181
900000069789004,6,一渡,000005603141181
900000069789005,7,二渡,000005603141181
900000069789025,8,三渡桥南,000005603141181
900000069789023,9,三渡,000005603141181
900000069789030,10,三渡西,000005603141181
900000069789031,11,四渡东,000005603141181
900000069789032,12,五渡桥,000005603141181
900000069789033,13,五渡村,000005603141181
900000069789008,14,五渡,000005603141181
900000069789026,15,六渡东,000005603141181
900000069789009,16,六渡,000005603141181
900000069789010,17,七渡,000005603141181
900000069789034,18,七渡村,000005603141181
900000069789035,19,七渡西,000005603141181
900000069789036,20,八渡北,000005603141181
900000069789011,21,八渡,000005603141181
900000069789027,22,十渡卫生院,000005603141181
900000069789012,23,九渡,000005603141181
900000069789013,24,十渡,000005603141181
900000069789014,25,十渡镇西庄,000005603141181
900000069789043,26,十渡镇西庄村西,000005603141181
900000069789015,27,西河村,000005603141181
900000069789016,28,前头港村,000005603141181
900000069789045,29,临时站,000005603141181
900000069789039,30,片南,000005603141181
900000069789020,31,平峪村,000005603141181
900000069789021,32,东湖港,000005603141181
900000069789040,33,天花板村,000005603141181
900000069789041,34,下留财村,000005603141181
900000069789044,35,上留财村,000005603141181
900000069789042,36,大沙地村,000005603141181
