stationId,stopNumber,stopName,lineId
900000042834001,1,郎家园,000000000023740
900000042834002,2,通州靛庄,000000000023740
900000042834013,3,通州苏庄村,000000000023740
900000042834003,4,漷县镇政府,000000000023740
900000042834011,5,马堤村,000000000023740
900000042834004,6,马头村,000000000023740
900000042834015,7,通州石槽村,000000000023740
900000042834005,8,东寺庄村,000000000023740
900000042834006,9,觅子店路口,000000000023740
900000042834012,10,香河新城街西口,000000000023740
900000042834007,11,安平道口,000000000023740
900000042834008,12,安平平安大街,000000000023740
900000042834014,13,安平开发区管委会,000000000023740
900000042834009,14,天下第一城,000000000023740
900000042834010,15,安平香汐花园,000000000023740
