stationId,stopNumber,stopName,lineId
110100015649044,1,康泽佳苑公交场站,000000058272000
110100015649045,2,长阳周转房东区,000000058272000
110100015649046,3,长政北街,000000058272000
110100015649047,4,长政北街南口,000000058272000
110100015649048,5,长阳镇政府,000000058272000
110100015649049,6,馨然嘉园,000000058272000
110100015649050,7,杨庄子,000000058272000
110100015649051,8,半岛广场南,000000058272000
110100015649052,9,西悦雅居,000000058272000
110100015649053,10,张家场村口,000000058272000
110100015649054,11,长阳滨水公园南,000000058272000
110100015649055,12,地铁广阳城站北,000000058272000
110100015649056,13,碧波园,000000058272000
110100015649057,14,天骄俊园小区,000000058272000
110100015649058,15,长阳一村,000000058272000
110100015649059,16,原香小镇,000000058272000
110100015649060,17,黄辛庄路口西,000000058272000
110100015649061,18,龙华苑小区,000000058272000
110100015649062,19,黄辛庄东里,000000058272000
110100015649063,20,吴店西里,000000058272000
110100015649064,21,行宫小区东门,000000058272000
110100015649065,22,行宫小区南门,000000058272000
110100015649066,23,房山区政府,000000058272000
110100015649067,24,良乡北关北,000000058272000
110100015649039,25,良乡北关,000000058272000
110100015649011,26,良乡医院,000000058272000
110100015649068,27,良乡大角站,000000058272000
110100015649069,28,拱辰南大街,000000058272000
110100015649070,29,南关西路,000000058272000
110100015649071,30,西潞南大街,000000058272000
110100015649072,31,地铁良乡南关站西,000000058272000
110100015649073,32,房山区政府第二办公区,000000058272000
110100015649074,33,苏庄东街南口,000000058272000
110100015649016,34,地铁苏庄站,000000058272000
110100015649017,35,苏庄西街南口,000000058272000
110100015649075,36,阎村桥,000000058272000
110100015649076,37,炒米店路口,000000058272000
110100015649018,38,阎村,000000058272000
110100015649019,39,紫草坞路口,000000058272000
110100015649020,40,大董村,000000058272000
110100015649090,41,地铁大石河东站,000000058272000
110100015649021,42,大石河,000000058272000
110100015649077,43,大于路北口,000000058272000
110100015649022,44,房山马各庄,000000058272000
110100015649078,45,城关街道办事处,000000058272000
110100015649023,46,饶乐府,000000058272000
110100015649079,47,饶乐府村口,000000058272000
110100015649024,48,房山东大桥,000000058272000
110100015649080,49,房山体育场,000000058272000
110100015649025,50,地铁房山城关站,000000058272000
110100015649081,51,房山北关,000000058272000
110100015649026,52,万宁桥,000000058272000
110100015649082,53,房山北大街,000000058272000
110100015649027,54,仓房小区,000000058272000
110100015649083,55,房山大角南,000000058272000
110100015649084,56,房山南大街,000000058272000
110100015649085,57,房山中医医院,000000058272000
110100015649086,58,房山南关站,000000058272000
110100015649029,59,房山南关立交桥南,000000058272000
110100015649087,60,牛口峪路口,000000058272000
110100015649030,61,顾册,000000058272000
110100015649088,62,顾册西,000000058272000
110100015649089,63,房山云峰寺路口,000000058272000
110100015649031,64,周口村路口,000000058272000
110100015649032,65,周口店路口,000000058272000
110100015649042,66,龙乡苑,000000058272000
110100015649040,67,大韩继村口,000000058272000
110100015649033,68,大韩继公交场站,000000058272000
