stationId,stopNumber,stopName,lineId
110100014026002,1,单店,000000058511301
110100014026003,2,东坝家园西站,000000058511301
110100014026004,3,东坝家园东站,000000058511301
110100014026005,4,北京奥林匹克花园北站,000000058511301
110100014026006,5,北京奥林匹克花园,000000058511301
110100014026019,6,金泰丽富嘉园,000000058511301
110100014026007,7,东坝中路,000000058511301
110100014026008,8,泓鑫家园,000000058511301
110100014026009,9,平房东口,000000058511301
110100014026010,10,黄杉木店路北口,000000058511301
110100014026021,11,黄杉木店路,000000058511301
110100014026011,12,亮马厂西口,000000058511301
110100014026012,13,四季星河南街,000000058511301
110100014026013,14,青年路小区,000000058511301
110100014026020,15,青年路小区南站,000000058511301
110100014026014,16,天鹅湾小区,000000058511301
110100014026015,17,康家沟,000000058511301
110100014026022,18,兴隆家园南区,000000058511301
110100014026016,19,四惠东站,000000058511301
110100014026017,20,四惠枢纽站,000000058511301
