stationId,stopNumber,stopName,lineId
110100015729002,1,地铁海淀五路居站,000000058435560
110100015729003,2,定慧寺西,000000058435560
110100015729004,3,定慧桥北,000000058435560
110100015729005,4,五孔桥,000000058435560
110100015729006,5,田村半壁店,000000058435560
110100015729007,6,田村,000000058435560
110100015729008,7,田村西口,000000058435560
110100015729009,8,什坊院,000000058435560
110100015729032,9,地铁廖公庄站,000000058435560
110100015729010,10,廖公庄,000000058435560
110100015729011,11,西黄村,000000058435560
110100015729012,12,苹果园南路东口,000000058435560
110100015729013,13,苹果园中学,000000058435560
110100015729014,14,苹果园东,000000058435560
110100015729015,15,地铁苹果园站,000000058435560
110100015729016,16,金顶南路,000000058435560
110100015729017,17,石景山,000000058435560
110100015729018,18,首钢小区,000000058435560
110100015729033,19,模式口西里,000000058435560
110100015729019,20,高井路口西,000000058435560
110100015729020,21,石景山高井,000000058435560
110100015729021,22,黑石头,000000058435560
110100015729022,23,五里坨,000000058435560
110100015729023,24,石景山南宫,000000058435560
110100015729024,25,三家店东口,000000058435560
110100015729025,26,三家店,000000058435560
110100015729026,27,三家店西口,000000058435560
110100015729027,28,城子北站,000000058435560
110100015729028,29,城子,000000058435560
110100015729029,30,河滩北站,000000058435560
110100015729030,31,新桥大街,000000058435560
110100015729031,32,大峪,000000058435560
