stationId,stopNumber,stopName,lineId
110100014633107,1,文昌东路东口,000011574150960
110100014633015,2,水碾屯新村北站,000011574150960
110100014633016,3,文昌东路西口,000011574150960
110100014633085,4,中国社会科学院(良乡),000011574150960
110100014633017,5,智汇城创业园,000011574150960
110100014633019,6,梅花庄新村,000011574150960
110100014633118,7,梅花庄新村西,000011574150960
110100014633020,8,昊蓝温泉家园,000011574150960
110100014633021,9,昊天温泉家园,000011574150960
110100014633022,10,华冠购物中心,000011574150960
110100014633023,11,西潞北大街,000011574150960
110100014633086,12,良坨路口,000011574150960
110100014633025,13,北潞园东门,000011574150960
110100014633026,14,固村村口,000011574150960
110100014633027,15,安庄村,000011574150960
110100014633028,16,芳菲小区,000011574150960
110100014633029,17,北刘庄村,000011574150960
110100014633142,18,小苑村,000011574150960
110100014633143,19,大苑村,000011574150960
110100014633144,20,大苑村东,000011574150960
110100014633145,21,芦上坟,000011574150960
110100014633146,22,芦上坟北,000011574150960
110100014633147,23,青龙湖镇辛庄,000011574150960
110100014633148,24,怪村公交场站,000011574150960
110100014633149,25,怪村,000011574150960
110100014633150,26,南洛平村,000011574150960
110100014633151,27,北洛平村,000011574150960
110100014633152,28,文林南街,000011574150960
110100014633153,29,常乐寺,000011574150960
110100014633115,30,南四位路口,000011574150960
110100014633116,31,北四位,000011574150960
110100014633117,32,北四位西站,000011574150960
110100014633080,33,上万东站,000011574150960
110100014633043,34,上万村,000011574150960
110100014633044,35,上万南站,000011574150960
110100014633110,36,少年军校,000011574150960
110100014633089,37,青龙湖镇水峪东,000011574150960
110100014633090,38,青龙湖镇水峪,000011574150960
110100014633047,39,石梯,000011574150960
110100014633048,40,化工厂家属区,000011574150960
110100014633081,41,坨里北站,000011574150960
110100014633050,42,坨里,000011574150960
110100014633082,43,坨里南站,000011574150960
110100014633052,44,坨里村口,000011574150960
110100014633101,45,房山沙窝北站,000011574150960
110100014633053,46,房山沙窝,000011574150960
110100014633054,47,大苑上村,000011574150960
110100014633091,48,大苑上南,000011574150960
110100014633092,49,原子能研究院,000011574150960
110100014633093,50,北坊村,000011574150960
110100014633058,51,新镇,000011574150960
110100014633059,52,房山吴庄,000011574150960
110100014633060,53,小董村,000011574150960
110100014633061,54,大董村北,000011574150960
110100014633111,55,房山焦庄村东,000011574150960
110100014633063,56,大窦桥北,000011574150960
110100014633064,57,大石河,000011574150960
110100014633065,58,大于路北口,000011574150960
110100014633066,59,房山马各庄,000011574150960
110100014633067,60,城关街道办事处,000011574150960
110100014633094,61,饶乐府,000011574150960
110100014633070,62,饶乐府村口,000011574150960
110100014633095,63,房山东大桥,000011574150960
110100014633077,64,房山东大街,000011574150960
110100014633112,65,房山西大街,000011574150960
110100014633102,66,山水家园,000011574150960
110100014633073,67,洪寺村口,000011574150960
110100014633074,68,洪寺村,000011574150960
110100014633096,69,原香嘉苑,000011574150960
110100014633097,70,燕山体育馆,000011574150960
