stationId,stopNumber,stopName,lineId
900000098424001,1,软件园广场,000008152743230
900000098424002,2,软件园东站,000008152743230
900000098424003,3,风芳园,000008152743230
900000098424004,4,上地南口,000008152743230
900000098424005,5,正白旗,000008152743230
900000098424006,6,北京体育大学,000008152743230
900000098424007,7,西下庄南,000008152743230
900000098424008,8,西黄村北站,000008152743230
900000098424009,9,西井小区,000008152743230
900000098424010,10,海特花园,000008152743230
900000098424011,11,琅山,000008152743230
900000098424012,12,苹果园小区,000008152743230
900000098424013,13,苹果园南,000008152743230
900000098424014,14,杨庄路西口,000008152743230
900000098424015,15,古城剧场,000008152743230
900000098424016,16,古城大院,000008152743230
