stationId,stopNumber,stopName,lineId
110100053378002,1,南坞,000000058381551
110100053378003,2,南坞(南行),000000058381551
110100053378004,3,东冉村,000000058381551
110100053378005,4,四季青桥东,000000058381551
110100053378006,5,车道沟桥西,000000058381551
110100053378007,6,车道沟桥东,000000058381551
110100053378008,7,北洼路,000000058381551
110100053378009,8,紫竹院南门,000000058381551
110100053378019,9,白石桥西,000000058381551
110100053378010,10,白石桥南,000000058381551
110100053378011,11,四道口东,000000058381551
110100053378012,12,百万庄,000000058381551
110100053378013,13,甘家口大厦,000000058381551
110100053378014,14,甘家口北,000000058381551
110100053378015,15,钓鱼台,000000058381551
110100053378016,16,木樨地北,000000058381551
110100053378017,17,木樨地东,000000058381551
110100053378018,18,白云路,000000058381551
