stationId,stopNumber,stopName,lineId
900000118387001,1,耿辛庄,000010012776330
900000118387002,2,怀柔张各庄,000010012776330
900000118387023,3,怀柔张各庄西,000010012776330
900000118387025,4,怀柔太平庄北,000010012776330
900000118387024,5,怀柔太平庄,000010012776330
900000118387021,6,怀柔南站南广场,000010012776330
900000118387020,7,怀柔花园村南,000010012776330
900000118387018,8,怀柔花园村,000010012776330
900000118387027,9,北京电影学院怀柔校区南门,000010012776330
900000118387029,10,临时站,000010012776330
900000118387005,11,杨宋镇政府,000010012776330
900000118387014,12,杨宋开发区,000010012776330
900000118387015,13,唐自口南,000010012776330
900000118387006,14,唐自口,000010012776330
900000118387026,15,翡翠华庭小区,000010012776330
900000118387007,16,怀柔渔场,000010012776330
900000118387008,17,兴怀大街东口,000010012776330
900000118387022,18,怀柔招商局,000010012776330
900000118387010,19,下元,000010012776330
900000118387011,20,于家园,000010012776330
