stationId,stopNumber,stopName,lineId
110100011843002,1,汤河口,000004341214491
110100011843021,2,汤河口十字街,000004341214491
110100011843022,3,汤河口镇政府,000004341214491
110100011843023,4,古石沟门,000004341214491
110100011843006,5,东黄梁,000004341214491
110100011843020,6,三道沟门,000004341214491
110100011843047,7,兰营,000004341214491
110100011843008,8,王四沟门,000004341214491
110100011843039,9,老西沟门,000004341214491
110100011843040,10,长哨营,000004341214491
110100011843011,11,遥岭,000004341214491
110100011843012,12,榆树湾,000004341214491
110100011843026,13,古洞沟路口,000004341214491
110100011843036,14,北湾子,000004341214491
110100011843037,15,东四道河,000004341214491
110100011843038,16,大沟,000004341214491
110100011843041,17,东四道河,000004341214491
110100011843042,18,北湾子,000004341214491
110100011843043,19,古洞沟路口,000004341214491
110100011843044,20,古洞沟,000004341214491
110100011843045,21,荆梢店,000004341214491
110100011843046,22,项栅子,000004341214491
