stationId,stopNumber,stopName,lineId
110100012633047,1,永定门汽车站,000014286687371
110100012633048,2,陶然亭公园南门,000014286687371
110100012633087,3,开阳桥西,000014286687371
110100012633049,4,右安门东,000014286687371
110100012633050,5,右安门西,000014286687371
110100012633051,6,大观园,000014286687371
110100012633052,7,大观园西,000014286687371
110100012633053,8,白纸坊桥南,000014286687371
110100012633054,9,白纸坊桥北,000014286687371
110100012633055,10,椿树馆街,000014286687371
110100012633056,11,广安门南,000014286687371
110100012633057,12,复兴门南,000014286687371
110100012633058,13,北京儿童医院,000014286687371
110100012633059,14,阜成门北,000014286687371
110100012633060,15,西直门南,000014286687371
110100012633061,16,玉桃园,000014286687371
110100012633062,17,新街口豁口,000014286687371
110100012633063,18,德胜门西,000014286687371
110100012633064,19,鼓楼桥西,000014286687371
110100012633065,20,安定门西,000014286687371
110100012633066,21,雍和宫桥东,000014286687371
110100012633067,22,东直门北,000014286687371
110100012633068,23,东四十条桥南,000014286687371
110100012633069,24,朝阳门南,000014286687371
110100012633070,25,雅宝路,000014286687371
110100012633071,26,建国门南,000014286687371
110100012633072,27,广渠门,000014286687371
110100012633083,28,光明桥,000014286687371
110100012633073,29,肿瘤医院,000014286687371
110100012633074,30,左安门外,000014286687371
110100012633075,31,芳城园,000014286687371
110100012633076,32,方庄环岛西,000014286687371
110100012633077,33,蒲方路西口,000014286687371
110100012633078,34,玉蜓桥西,000014286687371
110100012633079,35,天坛南门,000014286687371
110100012633085,36,陶然亭公园南门,000014286687371
110100012633086,37,北京南站,000014286687371
110100012633082,38,永定门汽车站,000014286687371
