stationId,stopNumber,stopName,lineId
110100014536002,1,南彩汽车站,000000058276921
110100014536003,2,河北村,000000058276921
110100014536004,3,俸伯小学,000000058276921
110100014536005,4,俸伯,000000058276921
110100014536006,5,地铁俸伯站,000000058276921
110100014536007,6,顺义东大桥,000000058276921
110100014536027,7,顺义电视台,000000058276921
110100014536022,8,东风小学,000000058276921
110100014536023,9,顺义医院,000000058276921
110100014536024,10,便民街东口,000000058276921
110100014536008,11,胜利小区,000000058276921
110100014536009,12,中山西街,000000058276921
110100014536010,13,顺义西门,000000058276921
110100014536011,14,西辛小学,000000058276921
110100014536012,15,地铁石门站,000000058276921
110100014536025,16,四季花城,000000058276921
110100014536029,17,梅沟营北,000000058276921
110100014536013,18,梅沟营,000000058276921
110100014536020,19,望泉桥东,000000058276921
110100014536015,20,南法信,000000058276921
110100014536016,21,空港物流开发区,000000058276921
110100014536026,22,空港物流开发区南站,000000058276921
110100014536018,23,左家庄桥东,000000058276921
110100014536028,24,东直门外,000000058276921
