stationId,stopNumber,stopName,lineId
110100013903032,1,花园路北口,000000058310360
110100013903033,2,志新桥西,000000058310360
110100013903034,3,志新桥南,000000058310360
110100013903011,4,牡丹园北,000000058310360
110100013903012,5,牡丹园,000000058310360
110100013903035,6,北太平桥北,000000058310360
110100013903013,7,北太平桥南,000000058310360
110100013903014,8,铁狮子坟,000000058310360
110100013903015,9,北师大路口南,000000058310360
110100013903016,10,小西天,000000058310360
110100013903017,11,积水潭桥南,000000058310360
110100013903018,12,新街口北,000000058310360
110100013903019,13,赵登禹路北口,000000058310360
110100013903020,14,宝产胡同,000000058310360
110100013903021,15,祖家街,000000058310360
110100013903022,16,报子胡同,000000058310360
110100013903023,17,白塔寺南,000000058310360
110100013903024,18,丰盛胡同,000000058310360
110100013903025,19,辟才胡同,000000058310360
110100013903026,20,太平桥,000000058310360
110100013903027,21,新文化街西口,000000058310360
110100013903028,22,长椿街路口西,000000058310360
110100013903029,23,天宁寺桥西,000000058310360
110100013903030,24,白云桥西,000000058310360
110100013903031,25,小马厂,000000058310360
