stationId,stopNumber,stopName,lineId
110100015445001,1,燕化星城一里,000000058271551
110100015445002,2,燕化星城二里,000000058271551
110100015445032,3,燕化星城三里,000000058271551
110100015445033,4,燕化星城四里,000000058271551
110100015445018,5,大窦桥北,000000058271551
110100015445019,6,房山焦庄村,000000058271551
110100015445020,7,房山桥梁厂,000000058271551
110100015445021,8,羊头岗村,000000058271551
110100015445022,9,燕化动力厂,000000058271551
110100015445023,10,燕化聚酯厂,000000058271551
110100015445024,11,燕山北庄,000000058271551
110100015445031,12,燕山换乘中心,000000058271551
110100015445026,13,燕化设计院,000000058271551
110100015445027,14,燕化研究院,000000058271551
110100015445028,15,燕山凤凰亭,000000058271551
110100015445016,16,燕山春光,000000058271551
