stationId,stopNumber,stopName,lineId
110100014484002,1,曹碾,000000058251021
110100014484003,2,曹碾东口,000000058251021
110100014484022,3,曹碾中街,000000058251021
110100014484004,4,曹碾西口,000000058251021
110100014484005,5,八仙庄北大街,000000058251021
110100014484006,6,八仙庄东,000000058251021
110100014484007,7,八仙庄南大街,000000058251021
110100014484020,8,羊各庄村北,000000058251021
110100014484008,9,羊各庄,000000058251021
110100014484009,10,东二旗村,000000058251021
110100014484019,11,东二旗村西站,000000058251021
110100014484010,12,北京洋房小区,000000058251021
110100014484012,13,名流花园菊苑,000000058251021
110100014484017,14,名流花园兰苑,000000058251021
110100014484013,15,名佳四区,000000058251021
110100014484014,16,名佳花园,000000058251021
110100014484015,17,平西王府路口东,000000058251021
110100014484021,18,平西王府路口南,000000058251021
110100014484018,19,东三旗,000000058251021
110100014484016,20,天通苑北枢纽站,000000058251021
