stationId,stopNumber,stopName,lineId
110100013804002,1,东沙各庄公交场站,000000058355431
110100013804024,2,东沙各庄,000000058355431
110100013804003,3,平坊,000000058355431
110100013804004,4,平西王府路口南,000000058355431
110100013804033,5,东三旗,000000058355431
110100013804005,6,地铁天通苑北站南,000000058355431
110100013804025,7,地铁天通苑站,000000058355431
110100013804007,8,天通苑太平庄,000000058355431
110100013804008,9,地铁天通苑南站,000000058355431
110100013804009,10,天通西苑南,000000058355431
110100013804010,11,地铁立水桥站,000000058355431
110100013804026,12,立水桥北站,000000058355431
110100013804032,13,大羊坊,000000058355431
110100013804012,14,北苑,000000058355431
110100013804028,15,辛店村,000000058355431
110100013804027,16,北苑路大屯北站,000000058355431
110100013804029,17,地铁大屯路东站,000000058355431
110100013804014,18,慧忠路东口,000000058355431
110100013804030,19,惠新西桥,000000058355431
110100013804015,20,惠新西街,000000058355431
110100013804016,21,惠新西街南口,000000058355431
110100013804017,22,和平西桥北,000000058355431
110100013804018,23,和平西桥南,000000058355431
110100013804019,24,兴化路南口,000000058355431
110100013804020,25,地坛西门,000000058355431
110100013804021,26,安定门,000000058355431
