stationId,stopNumber,stopName,lineId
110100016066001,1,三河总站,000000058285691
110100016066002,2,三河农机驾校,000000058285691
110100016066003,3,刘里村,000000058285691
110100016066004,4,三河地税局,000000058285691
110100016066005,5,安居小区,000000058285691
110100016066006,6,城建新村,000000058285691
110100016066007,7,三河国土资源局,000000058285691
110100016066008,8,富达购物广场,000000058285691
110100016066009,9,三河市政府,000000058285691
110100016066010,10,滨河院,000000058285691
110100016066011,11,建兴市场,000000058285691
110100016066012,12,鼎盛街,000000058285691
110100016066013,13,三河一中,000000058285691
110100016066014,14,李旗庄,000000058285691
110100016066077,15,燕京职业技术学院,000000058285691
110100016066016,16,直属库,000000058285691
110100016066017,17,煤矿路口,000000058285691
110100016066018,18,大厂温泉度假村,000000058285691
110100016066019,19,耀华佳苑,000000058285691
110100016066020,20,燕北畜牧机械厂,000000058285691
110100016066021,21,夏垫,000000058285691
110100016066022,22,夏垫交警中队,000000058285691
110100016066023,23,大厂福喜公司,000000058285691
110100016066024,24,东柳河屯,000000058285691
110100016066025,25,三河李家务,000000058285691
110100016066026,26,天子庄园,000000058285691
110100016066027,27,运河源建材城,000000058285691
110100016066028,28,长城重机(临时站),000000058285691
110100016066029,29,燕郊住达集团,000000058285691
110100016066030,30,燕郊食品城,000000058285691
110100016066031,31,燕郊印刷城,000000058285691
110100016066032,32,燕郊火车站口,000000058285691
110100016066033,33,燕郊迎宾路口,000000058285691
110100016066034,34,燕郊行宫花园,000000058285691
110100016066035,35,燕灵路口,000000058285691
110100016066036,36,兴达广场小区,000000058285691
110100016066037,37,北京胸科医院,000000058285691
110100016066038,38,北京物资学院南站,000000058285691
110100016066039,39,郎家园,000000058285691
