stationId,stopNumber,stopName,lineId
110100014022002,1,白各庄公交场站,000000058509481
110100014022020,2,白各庄新村,000000058509481
110100014022030,3,白各庄新村西区,000000058509481
110100014022004,4,白各庄新区南,000000058509481
110100014022023,5,马连店东,000000058509481
110100014022005,6,马连店北,000000058509481
110100014022006,7,文华西路北口,000000058509481
110100014022028,8,流星花园三区西门,000000058509481
110100014022029,9,流星花园,000000058509481
110100014022019,10,龙禧苑二区西门,000000058509481
110100014022010,11,东亚上北小区,000000058509481
110100014022011,12,龙锦苑六区,000000058509481
110100014022012,13,良庄家园,000000058509481
110100014022013,14,龙跃苑一区路口东,000000058509481
110100014022014,15,天龙苑小区,000000058509481
110100014022015,16,龙跃苑东二区东门,000000058509481
110100014022016,17,龙跃苑东四区东门,000000058509481
110100014022017,18,霍营公交场站,000000058509481
