stationId,stopNumber,stopName,lineId
110100013403002,1,安定门,000000058389701
110100013403017,2,地坛西门,000000058389701
110100013403018,3,和平里中街西口,000000058389701
110100013403019,4,地坛北门,000000058389701
110100013403005,5,地铁和平里北街站,000000058389701
110100013403006,6,和平里西街,000000058389701
110100013403007,7,和平西桥南,000000058389701
110100013403008,8,和平西桥北,000000058389701
110100013403009,9,惠新西街南口,000000058389701
110100013403010,10,惠新西街,000000058389701
110100013403011,11,惠新里,000000058389701
110100013403012,12,对外经贸大学北,000000058389701
110100013403013,13,中国现代文学馆,000000058389701
110100013403014,14,育慧南路,000000058389701
110100013403015,15,望和桥,000000058389701
110100013403016,16,芍药居,000000058389701
