stationId,stopNumber,stopName,lineId
110100015127002,1,成府路口南,000000058283970
110100015127003,2,北京科技大学北门,000000058283970
110100015127004,3,志新路,000000058283970
110100015127005,4,安翔北路,000000058283970
110100015127006,5,慧忠路西口,000000058283970
110100015127007,6,炎黄艺术馆南门,000000058283970
110100015127014,7,安慧北里,000000058283970
110100015127008,8,小营西路,000000058283970
110100015127009,9,小营东路,000000058283970
110100015127010,10,世纪村,000000058283970
110100015127011,11,育慧东路,000000058283970
110100015127015,12,湖光中街西口,000000058283970
110100015127016,13,南湖中园南门,000000058283970
110100015127017,14,湖光中街东口,000000058283970
110100015127018,15,地铁望京站,000000058283970
110100015127019,16,望京街西口,000000058283970
110100015127020,17,阜安西路,000000058283970
110100015127021,18,望京西园三区东门,000000058283970
110100015127022,19,望京东园,000000058283970
110100015127023,20,望京花园东区,000000058283970
110100015127024,21,北京八十中学东门,000000058283970
110100015127025,22,容达路,000000058283970
110100015127026,23,来广营路口西,000000058283970
110100015127027,24,来广营北,000000058283970
