stationId,stopNumber,stopName,lineId
900000027183040,1,青山公交场站,000000000022681
900000027183045,2,东永和屯村,000000000022681
900000027183046,3,小北关东口,000000000022681
900000027183047,4,小北关北口,000000000022681
900000027183048,5,通州垡头村,000000000022681
900000027183049,6,中辛庄,000000000022681
900000027183007,7,枣林庄南口,000000000022681
900000027183038,8,枣林庄小学,000000000022681
900000027183009,9,枣林庄北口,000000000022681
900000027183050,10,通州大辛庄,000000000022681
900000027183051,11,月亮湾小区,000000000022681
900000027183052,12,张家湾凉水河桥北,000000000022681
900000027183053,13,张家湾南口,000000000022681
900000027183014,14,张家湾中心小学,000000000022681
900000027183036,15,北许场新村,000000000022681
900000027183016,16,张家湾镇政府,000000000022681
900000027183017,17,张家湾开发区,000000000022681
900000027183018,18,北许场村,000000000022681
900000027183019,19,土桥新桥东,000000000022681
900000027183029,20,土桥欣村,000000000022681
900000027183021,21,土桥村,000000000022681
900000027183032,22,地铁土桥站,000000000022681
900000027183031,23,地铁临河里站,000000000022681
900000027183024,24,通州小街桥东,000000000022681
900000027183025,25,地铁梨园站,000000000022681
900000027183039,26,杨家洼,000000000022681
900000027183027,27,九棵树,000000000022681
900000027183028,28,地铁九棵树站,000000000022681
