stationId,stopNumber,stopName,lineId
110100013711026,1,公主坟东,000000058289181
110100013711005,2,军事博物馆,000000058289181
110100013711006,3,木樨地西,000000058289181
110100013711007,4,木樨地北,000000058289181
110100013711008,5,月坛北街北站,000000058289181
110100013711009,6,展览路口北,000000058289181
110100013711010,7,百万庄东口,000000058289181
110100013711011,8,二里沟东口,000000058289181
110100013711012,9,大柳树南站,000000058289181
110100013711013,10,大柳树北站,000000058289181
110100013711014,11,皂君东里,000000058289181
110100013711015,12,联想桥南,000000058289181
110100013711016,13,大钟寺站,000000058289181
110100013711017,14,地铁大钟寺站,000000058289181
110100013711018,15,蓟门桥西,000000058289181
110100013711027,16,蓟门桥,000000058289181
110100013711028,17,蓟门桥北,000000058289181
110100013711029,18,学知桥北,000000058289181
110100013711030,19,花园北路西口,000000058289181
110100013711031,20,北医三院,000000058289181
110100013711024,21,塔院,000000058289181
110100013711025,22,塔院小区南门,000000058289181
