stationId,stopNumber,stopName,lineId
110100015932059,1,东坟公交场站,000000058239931
110100015932053,2,顾册东口,000000058239931
110100015932054,3,北市,000000058239931
110100015932055,4,房山南关南,000000058239931
110100015932056,5,房山南关立交桥北,000000058239931
110100015932044,6,房山汽车站,000000058239931
110100015932030,7,仓房小区,000000058239931
110100015932031,8,万宁桥,000000058239931
110100015932047,9,富燕新村,000000058239931
110100015932033,10,宏塔小区,000000058239931
110100015932045,11,燕山体育馆,000000058239931
110100015932034,12,迎风南路东口,000000058239931
110100015932048,13,燕山杏花东里,000000058239931
110100015932049,14,燕山杏花西里,000000058239931
110100015932050,15,燕山邮政局,000000058239931
110100015932051,16,北京燕化医院,000000058239931
110100015932052,17,燕化设计院,000000058239931
110100015932040,18,燕化研究院,000000058239931
110100015932041,19,燕山凤凰亭,000000058239931
110100015932069,20,胜利桥,000000058239931
110100015932070,21,燕山春光,000000058239931
110100015932067,22,栗周路,000000058239931
110100015932071,23,栗周路西口,000000058239931
110100015932068,24,车厂村,000000058239931
110100015932072,25,车厂村北,000000058239931
