stationId,stopNumber,stopName,lineId
110100013904002,1,小马厂,000000058310361
110100013904004,2,小马厂(东行),000000058310361
110100013904005,3,白云桥西,000000058310361
110100013904006,4,天宁寺桥西,000000058310361
110100013904007,5,长椿街路口北,000000058310361
110100013904008,6,新文化街西口,000000058310361
110100013904009,7,太平桥,000000058310361
110100013904010,8,辟才胡同,000000058310361
110100013904011,9,丰盛胡同,000000058310361
110100013904012,10,白塔寺南,000000058310361
110100013904013,11,报子胡同,000000058310361
110100013904014,12,祖家街,000000058310361
110100013904015,13,宝产胡同,000000058310361
110100013904016,14,赵登禹路北口,000000058310361
110100013904017,15,新街口北,000000058310361
110100013904018,16,积水潭桥南,000000058310361
110100013904019,17,小西天,000000058310361
110100013904020,18,北师大路口南,000000058310361
110100013904021,19,铁狮子坟,000000058310361
110100013904022,20,北太平桥北,000000058310361
110100013904023,21,牡丹园,000000058310361
110100013904024,22,牡丹园北,000000058310361
110100013904025,23,塔院,000000058310361
110100013904026,24,花园路北口,000000058310361
