stationId,stopNumber,stopName,lineId
110100012659084,1,后伏村公交场站,000000000022871
110100012659088,2,前伏村,000000000022871
110100012659094,3,后伏村,000000000022871
110100012659002,4,柏福村,000000000022871
110100012659095,5,柏福路口,000000000022871
110100012659096,6,神驹村,000000000022871
110100012659087,7,柏福路口,000000000022871
110100012659004,8,大松垡村南口,000000000022871
110100012659066,9,大松垡路口,000000000022871
110100012659007,10,大松垡村,000000000022871
110100012659082,11,大松垡村北口,000000000022871
110100012659008,12,小松垡村,000000000022871
110100012659010,13,小松垡村北口,000000000022871
110100012659073,14,大杜社村口,000000000022871
110100012659012,15,大杜社路口,000000000022871
110100012659013,16,大杜社中学,000000000022871
110100012659080,17,小杜社村西口,000000000022871
110100012659015,18,堰上村路口,000000000022871
110100012659016,19,高营村南口,000000000022871
110100012659017,20,高营村,000000000022871
110100012659018,21,高营村北口,000000000022871
110100012659074,22,样田村,000000000022871
110100012659020,23,新河村路口,000000000022871
110100012659021,24,南火垡村,000000000022871
110100012659023,25,窑上村,000000000022871
110100012659024,26,兴武林村南口,000000000022871
110100012659025,27,兴武林村北口,000000000022871
110100012659063,28,尖垡村,000000000022871
110100012659067,29,玉甫上营南,000000000022871
110100012659026,30,玉甫上营,000000000022871
110100012659097,31,玉甫上营北,000000000022871
110100012659098,32,田家府,000000000022871
110100012659108,33,田家府北(临时站),000000000022871
110100012659110,34,曹园村,000000000022871
110100012659099,35,地铁万盛东站,000000000022871
110100012659100,36,大马庄,000000000022871
110100012659101,37,群芳园,000000000022871
110100012659102,38,云景里,000000000022871
110100012659077,39,云景东路,000000000022871
110100012659035,40,杨家洼路口南,000000000022871
110100012659078,41,杨家洼,000000000022871
110100012659037,42,九棵树,000000000022871
110100012659103,43,地铁九棵树站,000000000022871
110100012659104,44,果园西,000000000022871
110100012659105,45,日光清城,000000000022871
110100012659041,46,科印小区,000000000022871
110100012659058,47,通州北苑路口南,000000000022871
