stationId,stopNumber,stopName,lineId
110100013642002,1,东直门外,000000058150651
110100013642003,2,左家庄,000000058150651
110100013642018,3,三元桥,000000058150651
110100013642004,4,三元桥东站,000000058150651
110100013642005,5,京密路丽都饭店,000000058150651
110100013642019,6,西八间房,000000058150651
110100013642006,7,大山桥东,000000058150651
110100013642007,8,五元桥西,000000058150651
110100013642008,9,东辛店,000000058150651
110100013642009,10,北皋,000000058150651
110100013642010,11,东营,000000058150651
110100013642011,12,和平农场,000000058150651
110100013642012,13,民航博物馆,000000058150651
110100013642013,14,苇沟桥西,000000058150651
110100013642016,15,机场道口,000000058150651
110100013642017,16,首都机场路北口,000000058150651
