stationId,stopNumber,stopName,lineId
110100015996058,1,梨村公交场站,000000058268301
110100015996055,2,梨村,000000058268301
110100015996062,3,首都师范大学(良乡),000000058268301
110100015996063,4,北京中医药大学(良乡),000000058268301
110100015996071,5,荷园南路东口,000000058268301
110100015996064,6,荷园南路,000000058268301
110100015996065,7,荷园南路西口,000000058268301
110100015996066,8,瑞雪春堂,000000058268301
110100015996067,9,昊天嘉园,000000058268301
110100015996068,10,地铁良乡南关站东,000000058268301
110100015996069,11,拱辰南大街,000000058268301
110100015996070,12,良乡大角,000000058268301
110100015996007,13,良乡东关路口北,000000058268301
110100015996008,14,昊天温泉家园,000000058268301
110100015996009,15,良乡火车站路口,000000058268301
110100015996061,16,送变电公司南,000000058268301
110100015996010,17,送变电公司,000000058268301
110100015996011,18,黄辛庄路口,000000058268301
110100015996012,19,长阳碧桂园,000000058268301
110100015996013,20,昊天北桥南,000000058268301
110100015996014,21,昊天北桥北,000000058268301
110100015996060,22,黄管屯,000000058268301
110100015996015,23,黄管屯北,000000058268301
110100015996016,24,南岗洼,000000058268301
110100015996017,25,北岗洼,000000058268301
110100015996018,26,赵辛店村,000000058268301
110100015996019,27,北京十中,000000058268301
110100015996020,28,长辛店南口,000000058268301
110100015996021,29,长辛店北口,000000058268301
110100015996022,30,杜家坎南,000000058268301
110100015996023,31,杜家坎,000000058268301
110100015996059,32,卢沟新桥,000000058268301
110100015996024,33,抗战雕塑园,000000058268301
110100015996025,34,西道口,000000058268301
110100015996026,35,丰台路口,000000058268301
110100015996027,36,丰台体育中心,000000058268301
110100015996028,37,丰北桥东,000000058268301
110100015996029,38,七里庄,000000058268301
