stationId,stopNumber,stopName,lineId
110100015846002,1,二里庄,000014286687500
110100015846003,2,二里庄南口,000014286687500
110100015846004,3,志新北里,000014286687500
110100015846005,4,志新桥北,000014286687500
110100015846006,5,志新桥南,000014286687500
110100015846007,6,牡丹园北,000014286687500
110100015846008,7,牡丹园,000014286687500
110100015846040,8,北太平桥北,000014286687500
110100015846009,9,北太平桥南,000014286687500
110100015846010,10,铁狮子坟,000014286687500
110100015846037,11,北师大路口南,000014286687500
110100015846011,12,小西天,000014286687500
110100015846012,13,积水潭桥东,000014286687500
110100015846013,14,德胜门南站,000014286687500
110100015846039,15,果子市,000014286687500
110100015846014,16,德内甘水桥,000014286687500
110100015846015,17,铸钟厂,000014286687500
110100015846016,18,宝钞胡同,000014286687500
110100015846038,19,小经厂,000014286687500
110100015846017,20,交道口东,000014286687500
110100015846018,21,北新桥路口西,000014286687500
110100015846019,22,东内小街,000014286687500
110100015846020,23,东直门内,000014286687500
110100015846021,24,东直门,000014286687500
110100015846022,25,春秀路,000014286687500
110100015846023,26,幸福三村,000014286687500
110100015846024,27,农业展览馆,000014286687500
110100015846025,28,团结湖,000014286687500
110100015846026,29,甜水园街北口,000014286687500
110100015846027,30,甜水园北里,000014286687500
110100015846028,31,金台路口南,000014286687500
110100015846029,32,红庙路口北,000014286687500
110100015846030,33,英家坟,000014286687500
110100015846031,34,慈云寺,000014286687500
110100015846032,35,东八里庄,000014286687500
110100015846033,36,十里堡,000014286687500
110100015846036,37,甘露园西,000014286687500
110100015846034,38,甘露园,000014286687500
110100015846035,39,康家沟,000014286687500
