stationId,stopNumber,stopName,lineId
110100015765003,1,孙河公交场站,000000058345540
110100015765030,2,康瑞路北站,000000058345540
110100015765032,3,香苇路西站,000000058345540
110100015765004,4,东郊农场西站,000000058345540
110100015765005,5,马南里,000000058345540
110100015765006,6,崔各庄,000000058345540
110100015765025,7,地铁崔各庄站,000000058345540
110100015765007,8,善各庄,000000058345540
110100015765008,9,望京火车站,000000058345540
110100015765033,10,善各庄西站,000000058345540
110100015765009,11,来广营路口西,000000058345540
110100015765010,12,来广营西桥东,000000058345540
110100015765011,13,来广营西桥,000000058345540
110100015765012,14,顾家庄,000000058345540
110100015765013,15,朝来农艺园,000000058345540
110100015765014,16,勇士营,000000058345540
110100015765015,17,北京青年城,000000058345540
110100015765016,18,赢秋苑,000000058345540
110100015765024,19,北卫新园,000000058345540
110100015765017,20,红军营南路西口,000000058345540
110100015765018,21,北苑,000000058345540
110100015765029,22,辛店村,000000058345540
110100015765020,23,北苑路大屯北站,000000058345540
110100015765021,24,大屯路东口,000000058345540
110100015765022,25,大屯南,000000058345540
110100015765023,26,慧忠里,000000058345540
