stationId,stopNumber,stopName,lineId
110100015920002,1,郎家园,000000058229280
110100015920003,2,八王坟东,000000058229280
110100015920040,3,北京物资学院南站,000000058229280
110100015920005,4,北京胸科医院,000000058229280
110100015920006,5,兴达广场小区,000000058229280
110100015920007,6,燕灵路口,000000058229280
110100015920008,7,燕郊行宫花园,000000058229280
110100015920009,8,燕郊迎宾路口,000000058229280
110100015920010,9,燕郊火车站口,000000058229280
110100015920011,10,燕郊印刷城,000000058229280
110100015920012,11,燕郊食品城,000000058229280
110100015920013,12,燕郊住达集团,000000058229280
110100015920014,13,运河源建材城,000000058229280
110100015920015,14,天子庄园,000000058229280
110100015920055,15,三河李家务,000000058229280
110100015920016,16,东柳河屯,000000058229280
110100015920017,17,大厂福喜公司,000000058229280
110100015920056,18,夏垫交警中队,000000058229280
110100015920018,19,夏垫,000000058229280
110100015920019,20,燕北畜牧机械厂,000000058229280
110100015920041,21,耀华佳苑,000000058229280
110100015920020,22,大厂温泉度假村,000000058229280
110100015920021,23,煤矿路口,000000058229280
110100015920022,24,大厂东庄,000000058229280
110100015920023,25,沃珅路口,000000058229280
110100015920024,26,王果子村,000000058229280
110100015920025,27,赵沟子村,000000058229280
110100015920026,28,苇子庄,000000058229280
110100015920027,29,褚各庄,000000058229280
110100015920028,30,大厂六合庄,000000058229280
110100015920029,31,霍各庄,000000058229280
110100015920044,32,大厂星光城,000000058229280
110100015920030,33,大厂北辰路西口,000000058229280
110100015920031,34,大厂交通局,000000058229280
110100015920032,35,大厂永安小区,000000058229280
110100015920033,36,大厂城关二小,000000058229280
110100015920057,37,大厂医院,000000058229280
110100015920048,38,大厂大安东街,000000058229280
110100015920049,39,大厂大安西街,000000058229280
110100015920038,40,大厂三村,000000058229280
110100015920054,41,鑫诚公司(临时站),000000058229280
110100015920039,42,大厂,000000058229280
