stationId,stopNumber,stopName,lineId
110100013317037,1,双兴苑公交场站,000000058271081
110100013317001,2,双兴苑,000000058271081
110100013317002,3,小汤山街口,000000058271081
110100013317035,4,小汤山,000000058271081
110100013317003,5,小汤山镇政府,000000058271081
110100013317036,6,大柳树路口西,000000058271081
110100013317004,7,大柳树路口南,000000058271081
110100013317005,8,小汤山马坊,000000058271081
110100013317006,9,北京太阳城,000000058271081
110100013317038,10,老年社区,000000058271081
110100013317007,11,东沙各庄,000000058271081
110100013317008,12,平坊,000000058271081
110100013317009,13,平西王府路口南,000000058271081
110100013317010,14,地铁天通苑北站南,000000058271081
110100013317033,15,地铁天通苑站,000000058271081
110100013317012,16,天通苑太平庄,000000058271081
110100013317013,17,地铁天通苑南站,000000058271081
110100013317014,18,天通西苑南,000000058271081
110100013317015,19,东小口,000000058271081
110100013317016,20,地铁立水桥站,000000058271081
110100013317034,21,立水桥北站,000000058271081
110100013317042,22,立水桥南站,000000058271081
110100013317043,23,天畅园南门,000000058271081
110100013317020,24,北苑,000000058271081
110100013317021,25,辛店村,000000058271081
110100013317045,26,科荟路东口,000000058271081
110100013317046,27,慧忠北里北,000000058271081
110100013317044,28,慧忠北里,000000058271081
110100013317025,29,大屯南,000000058271081
110100013317041,30,慧忠里,000000058271081
