stationId,stopNumber,stopName,lineId
900000084165001,1,航天桥西,000007049989800
900000084165003,2,西钓鱼台,000007049989800
900000084165004,3,定慧寺东,000007049989800
900000084165005,4,侯庄子,000007049989800
900000084165006,5,滨河西区,000007049989800
900000084165007,6,葡东小区,000007049989800
900000084165008,7,葡萄嘴路口南,000007049989800
900000084165009,8,永定中学,000007049989800
900000084165023,9,冯村,000007049989800
900000084165022,10,冯村大桥,000007049989800
900000084165020,11,丽景长安小区北,000007049989800
900000084165021,12,冯村南口,000007049989800
900000084165019,13,冯西园,000007049989800
900000084165002,14,冯村公交场站,000007049989800
