stationId,stopNumber,stopName,lineId
900000084164001,1,冯村公交场站,000007049989801
900000084164022,2,冯西园,000007049989801
900000084164021,3,冯村南口,000007049989801
900000084164020,4,丽景长安小区北,000007049989801
900000084164019,5,冯村大桥,000007049989801
900000084164023,6,冯村,000007049989801
900000084164007,7,永定中学,000007049989801
900000084164008,8,葡萄嘴路口南,000007049989801
900000084164009,9,葡东小区,000007049989801
900000084164010,10,滨河西区,000007049989801
900000084164011,11,侯庄子,000007049989801
900000084164012,12,定慧寺东,000007049989801
900000084164013,13,西钓鱼台,000007049989801
900000084164002,14,航天桥西,000007049989801
