stationId,stopNumber,stopName,lineId
110100013984002,1,翠海明苑,000000058496681
110100013984019,2,翠海明苑西,000000058496681
110100013984004,3,新发地北,000000058496681
110100013984005,4,马家楼桥北,000000058496681
110100013984006,5,地铁草桥站,000000058496681
110100013984007,6,欣园小区西,000000058496681
110100013984008,7,欣园小区东,000000058496681
110100013984009,8,北甲地,000000058496681
110100013984010,9,嘉园二里南门,000000058496681
110100013984011,10,嘉园二里东门,000000058496681
110100013984012,11,马家堡小区,000000058496681
110100013984013,12,角门北路,000000058496681
110100013984014,13,角门北路东口,000000058496681
110100013984015,14,马家堡东口,000000058496681
110100013984016,15,洋桥北,000000058496681
110100013984017,16,四路通,000000058496681
110100013984018,17,北京南站南广场,000000058496681
