stationId,stopNumber,stopName,lineId
900000019504014,1,晓月苑公交场站,000000058450151
900000019504016,2,晓月苑三里东门,000000058450151
900000019504017,3,晓月苑医院,000000058450151
900000019504002,4,晓月苑二里,000000058450151
900000019504004,5,晓月苑一里,000000058450151
900000019504018,6,新月家园,000000058450151
900000019504005,7,抗战雕塑园,000000058450151
900000019504006,8,西道口,000000058450151
900000019504007,9,五里店,000000058450151
900000019504008,10,五里店东站,000000058450151
900000019504009,11,大井,000000058450151
900000019504010,12,丰台路口西,000000058450151
900000019504011,13,岳各庄桥东,000000058450151
900000019504012,14,六里桥北里,000000058450151
900000019504013,15,北京西站,000000058450151
