stationId,stopNumber,stopName,lineId
110100012273016,1,清河,000000058644550
110100012273017,2,清河北,000000058644550
110100012273018,3,永泰园小区,000000058644550
110100012273019,4,永泰庄北路,000000058644550
110100012273020,5,地铁永泰庄站,000000058644550
110100012273021,6,后屯南路,000000058644550
110100012273002,7,地铁西小口站,000000058644550
110100012273003,8,后屯村,000000058644550
110100012273004,9,莱圳家园,000000058644550
110100012273005,10,西小口路西口,000000058644550
110100012273006,11,悦秀路南口,000000058644550
110100012273007,12,悦秀路,000000058644550
110100012273008,13,悦秀路北口,000000058644550
110100012273009,14,邮政研究院,000000058644550
110100012273010,15,育新小区北口,000000058644550
110100012273011,16,地铁育新站,000000058644550
110100012273012,17,黄土店,000000058644550
110100012273013,18,东村家园南门,000000058644550
110100012273014,19,龙乡小区,000000058644550
110100012273015,20,新龙城东站,000000058644550
