stationId,stopNumber,stopName,lineId
110100013710002,1,慧忠路东口,000000058152331
110100013710003,2,秀园,000000058152331
110100013710004,3,炎黄艺术馆,000000058152331
110100013710020,4,安慧桥北,000000058152331
110100013710005,5,奥体东门,000000058152331
110100013710022,6,安贞里,000000058152331
110100013710007,7,安贞桥西,000000058152331
110100013710008,8,安华桥西,000000058152331
110100013710009,9,马甸桥东,000000058152331
110100013710010,10,北太平桥西,000000058152331
110100013710011,11,蓟门桥南,000000058152331
110100013710012,12,明光桥南,000000058152331
110100013710013,13,文慧桥南,000000058152331
110100013710014,14,索家坟,000000058152331
110100013710015,15,西直门南,000000058152331
110100013710016,16,阜成门北,000000058152331
110100013710017,17,北京儿童医院,000000058152331
110100013710018,18,复兴门南,000000058152331
110100013710019,19,北京西站,000000058152331
