stationId,stopNumber,stopName,lineId
110100015918039,1,大北窑东,000000058224350
110100015918003,2,通州北苑路口东,000000058224350
110100015918004,3,通州西门路口东,000000058224350
110100015918005,4,西大街路口西,000000058224350
110100015918006,5,西大街路口东,000000058224350
110100015918007,6,新华大街,000000058224350
110100015918008,7,通州东关,000000058224350
110100015918009,8,东关大桥,000000058224350
110100015918010,9,百合湾小区,000000058224350
110100015918011,10,三元村,000000058224350
110100015918012,11,武夷花园,000000058224350
110100015918013,12,霍屯村,000000058224350
110100015918014,13,通州古城村,000000058224350
110100015918015,14,胡各庄西,000000058224350
110100015918016,15,胡各庄,000000058224350
110100015918028,16,召里南,000000058224350
110100015918017,17,召里,000000058224350
110100015918018,18,丁各庄,000000058224350
110100015918019,19,前夏邢各庄,000000058224350
110100015918020,20,后夏公庄,000000058224350
110100015918030,21,宋庄,000000058224350
110100015918033,22,小堡南街,000000058224350
110100015918034,23,小堡商业广场,000000058224350
110100015918035,24,小堡北街,000000058224350
110100015918036,25,小堡环岛,000000058224350
110100015918037,26,小堡艺术东区,000000058224350
110100015918038,27,宋庄美术馆,000000058224350
110100015918027,28,佰富苑,000000058224350
