stationId,stopNumber,stopName,lineId
110100016119021,1,杨秀店公交场站,000000058460601
110100016119002,2,杨秀店,000000058460601
110100016119003,3,杨秀店北,000000058460601
110100016119004,4,周营北口,000000058460601
110100016119005,5,小古二路,000000058460601
110100016119006,6,通州姚村南,000000058460601
110100016119007,7,温馨家园,000000058460601
110100016119008,8,小白村,000000058460601
110100016119017,9,马驹桥一号桥,000000058460601
110100016119010,10,通州第二医院,000000058460601
110100016119022,11,凉水河桥南,000000058460601
110100016119012,12,永昌南路南站,000000058460601
110100016119013,13,隆盛产业园,000000058460601
110100016119014,14,永昌北路南口,000000058460601
110100016119018,15,万源街西口,000000058460601
110100016119016,16,十里河桥南,000000058460601
