stationId,stopNumber,stopName,lineId
110100013519057,1,地铁草房站,000000058412240
110100013519065,2,金榆路南口,000000058412240
110100013519058,3,金榆路高安屯,000000058412240
110100013519066,4,金榆路高安屯北站,000000058412240
110100013519002,5,朝阳沙窝,000000058412240
110100013519003,6,黎各庄,000000058412240
110100013519004,7,朝阳农场,000000058412240
110100013519005,8,皮村西口,000000058412240
110100013519059,9,皮村路口北,000000058412240
110100013519060,10,幸福家园,000000058412240
110100013519061,11,东窑村口,000000058412240
110100013519067,12,东窑村北,000000058412240
110100013519062,13,金盏,000000058412240
110100013519063,14,金盏卫生院,000000058412240
110100013519068,15,长店路口东,000000058412240
110100013519069,16,郁金香花园,000000058412240
110100013519070,17,小店路口,000000058412240
110100013519071,18,蟹岛度假村东门,000000058412240
