stationId,stopNumber,stopName,lineId
900000117747001,1,十里河桥南,000010012776320
900000117747002,2,邵各庄,000010012776320
900000117747013,3,南辛店,000010012776320
900000117747003,4,采伟路北口,000010012776320
900000117747004,5,育英街,000010012776320
900000117747005,6,采和路,000010012776320
900000117747011,7,育政街,000010012776320
900000117747006,8,波尔多小区,000010012776320
900000117747007,9,育星苑小区,000010012776320
900000117747008,10,育新花园中里,000010012776320
900000117747009,11,育新花园西里,000010012776320
900000117747012,12,育林街西口,000010012776320
900000117747014,13,采凤路,000010012776320
900000117747015,14,首镇路,000010012776320
900000117747016,15,首镇路南口,000010012776320
900000117747010,16,采育公交场站,000010012776320
