stationId,stopNumber,stopName,lineId
110100014607002,1,地铁生命科学园站西,000011531333571
110100014607037,2,地铁生命科学园站,000011531333571
110100014607003,3,朱辛庄,000011531333571
110100014607004,4,二拨子,000011531333571
110100014607005,5,北郊农场桥,000011531333571
110100014607006,6,京昌路回龙观,000011531333571
110100014607038,7,回龙观桥南,000011531333571
110100014607007,8,西三旗桥北,000011531333571
110100014607008,9,西三旗桥东,000011531333571
110100014607009,10,邮政研究院,000011531333571
110100014607010,11,育新小区北口,000011531333571
110100014607011,12,地铁育新站,000011531333571
110100014607012,13,新都,000011531333571
110100014607013,14,枫丹丽舍小区南,000011531333571
110100014607014,15,建材城东路西口,000011531333571
110100014607015,16,硅谷小区,000011531333571
110100014607016,17,建材城东里,000011531333571
110100014607017,18,森林大第,000011531333571
110100014607018,19,贺村,000011531333571
110100014607019,20,中滩,000011531333571
110100014607020,21,东小口,000011531333571
110100014607021,22,地铁立水桥站,000011531333571
110100014607022,23,立水桥北站,000011531333571
110100014607023,24,地铁立水桥南站,000011531333571
110100014607024,25,大羊坊,000011531333571
110100014607025,26,北苑,000011531333571
110100014607026,27,辛店村,000011531333571
110100014607027,28,辛店路西口,000011531333571
110100014607028,29,新新家园西站,000011531333571
110100014607029,30,新新家园,000011531333571
110100014607030,31,北湖渠,000011531333571
110100014607031,32,东湖,000011531333571
110100014607032,33,利泽西街东口,000011531333571
110100014607033,34,利泽中街西口,000011531333571
110100014607034,35,广顺桥南,000011531333571
110100014607035,36,来广营路口西,000011531333571
110100014607036,37,来广营北,000011531333571
