stationId,stopNumber,stopName,lineId
900000093063043,1,万源街西口,000000000022580
900000093063031,2,万源街东站,000000000022580
900000093063032,3,同济北路,000000000022580
900000093063033,4,同济北路南口,000000000022580
900000093063045,5,同济中路北口,000000000022580
900000093063046,6,同济中路,000000000022580
900000093063047,7,同济中路南站,000000000022580
900000093063048,8,隆盛产业园,000000000022580
900000093063069,9,永昌南路,000000000022580
900000093063070,10,永昌南路南站,000000000022580
900000093063003,11,马驹桥新桥,000000000022580
900000093063004,12,马驹桥北门口,000000000022580
900000093063005,13,马驹桥邮局,000000000022580
900000093063006,14,马驹桥商业街,000000000022580
900000093063007,15,西店环岛,000000000022580
900000093063064,16,留民营路口,000000000022580
900000093063065,17,漷马路口,000000000022580
900000093063066,18,大周易村,000000000022580
900000093063067,19,小周易村,000000000022580
900000093063010,20,史村,000000000022580
900000093063044,21,西田阳,000000000022580
900000093063012,22,牛坊路口,000000000022580
900000093063013,23,东田阳西口,000000000022580
900000093063076,24,东田阳村西,000000000022580
900000093063014,25,东田阳,000000000022580
900000093063015,26,陵园路口,000000000022580
900000093063051,27,大杜社村,000000000022580
900000093063071,28,大杜社路口,000000000022580
900000093063052,29,大杜社村口,000000000022580
900000093063072,30,小松垡村北口,000000000022580
900000093063054,31,小松垡村,000000000022580
900000093063022,32,大松垡村北口,000000000022580
900000093063073,33,大松垡村口,000000000022580
900000093063074,34,大松垡村,000000000022580
900000093063057,35,大松垡村南口,000000000022580
900000093063075,36,柏福路口,000000000022580
900000093063058,37,神驹村北口,000000000022580
900000093063059,38,神驹村公交场站,000000000022580
