stationId,stopNumber,stopName,lineId
110100015826029,1,国际展览中心,000000058538381
110100015826030,2,静安庄,000000058538381
110100015826031,3,西坝河,000000058538381
110100015826032,4,太阳宫桥,000000058538381
110100015826033,5,和平东桥北,000000058538381
110100015826034,6,中日医院,000000058538381
110100015826008,7,对外经贸大学,000000058538381
110100015826035,8,惠新东桥南,000000058538381
110100015826010,9,惠新东桥北,000000058538381
110100015826011,10,育慧西里,000000058538381
110100015826012,11,小营北路,000000058538381
110100015826013,12,北苑路大屯,000000058538381
110100015826014,13,北苑路大屯北站,000000058538381
110100015826015,14,辛店村,000000058538381
110100015826016,15,北苑,000000058538381
110100015826017,16,大羊坊,000000058538381
110100015826018,17,大羊坊东站,000000058538381
110100015826036,18,北苑家园西站,000000058538381
110100015826037,19,北苑家园,000000058538381
110100015826038,20,地铁北苑站,000000058538381
110100015826039,21,清河营中街,000000058538381
110100015826040,22,悦溪小区,000000058538381
110100015826041,23,水岸南街,000000058538381
110100015826042,24,水岸南街东站,000000058538381
110100015826043,25,水岸南街东口,000000058538381
110100015826044,26,水岸中街东口,000000058538381
110100015826045,27,清河营公交场站,000000058538381
