stationId,stopNumber,stopName,lineId
110100055663002,1,红庙路口东,000000058373171
110100055663003,2,红庙路口西,000000058373171
110100055663004,3,小庄路口东,000000058373171
110100055663005,4,呼家楼西,000000058373171
110100055663006,5,关东店,000000058373171
110100055663007,6,东大桥路口西,000000058373171
110100055663008,7,神路街,000000058373171
110100055663009,8,朝阳门外,000000058373171
110100055663010,9,朝阳门内,000000058373171
110100055663011,10,朝内小街,000000058373171
110100055663012,11,东四路口东,000000058373171
110100055663013,12,美术馆东,000000058373171
110100055663014,13,沙滩路口西,000000058373171
110100055663015,14,神武门,000000058373171
110100055663016,15,北海,000000058373171
110100055663017,16,西安门,000000058373171
110100055663018,17,西四路口东,000000058373171
110100055663019,18,白塔寺东,000000058373171
110100055663020,19,阜成门内,000000058373171
110100055663021,20,阜成门,000000058373171
110100055663022,21,阜成门外,000000058373171
110100055663023,22,展览路,000000058373171
110100055663024,23,阜外西口,000000058373171
110100055663025,24,甘家口北,000000058373171
110100055663026,25,百万庄西口,000000058373171
