stationId,stopNumber,stopName,lineId
110100014279002,1,惠新东桥南,000014286687470
110100014279003,2,对外经贸大学,000014286687470
110100014279004,3,中日医院,000014286687470
110100014279005,4,和平东桥南,000014286687470
110100014279006,5,和平里东街,000014286687470
110100014279007,6,和平里路口南,000014286687470
110100014279008,7,和平里南口,000014286687470
110100014279009,8,北小街豁口,000014286687470
110100014279010,9,雍和宫桥东,000014286687470
110100014279011,10,雍和宫,000014286687470
110100014279012,11,国子监,000014286687470
110100014279013,12,北新桥路口北,000014286687470
110100014279014,13,北新桥路口南,000014286687470
110100014279015,14,东四十二条,000014286687470
110100014279016,15,魏家胡同,000014286687470
110100014279017,16,钱粮胡同,000014286687470
110100014279018,17,东四路口南,000014286687470
110100014279019,18,灯市东口,000014286687470
110100014279020,19,米市大街,000014286687470
110100014279021,20,东单路口北,000014286687470
110100014279022,21,东单路口南,000014286687470
110100014279023,22,崇文门内,000014286687470
110100014279024,23,花市路口南,000014286687470
110100014279025,24,磁器口北,000014286687470
110100014279026,25,红桥路口北,000014286687470
110100014279027,26,法华寺,000014286687470
110100014279028,27,东四块玉,000014286687470
110100014279029,28,龙潭公园,000014286687470
110100014279030,29,龙潭湖游泳池,000014286687470
110100014279031,30,左安门内,000014286687470
110100014279032,31,左安门外,000014286687470
110100014279033,32,方庄桥北,000014286687470
110100014279034,33,方庄桥南,000014286687470
110100014279041,34,方庄南路,000014286687470
110100014279035,35,方庄南路南口,000014286687470
110100014279044,36,铜厂,000014286687470
110100014279045,37,政馨园小区,000014286687470
110100014279043,38,南窑,000014286687470
110100014279042,39,宋家庄,000014286687470
110100014279040,40,宋家庄枢纽站,000014286687470
