stationId,stopNumber,stopName,lineId
110100014490003,1,怀柔区新医院北,000007714718681
110100014490004,2,兴怀大街东口,000007714718681
110100014490005,3,金台园小区,000007714718681
110100014490006,4,兴怀大街,000007714718681
110100014490007,5,礼贤街,000007714718681
110100014490008,6,滨湖小区,000007714718681
110100014490009,7,杨家园,000007714718681
110100014490031,8,迎宾路北口,000007714718681
110100014490032,9,大中富乐村口,000007714718681
110100014490012,10,中富乐,000007714718681
110100014490013,11,雁栖镇南口,000007714718681
110100014490014,12,雁栖镇,000007714718681
110100014490015,13,雁栖镇北口,000007714718681
110100014490016,14,顶秀美泉小镇,000007714718681
110100014490017,15,永乐庄路口,000007714718681
110100014490018,16,北台下,000007714718681
110100014490029,17,怀北镇,000007714718681
110100014490020,18,雁栖湖,000007714718681
110100014490021,19,怀北庄南,000007714718681
110100014490022,20,怀北庄,000007714718681
110100014490025,21,河防口南,000007714718681
110100014490030,22,河防口,000007714718681
