stationId,stopNumber,stopName,lineId
110100013821002,1,永丰公交场站,000000058361430
110100013821003,2,丰润中路,000000058361430
110100013821030,3,丰润中路东口,000000058361430
110100013821004,4,永丰路北站,000000058361430
110100013821005,5,丰贤路口南,000000058361430
110100013821006,6,丰滢路口南,000000058361430
110100013821007,7,赵家庄,000000058361430
110100013821008,8,百旺新城,000000058361430
110100013821009,9,西北旺东村,000000058361430
110100013821010,10,永丰路南站,000000058361430
110100013821011,11,圆明园西路北口,000000058361430
110100013821012,12,梅园,000000058361430
110100013821013,13,中国农业大学西校区,000000058361430
110100013821014,14,肖家河,000000058361430
110100013821015,15,小清河,000000058361430
110100013821016,16,骚子营,000000058361430
110100013821017,17,西苑,000000058361430
110100013821018,18,颐和园路东口,000000058361430
110100013821019,19,圆明园南门,000000058361430
110100013821032,20,清华大学西门,000000058361430
110100013821020,21,中关园北站,000000058361430
110100013821021,22,清华园,000000058361430
110100013821022,23,西王庄小区,000000058361430
110100013821023,24,北京林业大学,000000058361430
110100013821024,25,六道口,000000058361430
110100013821025,26,学院路北口,000000058361430
110100013821026,27,成府路口南,000000058361430
110100013821027,28,北京航空航天大学,000000058361430
110100013821028,29,蓟门桥南,000000058361430
110100013821029,30,北京北站,000000058361430
