stationId,stopNumber,stopName,lineId
110100015820020,1,地铁黄渠站,000000058530680
110100015820021,2,常营中路西口,000000058530680
110100015820026,3,常营民族家园西站,000000058530680
110100015820023,4,民族家园中路南口,000000058530680
110100015820024,5,三间房东路北口,000000058530680
110100015820025,6,汇鸿家园,000000058530680
110100015820005,7,科技大学管庄校区,000000058530680
110100015820006,8,管庄路口北,000000058530680
110100015820007,9,杨闸环岛西,000000058530680
110100015820008,10,杨闸环岛东,000000058530680
110100015820009,11,西军庄,000000058530680
110100015820010,12,八里桥北站,000000058530680
110100015820011,13,西马庄,000000058530680
110100015820012,14,北京物资学院南站,000000058530680
110100015820013,15,北京胸科医院,000000058530680
110100015820014,16,富河园小区,000000058530680
110100015820015,17,西潞苑小区,000000058530680
110100015820027,18,北马庄南,000000058530680
110100015820016,19,翠福园小区,000000058530680
