stationId,stopNumber,stopName,lineId
110100015893051,1,国展新馆公交场站,000000058209070
110100015893052,2,国展新馆,000000058209070
110100015893053,3,顺义马连店,000000058209070
110100015893054,4,北甸,000000058209070
110100015893055,5,地铁孙河站,000000058209070
110100015893008,6,孙河,000000058209070
110100015893049,7,东郊农场,000000058209070
110100015893009,8,北皋,000000058209070
110100015893056,9,东辛店,000000058209070
110100015893050,10,望京村,000000058209070
110100015893010,11,大山桥东,000000058209070
110100015893011,12,地铁望京南站,000000058209070
110100015893040,13,阜通东大街,000000058209070
110100015893041,14,望京医院,000000058209070
110100015893042,15,花家地北里,000000058209070
110100015893012,16,花家地西里,000000058209070
110100015893013,17,花家地西里西站,000000058209070
110100015893057,18,望京桥北,000000058209070
110100015893014,19,望京桥西,000000058209070
110100015893015,20,望和桥,000000058209070
110100015893016,21,育慧里,000000058209070
110100015893043,22,惠新东桥南,000000058209070
110100015893044,23,对外经贸大学,000000058209070
110100015893045,24,对外经贸大学南,000000058209070
110100015893046,25,育慧南路南口,000000058209070
110100015893047,26,地铁芍药居站,000000058209070
110100015893048,27,芍药居公交场站,000000058209070
