stationId,stopNumber,stopName,lineId
110100013878002,1,静安庄,000000058308420
110100013878003,2,西坝河东里,000000058308420
110100013878004,3,地铁太阳宫站,000000058308420
110100013878005,4,望京桥南,000000058308420
110100013878006,5,望京桥北,000000058308420
110100013878007,6,花家地西里二区,000000058308420
110100013878008,7,大西洋新城南门,000000058308420
110100013878009,8,望京西园四区,000000058308420
110100013878018,9,阜安西路,000000058308420
110100013878010,10,望京西园三区东门,000000058308420
110100013878011,11,望京西园三区北门,000000058308420
110100013878012,12,宏昌路,000000058308420
110100013878013,13,望京花园,000000058308420
110100013878014,14,望京科技创业园,000000058308420
110100013878015,15,广顺桥南,000000058308420
110100013878016,16,来广营路口南,000000058308420
110100013878025,17,地铁善各庄站,000000058308420
