stationId,stopNumber,stopName,lineId
900000019562020,1,上台子,000004341214770
900000019562024,2,对角沟门,000004341214770
900000019562025,3,北八道河,000004341214770
900000019562026,4,七道河,000004341214770
900000019562039,5,七道河西沟,000004341214770
900000019562040,6,七道河南(临时站),000004341214770
900000019562041,7,上孟营,000004341214770
900000019562042,8,下孟营路口,000004341214770
900000019562045,9,三道窝铺,000004341214770
900000019562046,10,二道窝铺,000004341214770
900000019562047,11,老沟门,000004341214770
900000019562048,12,下孟营,000004341214770
900000019562010,13,兰营,000004341214770
900000019562037,14,三道沟门,000004341214770
900000019562011,15,东黄梁,000004341214770
900000019562012,16,古石沟门,000004341214770
900000019562038,17,汤河口镇政府,000004341214770
900000019562036,18,汤河口十字街,000004341214770
900000019562015,19,汤河口,000004341214770
