stationId,stopNumber,stopName,lineId
110100015811002,1,地铁回龙观站,000000058513190
110100015811003,2,育知路南口,000000058513190
110100015811004,3,龙腾街西口,000000058513190
110100015811005,4,龙腾苑二区南门,000000058513190
110100015811006,5,龙腾苑二区东门,000000058513190
110100015811024,6,龙腾苑一区路口北,000000058513190
110100015811008,7,龙禧苑二区西门,000000058513190
110100015811025,8,流星花园,000000058513190
110100015811026,9,流星花园三区西门,000000058513190
110100015811011,10,育荣教育园区,000000058513190
110100015811012,11,七里渠南村东,000000058513190
110100015811013,12,七里渠北村,000000058513190
110100015811014,13,七里渠,000000058513190
110100015811030,14,七里渠西桥,000000058513190
110100015811031,15,豆各庄新村南,000000058513190
110100015811032,16,地铁朱辛庄站,000000058513190
110100015811033,17,回昌东路,000000058513190
