stationId,stopNumber,stopName,lineId
900000146651001,1,公主坟南,000012876816550
900000146651002,2,六里桥北里,000012876816550
900000146651003,3,六里桥东,000012876816550
900000146651004,4,丰台太平桥,000012876816550
900000146651005,5,华源一里,000012876816550
900000146651006,6,首科花园南门,000012876816550
900000146651007,7,东局,000012876816550
900000146651008,8,东局南,000012876816550
900000146651009,9,丽泽桥东,000012876816550
900000146651010,10,三路居,000012876816550
900000146651011,11,中国戏曲学院,000012876816550
900000146651012,12,菜户营西站,000012876816550
900000146651013,13,玉泉营桥北,000012876816550
900000146651014,14,玉泉营桥东,000012876816550
900000146651020,15,草桥,000012876816550
900000146651016,16,嘉园一里,000012876816550
900000146651017,17,马家堡小区,000012876816550
900000146651018,18,角门北路,000012876816550
900000146651019,19,马家堡公交场站,000012876816550
