stationId,stopNumber,stopName,lineId
110100015417002,1,车厂村北,000011574151071
110100015417003,2,车厂村,000011574151071
110100015417004,3,胜利桥南,000011574151071
110100015417005,4,周口店镇西庄村北,000011574151071
110100015417109,5,周口店镇西庄村口,000011574151071
110100015417006,6,周口店镇西庄村,000011574151071
110100015417007,7,周口店镇良各庄,000011574151071
110100015417008,8,长沟峪煤矿,000011574151071
110100015417009,9,山口西站,000011574151071
110100015417010,10,山口,000011574151071
110100015417011,11,国土部探矿所,000011574151071
110100015417012,12,猿人遗址,000011574151071
110100015417115,13,猿人遗址博物馆,000011574151071
110100015417116,14,周口店公交场站,000011574151071
110100015417014,15,周口店村,000011574151071
110100015417015,16,周口店路口,000011574151071
110100015417016,17,周口村路口,000011574151071
110100015417088,18,房山云峰寺路口,000011574151071
110100015417125,19,顾册西,000011574151071
110100015417017,20,顾册,000011574151071
110100015417018,21,牛口峪路口,000011574151071
110100015417102,22,房山南关立交桥南,000011574151071
110100015417020,23,房山南关,000011574151071
110100015417021,24,房山中医医院,000011574151071
110100015417022,25,房山南大街,000011574151071
110100015417023,26,房山大角南,000011574151071
110100015417024,27,仓房小区,000011574151071
110100015417025,28,房山北大街,000011574151071
110100015417026,29,万宁桥,000011574151071
110100015417128,30,富燕新村,000011574151071
110100015417129,31,宏塔小区,000011574151071
110100015417130,32,燕山体育馆,000011574151071
