stationId,stopNumber,stopName,lineId
900000038414001,1,北京站东街,000000058395411
900000038414047,2,北京站东,000000058395411
900000038414035,3,北京站前街,000000058395411
900000038414036,4,北京站口东,000000058395411
900000038414044,5,日坛路,000000058395411
900000038414045,6,永安里路口西,000000058395411
900000038414046,7,永安里路口北,000000058395411
900000038414037,8,光华路口东,000000058395411
900000038414038,9,光华桥西,000000058395411
900000038414039,10,光华桥北,000000058395411
900000038414014,11,呼家楼北,000000058395411
900000038414015,12,呼家楼北街小区,000000058395411
900000038414016,13,水碓子,000000058395411
900000038414040,14,金台路口西,000000058395411
900000038414017,15,金台路口东,000000058395411
900000038414018,16,延静里,000000058395411
900000038414019,17,红领巾公园,000000058395411
900000038414020,18,八里庄南里,000000058395411
900000038414021,19,石佛营路南口,000000058395411
900000038414022,20,石佛营路,000000058395411
900000038414041,21,八里庄北里东站,000000058395411
900000038414031,22,八里庄北里,000000058395411
900000038414032,23,高庙,000000058395411
900000038414042,24,高庙北,000000058395411
900000038414033,25,豆各庄路口西,000000058395411
900000038414030,26,豆各庄路口南,000000058395411
900000038414043,27,石佛营东里,000000058395411
900000038414027,28,石佛营西里东站,000000058395411
900000038414028,29,石佛营西里,000000058395411
