stationId,stopNumber,stopName,lineId
900000137268014,1,十渡公交场站,000011730251061
900000137268001,2,十渡镇西庄,000011730251061
900000137268002,3,十渡南站,000011730251061
900000137268003,4,十渡村,000011730251061
900000137268004,5,十渡北站,000011730251061
900000137268005,6,十渡中心小学,000011730251061
900000137268006,7,十渡蜂儿峪,000011730251061
900000137268007,8,东石片,000011730251061
900000137268008,9,西石片,000011730251061
900000137268009,10,马安,000011730251061
900000137268010,11,东天峪,000011730251061
900000137268011,12,房山南台子,000011730251061
900000137268012,13,狮子谷,000011730251061
900000137268013,14,房山六合村,000011730251061
