stationId,stopNumber,stopName,lineId
110100013799002,1,天通北苑,000000058353460
110100013799003,2,天通东苑三区西门,000000058353460
110100013799004,3,天通北苑三区南门,000000058353460
110100013799005,4,天通北苑三区南,000000058353460
110100013799009,5,天通北苑二区东门,000000058353460
110100013799034,6,狮子营西门,000000058353460
110100013799035,7,天通北苑二区北门,000000058353460
110100013799036,8,天通北苑一区北门,000000058353460
110100013799010,9,地铁天通苑北站南,000000058353460
110100013799011,10,东三旗,000000058353460
110100013799012,11,半截塔村东站,000000058353460
110100013799013,12,半截塔村北站,000000058353460
110100013799014,13,魏窑村,000000058353460
110100013799015,14,魏窑村西,000000058353460
110100013799016,15,小辛庄东,000000058353460
110100013799017,16,小辛庄,000000058353460
110100013799033,17,小辛庄西,000000058353460
110100013799018,18,龙锦苑东二区北门,000000058353460
110100013799019,19,上坡路口西,000000058353460
110100013799020,20,和谐家园一区北门,000000058353460
110100013799021,21,龙锦苑二区,000000058353460
110100013799022,22,田园风光雅苑,000000058353460
110100013799023,23,龙锦苑四区,000000058353460
110100013799024,24,马连店南口,000000058353460
110100013799025,25,龙禧苑三区北门,000000058353460
110100013799026,26,龙禧苑三区路口西,000000058353460
110100013799027,27,回龙观公交场站,000000058353460
110100013799028,28,风雅园北,000000058353460
110100013799029,29,三合庄园,000000058353460
110100013799030,30,龙华园北,000000058353460
110100013799031,31,龙华园南,000000058353460
110100013799032,32,地铁龙泽站,000000058353460
