stationId,stopNumber,stopName,lineId
110100014103002,1,鲁谷公交场站,000000058539641
110100014103006,2,鲁谷,000000058539641
110100014103007,3,鲁谷西站,000000058539641
110100014103008,4,焦家坟路口东,000000058539641
110100014103009,5,永乐西小区,000000058539641
110100014103010,6,银河大街,000000058539641
110100014103011,7,京原东站,000000058539641
110100014103012,8,京原路口东,000000058539641
110100014103013,9,京燕饭店,000000058539641
110100014103014,10,八角,000000058539641
110100014103015,11,石景山古城,000000058539641
110100014103016,12,古城大院,000000058539641
110100014103017,13,古城剧场,000000058539641
110100014103018,14,杨庄路西口,000000058539641
110100014103019,15,苹果园南,000000058539641
110100014103020,16,地铁苹果园站,000000058539641
110100014103021,17,金顶街三区,000000058539641
110100014103022,18,金顶街北口,000000058539641
110100014103041,19,金顶北路,000000058539641
110100014103023,20,赵山小区,000000058539641
110100014103024,21,模式口南里,000000058539641
110100014103025,22,首钢小区,000000058539641
110100014103026,23,模式口西里,000000058539641
110100014103027,24,高井路口西,000000058539641
110100014103028,25,石景山高井,000000058539641
110100014103029,26,黑石头路南口,000000058539641
110100014103030,27,雷达站,000000058539641
110100014103042,28,炮厂西小区,000000058539641
110100014103043,29,炮厂小区,000000058539641
110100014103047,30,炮厂西门,000000058539641
110100014103048,31,炮厂南门,000000058539641
110100014103033,32,黑石头村,000000058539641
