stationId,stopNumber,stopName,lineId
110100015763002,1,小庄,000000058342921
110100015763003,2,红庙路口东,000000058342921
110100015763004,3,英家坟,000000058342921
110100015763005,4,慈云寺,000000058342921
110100015763006,5,东八里庄,000000058342921
110100015763007,6,十里堡,000000058342921
110100015763008,7,甘露园西,000000058342921
110100015763009,8,甘露园东,000000058342921
110100015763010,9,民航总医院,000000058342921
110100015763011,10,朝阳路高井,000000058342921
110100015763012,11,大黄庄桥东,000000058342921
110100015763013,12,定福庄,000000058342921
110100015763014,13,第二外国语学院,000000058342921
110100015763015,14,朝阳路三间房,000000058342921
110100015763016,15,地铁双桥站,000000058342921
110100015763017,16,双桥南,000000058342921
110100015763018,17,东柳,000000058342921
110100015763019,18,咸宁侯,000000058342921
110100015763039,19,咸宁侯南站,000000058342921
110100015763020,20,何家坟,000000058342921
110100015763021,21,于家围,000000058342921
110100015763031,22,石槽南路西口,000000058342921
110100015763036,23,西马各庄北街西口,000000058342921
110100015763037,24,白鹿司东,000000058342921
110100015763038,25,白鹿司北街,000000058342921
110100015763024,26,柏阳景园小区,000000058342921
110100015763032,27,白鹿司西,000000058342921
110100015763025,28,五方桥西,000000058342921
110100015763026,29,王四营桥东,000000058342921
110100015763027,30,五方桥东,000000058342921
110100015763033,31,白鹿司,000000058342921
110100015763034,32,豆各庄桥,000000058342921
110100015763042,33,通惠灌渠西路北站,000000058342921
110100015763043,34,通惠灌渠西路,000000058342921
110100015763028,35,朝丰家园北站,000000058342921
110100015763029,36,朝丰家园,000000058342921
110100015763035,37,朝丰家园南站,000000058342921
110100015763030,38,富力又一城,000000058342921
