stationId,stopNumber,stopName,lineId
110100015214002,1,北京站东街,000000058447520
110100015214003,2,广渠门,000000058447520
110100015214004,3,光明楼,000000058447520
110100015214005,4,北京体育馆,000000058447520
110100015214006,5,北京体育馆西,000000058447520
110100015214007,6,天坛体育场,000000058447520
110100015214008,7,东侧路,000000058447520
110100015214009,8,蒲黄榆,000000058447520
110100015214010,9,刘家窑桥北,000000058447520
110100015214011,10,刘家窑桥西,000000058447520
110100015214012,11,木樨园桥东,000000058447520
110100015214013,12,木樨园桥西,000000058447520
110100015214014,13,洋桥南,000000058447520
110100015214015,14,马家堡东口,000000058447520
110100015214016,15,西马场北口,000000058447520
110100015214017,16,西马场,000000058447520
110100015214018,17,西马场南里,000000058447520
110100015214056,18,公益桥,000000058447520
110100015214057,19,槐新公园,000000058447520
110100015214058,20,槐房西路北站,000000058447520
110100015214060,21,槐房北路西口,000000058447520
110100015214059,22,德鑫嘉园,000000058447520
110100015214021,23,槐房北站,000000058447520
110100015214022,24,槐房,000000058447520
110100015214023,25,槐房路南口,000000058447520
110100015214024,26,五爱屯西街,000000058447520
110100015214025,27,团河路北口,000000058447520
110100015214054,28,宏祥路东口,000000058447520
110100015214026,29,寿宝庄,000000058447520
110100015214027,30,大白楼,000000058447520
110100015214028,31,金荣园,000000058447520
110100015214055,32,金星庄,000000058447520
110100015214029,33,金海学校,000000058447520
110100015214030,34,团河行宫,000000058447520
110100015214031,35,团桂路口,000000058447520
110100015214032,36,团河农场,000000058447520
110100015214053,37,沐新路北口,000000058447520
110100015214033,38,新居里,000000058447520
110100015214034,39,新安里,000000058447520
110100015214035,40,团河路西口,000000058447520
110100015214036,41,黄村东大街东口,000000058447520
110100015214037,42,星城商厦,000000058447520
110100015214038,43,兴丰街南口,000000058447520
110100015214039,44,黄村火车站东,000000058447520
110100015214040,45,兴政街西口,000000058447520
110100015214041,46,义和庄北口,000000058447520
110100015214042,47,佟馨家园南,000000058447520
110100015214043,48,大兴宋庄东站,000000058447520
110100015214044,49,大兴宋庄,000000058447520
110100015214045,50,大兴一职,000000058447520
