stationId,stopNumber,stopName,lineId
900000035211001,1,于家园,000005815191021
900000035211036,2,下元,000005815191021
900000035211067,3,怀柔招商局,000005815191021
900000035211068,4,怀柔汽车站,000005815191021
900000035211005,5,怀柔五中,000005815191021
900000035211006,6,怀柔东关村,000005815191021
900000035211007,7,康馨家园,000005815191021
900000035211008,8,怀柔南小街,000005815191021
900000035211034,9,青春路南口,000005815191021
900000035211010,10,南华园四区,000005815191021
900000035211011,11,丽湖馨居,000005815191021
900000035211012,12,怀柔石厂,000005815191021
900000035211037,13,西台下,000005815191021
900000035211013,14,西台上,000005815191021
900000035211069,15,西台上西,000005815191021
900000035211038,16,桥梓开发区,000005815191021
900000035211014,17,桥梓,000005815191021
900000035211039,18,桥梓镇政府,000005815191021
900000035211040,19,山立庄,000005815191021
900000035211041,20,茶坞火车站路口,000005815191021
900000035211015,21,茶坞,000005815191021
900000035211016,22,苏峪口,000005815191021
900000035211072,23,蔡家庄北,000005815191021
900000035211073,24,岐庄,000005815191021
900000035211042,25,红林,000005815191021
900000035211043,26,一渡河东,000005815191021
900000035211018,27,一渡河,000005815191021
900000035211044,28,西四渡河村口,000005815191021
900000035211074,29,黄坎村南,000005815191021
900000035211070,30,黄坎村东,000005815191021
900000035211075,31,黄坎,000005815191021
900000035211071,32,九渡河镇政府,000005815191021
900000035211084,33,团泉村东,000005815191021
900000035211086,34,团泉,000005815191021
900000035211087,35,团泉村西,000005815191021
900000035211050,36,团泉变电站,000005815191021
900000035211022,37,局里,000005815191021
900000035211023,38,花木,000005815191021
900000035211051,39,九渡河东,000005815191021
900000035211079,40,九渡河中学,000005815191021
900000035211080,41,九渡河站,000005815191021
900000035211081,42,九渡河信用社,000005815191021
900000035211082,43,九渡河北,000005815191021
900000035211035,44,怀柔红庙,000005815191021
900000035211054,45,黄花镇路口,000005815191021
900000035211027,46,黄花镇,000005815191021
900000035211028,47,东宫,000005815191021
900000035211055,48,西台路口,000005815191021
900000035211056,49,黄花城电管站,000005815191021
900000035211057,50,黄花城邮局,000005815191021
900000035211058,51,黄花城桥南,000005815191021
900000035211029,52,黄花城,000005815191021
900000035211059,53,黄花城水库,000005815191021
900000035211060,54,黄花城北,000005815191021
900000035211030,55,口楼,000005815191021
900000035211083,56,落凤坡,000005815191021
900000035211061,57,二道关东,000005815191021
900000035211062,58,鹞子峪,000005815191021
900000035211063,59,二道关南牌楼,000005815191021
900000035211064,60,二道关北牌楼,000005815191021
900000035211031,61,二道关,000005815191021
900000035211032,62,二道关北,000005815191021
900000035211065,63,鳞龙山,000005815191021
900000035211066,64,庙上路口,000005815191021
900000035211033,65,庙上,000005815191021
