stationId,stopNumber,stopName,lineId
110100053356002,1,白石桥东,000000058376471
110100053356003,2,动物园,000000058376471
110100053356004,3,北京展览馆,000000058376471
110100053356005,4,二里沟东口,000000058376471
110100053356006,5,三塔寺,000000058376471
110100053356007,6,车公庄东,000000058376471
110100053356008,7,官园,000000058376471
110100053356009,8,平安医院,000000058376471
110100053356010,9,平安里路口东,000000058376471
110100053356011,10,厂桥路口东,000000058376471
110100053356012,11,东官房,000000058376471
110100053356013,12,北海北门,000000058376471
110100053356014,13,地安门外,000000058376471
110100053356015,14,鼓楼,000000058376471
110100053356016,15,宝钞胡同,000000058376471
110100053356017,16,小经厂,000000058376471
110100053356018,17,交道口东,000000058376471
110100053356019,18,北新桥路口西,000000058376471
110100053356020,19,东内小街,000000058376471
110100053356021,20,东直门内,000000058376471
110100053356022,21,东直门枢纽站,000000058376471
