stationId,stopNumber,stopName,lineId
110100014055002,1,惠新西街北口,000000058519700
110100014055003,2,惠新里,000000058519700
110100014055004,3,对外经贸大学北,000000058519700
110100014055005,4,中国现代文学馆,000000058519700
110100014055006,5,对外经贸大学东门,000000058519700
110100014055007,6,地铁芍药居站,000000058519700
110100014055008,7,地铁太阳宫站,000000058519700
110100014055009,8,太阳宫公园,000000058519700
110100014055010,9,望京桥北,000000058519700
110100014055011,10,花家地西里西站,000000058519700
110100014055012,11,南湖南路,000000058519700
110100014055013,12,南湖南路北口,000000058519700
110100014055014,13,南湖东园,000000058519700
110100014055018,14,南湖中园一区,000000058519700
110100014055019,15,世安家园,000000058519700
110100014055020,16,望湖公园,000000058519700
110100014055021,17,望京北路西口,000000058519700
110100014055022,18,望馨花园,000000058519700
110100014055023,19,东湖,000000058519700
