stationId,stopNumber,stopName,lineId
900000157389001,1,疃里二区,000013973918390
900000157389002,2,疃里一区,000013973918390
900000157389003,3,疃里新村,000013973918390
900000157389023,4,潞邑西路,000013973918390
900000157389024,5,友谊医院通州院区,000013973918390
900000157389025,6,小潞邑,000013973918390
900000157389026,7,新潮嘉园一区,000013973918390
900000157389027,8,新潮嘉园二区,000013973918390
900000157389028,9,新潮嘉园三区,000013973918390
900000157389017,10,六合桥路口南,000013973918390
900000157389018,11,孙各庄东口,000013973918390
900000157389029,12,霍屯村东,000013973918390
900000157389030,13,玉带河大街桥南,000013973918390
900000157389014,14,地铁郝家府站,000013973918390
900000157389015,15,地铁东夏园站,000013973918390
900000157389031,16,东夏园路口南,000013973918390
900000157389032,17,朗清园西站,000013973918390
900000157389033,18,朗清园东站,000013973918390
900000157389034,19,春明西路,000013973918390
900000157389035,20,东小营,000013973918390
