stationId,stopNumber,stopName,lineId
110100014956052,1,疃里,000000000023010
110100014956093,2,疃里一区南门,000000000023010
110100014956065,3,潞邑西路,000000000023010
110100014956056,4,小潞邑北站,000000000023010
110100014956006,5,小潞邑,000000000023010
110100014956008,6,耿庄桥北,000000000023010
110100014956045,7,皇木厂,000000000023010
110100014956012,8,岳庄,000000000023010
110100014956013,9,通州佟麟阁大街,000000000023010
110100014956014,10,潞河医院,000000000023010
110100014956057,11,果园北,000000000023010
110100014956082,12,地铁九棵树站,000000000023010
110100014956018,13,九棵树,000000000023010
110100014956019,14,杨家洼,000000000023010
110100014956020,15,杨家洼路口南,000000000023010
110100014956021,16,云景东路,000000000023010
110100014956022,17,云景里,000000000023010
110100014956058,18,群芳园,000000000023010
110100014956024,19,大马庄,000000000023010
110100014956025,20,地铁万盛东站,000000000023010
110100014956060,21,田家府,000000000023010
110100014956028,22,玉甫上营北,000000000023010
110100014956029,23,玉甫上营,000000000023010
110100014956084,24,台湖镇政府,000000000023010
110100014956085,25,台湖大街路口北,000000000023010
110100014956067,26,台湖卫生院西,000000000023010
110100014956068,27,印象台湖小区,000000000023010
110100014956054,28,新城职业学校,000000000023010
110100014956101,29,台湖学校,000000000023010
110100014956087,30,台湖剧场,000000000023010
110100014956088,31,台湖集市,000000000023010
110100014956096,32,铺胡路,000000000023010
110100014956097,33,北京国际图书城,000000000023010
110100014956098,34,胡家垡,000000000023010
110100014956102,35,北京国际图书城南站,000000000023010
110100014956092,36,外郎营村,000000000023010
110100014956041,37,周坡庄村委会,000000000023010
