stationId,stopNumber,stopName,lineId
900000122891001,1,六里桥东站,000010448755290
900000122891002,2,西道口,000010448755290
900000122891003,3,昊天北桥南,000010448755290
900000122891004,4,长阳碧桂园,000010448755290
900000122891005,5,黄辛庄路口,000010448755290
900000122891006,6,送变电公司,000010448755290
900000122891018,7,送变电公司南,000010448755290
900000122891007,8,良乡火车站路口,000010448755290
900000122891008,9,昊天温泉家园,000010448755290
900000122891009,10,良乡东关,000010448755290
900000122891010,11,良乡大角,000010448755290
900000122891011,12,良乡西门,000010448755290
900000122891012,13,苏庄东街,000010448755290
900000122891013,14,苏庄中路,000010448755290
900000122891014,15,苏庄大街,000010448755290
900000122891015,16,地铁苏庄站,000010448755290
900000122891016,17,苏庄西街南口,000010448755290
900000122891017,18,首发物流,000010448755290
