stationId,stopNumber,stopName,lineId
900000111676001,1,永旭嘉园,000009536864410
900000111676013,2,瀛坤路,000009536864410
900000111676014,3,瀛吉街,000009536864410
900000111676024,4,瀛安街,000009536864410
900000111676015,5,地铁瀛海站西,000009536864410
900000111676016,6,地铁瀛海站,000009536864410
900000111676002,7,瀛海路口东,000009536864410
900000111676003,8,玉璟园,000009536864410
900000111676004,9,姜场村,000009536864410
900000111676005,10,南海子公园,000009536864410
900000111676006,11,宝善庄西,000009536864410
900000111676007,12,南海家园一里东门,000009536864410
900000111676018,13,南海幼儿园,000009536864410
900000111676008,14,海梓府小区,000009536864410
900000111676009,15,千顷堂街,000009536864410
900000111676019,16,亦庄实验中学,000009536864410
900000111676020,17,金隅学府小区,000009536864410
900000111676021,18,和悦华锦小区,000009536864410
900000111676022,19,金麟府小区,000009536864410
900000111676023,20,南海家园七里,000009536864410
900000111676017,21,四合路,000009536864410
900000111676010,22,南海家园三里,000009536864410
900000111676011,23,泰河路口南,000009536864410
900000111676012,24,鹿海园公交场站,000009536864410
