stationId,stopNumber,stopName,lineId
110100014444042,1,涿州公交场站,000000058241231
110100014444002,2,涿州开发区,000000058241231
110100014444003,3,涿州职教中心站,000000058241231
110100014444004,4,涿州中心广场站,000000058241231
110100014444005,5,水电新村站,000000058241231
110100014444043,6,涿州市交通运输局,000000058241231
110100014444006,7,铁道部十八局设计院,000000058241231
110100014444007,8,东方物理公司站,000000058241231
110100014444008,9,涿州市政府站,000000058241231
110100014444009,10,涿州交警大队站,000000058241231
110100014444034,11,北坛村北,000000058241231
110100014444028,12,水岸花城小区,000000058241231
110100014444010,13,大石桥村站,000000058241231
110100014444011,14,下胡良南口站,000000058241231
110100014444012,15,下胡良北口站,000000058241231
110100014444041,16,东仙坡南,000000058241231
110100014444013,17,东仙坡站,000000058241231
110100014444014,18,常店村,000000058241231
110100014444025,19,房山白庄站,000000058241231
110100014444016,20,琉璃河检查站,000000058241231
110100014444044,21,琉璃河东,000000058241231
110100014444045,22,琉璃河水泥厂,000000058241231
110100014444046,23,兴礼检查站,000000058241231
110100014444030,24,岳各庄桥东,000000058241231
110100014444039,25,六里桥西,000000058241231
110100014444038,26,六里桥南,000000058241231
