stationId,stopNumber,stopName,lineId
900000105420001,1,地铁丰台科技园站,000008886042460
900000105420002,2,总部基地金融港,000008886042460
900000105420003,3,总部基地六区,000008886042460
900000105420004,4,海鹰路口,000008886042460
900000105420005,5,航丰路口,000008886042460
900000105420006,6,中核路口东,000008886042460
900000105420007,7,内环西路北口,000008886042460
900000105420008,8,看丹桥,000008886042460
900000105420009,9,大井南里,000008886042460
900000105420010,10,青塔西路南站,000008886042460
900000105420011,11,青塔西路,000008886042460
900000105420012,12,青塔西路北站,000008886042460
900000105420013,13,大成里,000008886042460
900000105420014,14,大成路西口,000008886042460
