stationId,stopNumber,stopName,lineId
110100015888033,1,四惠桥,000000058503190
110100015888034,2,八王坟南,000000058503190
110100015888035,3,光辉桥南,000000058503190
110100015888036,4,九龙山,000000058503190
110100015888037,5,九龙山路口西,000000058503190
110100015888038,6,九龙花园,000000058503190
110100015888039,7,双井桥东,000000058503190
110100015888048,8,双井桥南,000000058503190
110100015888017,9,劲松桥北,000000058503190
110100015888018,10,劲松中街,000000058503190
110100015888041,11,光明桥东,000000058503190
110100015888019,12,光明楼,000000058503190
110100015888042,13,北京体育馆,000000058503190
110100015888020,14,北京体育馆西,000000058503190
110100015888021,15,天坛体育场,000000058503190
110100015888022,16,东侧路,000000058503190
110100015888023,17,蒲黄榆,000000058503190
110100015888043,18,刘家窑桥北,000000058503190
110100015888024,19,刘家窑桥西,000000058503190
110100015888025,20,赵公口桥西,000000058503190
110100015888026,21,木樨园桥东,000000058503190
110100015888049,22,地铁海户屯站,000000058503190
110100015888027,23,南苑路果园,000000058503190
110100015888032,24,大红门西里,000000058503190
110100015888044,25,久敬庄,000000058503190
110100015888045,26,和义农场,000000058503190
110100015888046,27,和义南站,000000058503190
110100015888047,28,三营门,000000058503190
