stationId,stopNumber,stopName,lineId
110100016247163,1,南梨园南站,000011574150510
110100016247177,2,南梨园,000011574150510
110100016247122,3,天恒乐活城,000011574150510
110100016247060,4,绿城百合,000011574150510
110100016247061,5,绿城百合南口,000011574150510
110100016247062,6,阎村中心小学,000011574150510
110100016247169,7,南梨园北,000011574150510
110100016247063,8,房山梨园东里,000011574150510
110100016247064,9,阎安中路,000011574150510
110100016247065,10,阎村镇政府,000011574150510
110100016247066,11,阎村,000011574150510
110100016247147,12,炒米店路口,000011574150510
110100016247068,13,阎村桥,000011574150510
110100016247069,14,蓝光海悦城小区,000011574150510
110100016247148,15,良乡西路,000011574150510
110100016247071,16,苏庄东街北口,000011574150510
110100016247072,17,良乡西门,000011574150510
110100016247073,18,西潞园,000011574150510
110100016247074,19,华冠购物中心,000011574150510
110100016247075,20,良乡医院,000011574150510
110100016247076,21,良乡北关,000011574150510
110100016247078,22,房山区政府,000011574150510
110100016247079,23,行宫小区南门,000011574150510
110100016247080,24,送变电公司路口西,000011574150510
110100016247130,25,行宫小区东门,000011574150510
110100016247131,26,吴店西里,000011574150510
110100016247162,27,黄辛庄东里,000011574150510
110100016247132,28,龙华苑小区,000011574150510
110100016247133,29,黄辛庄路口西,000011574150510
110100016247134,30,原香小镇,000011574150510
110100016247171,31,长阳一村,000011574150510
110100016247172,32,天骄俊园小区,000011574150510
110100016247173,33,碧波园,000011574150510
110100016247174,34,地铁广阳城站北,000011574150510
110100016247175,35,地铁广阳城站,000011574150510
110100016247158,36,文昌东路西口,000011574150510
110100016247140,37,水碾屯新村北站,000011574150510
110100016247141,38,水碾屯新村,000011574150510
110100016247142,39,金地朗悦,000011574150510
110100016247143,40,地铁良乡大学城北站,000011574150510
110100016247144,41,北京理工大学(良乡),000011574150510
110100016247149,42,东羊庄新村,000011574150510
110100016247145,43,梅花庄新村,000011574150510
110100016247160,44,梅花庄新村西,000011574150510
110100016247161,45,昊蓝温泉家园,000011574150510
110100016247097,46,昊天温泉家园,000011574150510
110100016247098,47,良乡医院,000011574150510
110100016247099,48,良乡大角,000011574150510
110100016247100,49,良乡西门,000011574150510
110100016247101,50,西潞南大街,000011574150510
110100016247102,51,地铁良乡南关站西,000011574150510
110100016247103,52,房山区政府第二办公区,000011574150510
110100016247150,53,苏庄东街南口,000011574150510
110100016247151,54,苏庄中路,000011574150510
110100016247159,55,苏庄大街,000011574150510
110100016247107,56,地铁苏庄站,000011574150510
110100016247108,57,苏庄西街南口,000011574150510
110100016247109,58,阎村桥,000011574150510
110100016247110,59,炒米店路口,000011574150510
110100016247111,60,阎村,000011574150510
110100016247112,61,阎村镇政府,000011574150510
110100016247113,62,阎安中路,000011574150510
110100016247114,63,房山梨园东里,000011574150510
110100016247170,64,南梨园北,000011574150510
110100016247176,65,阎村中心小学,000011574150510
110100016247116,66,绿城百合南口,000011574150510
110100016247117,67,绿城百合,000011574150510
110100016247129,68,天恒乐活城,000011574150510
110100016247178,69,南梨园,000011574150510
110100016247168,70,南梨园南站,000011574150510
