stationId,stopNumber,stopName,lineId
110100016096002,1,中门寺生态园,000000058291021
110100016096003,2,中门花园,000000058291021
110100016096004,3,坡头小区,000000058291021
110100016096005,4,门头沟教委小区,000000058291021
110100016096006,5,大峪南路小区,000000058291021
110100016096007,6,大峪,000000058291021
110100016096008,7,京煤集团,000000058291021
110100016096009,8,新桥南街,000000058291021
110100016096010,9,月季园东里,000000058291021
110100016096011,10,滨河西区,000000058291021
110100016096012,11,侯庄子,000000058291021
110100016096013,12,麻峪北口,000000058291021
110100016096014,13,广宁村,000000058291021
110100016096015,14,金安桥东,000000058291021
110100016096016,15,金顶南路,000000058291021
110100016096017,16,地铁苹果园站,000000058291021
110100016096018,17,苹果园东,000000058291021
110100016096019,18,苹果园中学,000000058291021
110100016096020,19,苹果园南路东口,000000058291021
110100016096021,20,西黄村,000000058291021
110100016096046,21,廖公庄西,000000058291021
110100016096022,22,廖公庄,000000058291021
110100016096023,23,地铁廖公庄站,000000058291021
110100016096024,24,什坊院,000000058291021
110100016096025,25,田村西口,000000058291021
110100016096026,26,田村中街,000000058291021
110100016096027,27,阜玉路口北,000000058291021
110100016096028,28,玉海园西,000000058291021
110100016096029,29,航天中心医院,000000058291021
110100016096030,30,玉泉路口东,000000058291021
110100016096031,31,永定路口南,000000058291021
110100016096032,32,北太平路东口,000000058291021
110100016096033,33,沙窝桥北,000000058291021
110100016096034,34,南沙窝桥,000000058291021
110100016096035,35,郑常庄,000000058291021
110100016096036,36,岳各庄,000000058291021
110100016096037,37,靛厂锦园,000000058291021
110100016096038,38,靛厂村南站,000000058291021
110100016096039,39,水衙沟路东口,000000058291021
110100016096040,40,莲宝中路,000000058291021
110100016096041,41,莲宝中路南口,000000058291021
110100016096042,42,六里桥西,000000058291021
110100016096045,43,六里桥北,000000058291021
110100016096048,44,莲花池南路,000000058291021
