stationId,stopNumber,stopName,lineId
110100011807002,1,吉寺,000005815191040
110100011807023,2,九渡河镇政府,000005815191040
110100011807040,3,黄坎,000005815191040
110100011807042,4,黄坎村东,000005815191040
110100011807029,5,黄坎村南,000005815191040
110100011807004,6,西四渡河村口,000005815191040
110100011807041,7,西四渡河村,000005815191040
110100011807005,8,一渡河,000005815191040
110100011807031,9,一渡河东,000005815191040
110100011807024,10,红林,000005815191040
110100011807036,11,岐庄,000005815191040
110100011807034,12,蔡家庄北,000005815191040
110100011807038,13,蔡家庄村口(临时站),000005815191040
110100011807007,14,苏峪口,000005815191040
110100011807008,15,茶坞,000005815191040
110100011807032,16,茶坞火车站路口,000005815191040
110100011807025,17,山立庄,000005815191040
110100011807009,18,桥梓镇政府,000005815191040
110100011807033,19,桥梓,000005815191040
110100011807026,20,桥梓开发区,000005815191040
110100011807035,21,西台上西,000005815191040
110100011807010,22,西台上,000005815191040
110100011807027,23,西台下,000005815191040
110100011807011,24,怀柔石厂,000005815191040
110100011807012,25,丽湖馨居,000005815191040
110100011807014,26,青春路南口,000005815191040
110100011807015,27,怀柔南大街,000005815191040
110100011807016,28,康馨家园,000005815191040
110100011807017,29,怀柔东关村,000005815191040
110100011807018,30,怀柔五中,000005815191040
110100011807019,31,怀柔汽车站,000005815191040
110100011807020,32,怀柔招商局,000005815191040
110100011807021,33,下元,000005815191040
110100011807022,34,于家园,000005815191040
