stationId,stopNumber,stopName,lineId
900000087738001,1,延庆南菜园,000000058699211
900000087738002,2,延庆东关,000000058699211
900000087738003,3,川北小区南门,000000058699211
900000087738004,4,石河营,000000058699211
900000087738005,5,京张路口东,000000058699211
900000087738041,6,延庆东桥东,000000058699211
900000087738006,7,延庆八中,000000058699211
900000087738007,8,八里店,000000058699211
900000087738042,9,八里店东口,000000058699211
900000087738043,10,新合营,000000058699211
900000087738008,11,沈家营镇政府,000000058699211
900000087738040,12,沈家营,000000058699211
900000087738044,13,连家营,000000058699211
900000087738009,14,魏家营,000000058699211
900000087738045,15,兴安堡路口,000000058699211
900000087738010,16,北老君堂路口,000000058699211
900000087738046,17,香村营西站,000000058699211
900000087738011,18,香村营,000000058699211
900000087738012,19,西小庄科,000000058699211
900000087738013,20,吴坊营,000000058699211
900000087738047,21,吴坊营东站,000000058699211
900000087738048,22,吴坊营村东,000000058699211
900000087738049,23,新华营西,000000058699211
900000087738014,24,新华营,000000058699211
900000087738050,25,三里墩,000000058699211
900000087738015,26,永宁西关,000000058699211
900000087738016,27,永宁车站,000000058699211
900000087738017,28,永宁,000000058699211
900000087738018,29,延庆狮子营,000000058699211
900000087738019,30,永新堡,000000058699211
900000087738020,31,刘斌堡西站,000000058699211
900000087738021,32,刘斌堡,000000058699211
900000087738022,33,刘斌堡东站,000000058699211
900000087738039,34,刘斌堡村东,000000058699211
900000087738023,35,山南沟,000000058699211
900000087738024,36,小观头,000000058699211
900000087738025,37,大观头,000000058699211
900000087738026,38,周四沟村西,000000058699211
900000087738027,39,周四沟,000000058699211
900000087738028,40,红果寺,000000058699211
900000087738029,41,小吉祥,000000058699211
900000087738030,42,大吉祥,000000058699211
900000087738031,43,黑汉岭,000000058699211
900000087738032,44,王顺沟路口,000000058699211
900000087738033,45,四海南湾,000000058699211
900000087738034,46,大胜岭,000000058699211
900000087738035,47,天门关,000000058699211
900000087738036,48,四海,000000058699211
900000087738037,49,西沟外,000000058699211
900000087738038,50,西沟里,000000058699211
