stationId,stopNumber,stopName,lineId
110100014506010,1,七里庄,000000058268300
110100014506011,2,丰北桥东,000000058268300
110100014506012,3,丰台路口,000000058268300
110100014506057,4,岳各庄桥北,000000058268300
110100014506014,5,西道口,000000058268300
110100014506015,6,抗战雕塑园,000000058268300
110100014506058,7,卢沟新桥,000000058268300
110100014506016,8,杜家坎,000000058268300
110100014506017,9,杜家坎南,000000058268300
110100014506018,10,长辛店北口,000000058268300
110100014506019,11,长辛店南口,000000058268300
110100014506020,12,北京十中,000000058268300
110100014506021,13,赵辛店村,000000058268300
110100014506022,14,北岗洼,000000058268300
110100014506023,15,南岗洼,000000058268300
110100014506024,16,黄管屯北,000000058268300
110100014506061,17,黄管屯,000000058268300
110100014506025,18,昊天北桥北,000000058268300
110100014506049,19,昊天北桥南,000000058268300
110100014506027,20,长阳碧桂园,000000058268300
110100014506028,21,黄辛庄路口,000000058268300
110100014506029,22,送变电公司,000000058268300
110100014506062,23,送变电公司南,000000058268300
110100014506030,24,良乡火车站路口,000000058268300
110100014506031,25,昊天温泉家园,000000058268300
110100014506063,26,良乡东关路口北,000000058268300
110100014506064,27,良乡大角,000000058268300
110100014506065,28,拱辰南大街,000000058268300
110100014506066,29,地铁良乡南关站东,000000058268300
110100014506067,30,昊天嘉园,000000058268300
110100014506068,31,瑞雪春堂,000000058268300
110100014506069,32,荷园南路西口,000000058268300
110100014506070,33,荷园南路,000000058268300
110100014506073,34,荷园南路东口,000000058268300
110100014506071,35,北京中医药大学(良乡),000000058268300
110100014506072,36,首都师范大学(良乡),000000058268300
110100014506040,37,梨村,000000058268300
110100014506056,38,梨村公交场站,000000058268300
