stationId,stopNumber,stopName,lineId
900000135310001,1,天通苑北枢纽站,000011602273151
900000135310002,2,天通北苑一区北门,000011602273151
900000135310003,3,天通北苑一区东门,000011602273151
900000135310004,4,立水桥北路北口,000011602273151
900000135310005,5,天通中苑二区东门,000011602273151
900000135310006,6,丽水园,000011602273151
900000135310007,7,天通苑西门,000011602273151
900000135310014,8,天通苑二区东门,000011602273151
900000135310015,9,天通东苑一区南门,000011602273151
900000135310016,10,天通苑东区小学,000011602273151
900000135310017,11,天通东苑二区西站,000011602273151
900000135310010,12,白坊南,000011602273151
900000135310011,13,白坊,000011602273151
900000135310012,14,天通北苑,000011602273151
