stationId,stopNumber,stopName,lineId
900000146121001,1,菜户营桥东,000012854611510
900000146121002,2,玉林西路,000012854611510
900000146121003,3,西铁营,000012854611510
900000146121004,4,中顶村,000012854611510
900000146121005,5,福宜街,000012854611510
900000146121006,6,福宜街东口,000012854611510
900000146121015,7,右安南桥东,000012854611510
900000146121007,8,万芳桥东,000012854611510
900000146121009,9,洋桥西,000012854611510
900000146121010,10,洋桥南,000012854611510
900000146121011,11,马家堡东口,000012854611510
900000146121012,12,西马场北口,000012854611510
900000146121013,13,西马场,000012854611510
900000146121014,14,海上海花园小区,000012854611510
