stationId,stopNumber,stopName,lineId
900000135319001,1,潭柘寺镇桑峪村,000011602273140
900000135319002,2,南辛房,000011602273140
900000135319003,3,潭柘寺镇政府,000011602273140
900000135319004,4,鲁家滩西口,000011602273140
900000135319005,5,鲁家滩村口,000011602273140
900000135319006,6,门头沟南村,000011602273140
900000135319007,7,戒台寺,000011602273140
900000135319008,8,苛罗坨,000011602273140
900000135319009,9,华侨陵园,000011602273140
900000135319010,10,石厂村,000011602273140
900000135319011,11,石门营新区,000011602273140
900000135319012,12,石门营,000011602273140
900000135319013,13,小园村,000011602273140
900000135319017,14,新城大街南口,000011602273140
900000135319018,15,新龙路口,000011602273140
900000135319014,16,地铁栗园庄站,000011602273140
900000135319015,17,新泰路口,000011602273140
900000135319016,18,地铁上岸站,000011602273140
