stationId,stopNumber,stopName,lineId
110100013390024,1,孛罗营,000000058379031
110100013390025,2,孛罗营村北,000000058379031
110100013390003,3,王四营桥南,000000058379031
110100013390004,4,王四营,000000058379031
110100013390021,5,古塔公园,000000058379031
110100013390005,6,观音堂,000000058379031
110100013390019,7,观音堂北,000000058379031
110100013390006,8,朝阳半壁店,000000058379031
110100013390007,9,方家村,000000058379031
110100013390008,10,四根旗杆,000000058379031
110100013390009,11,小海子,000000058379031
110100013390010,12,唐家村,000000058379031
110100013390011,13,大郊亭桥东,000000058379031
110100013390013,14,大郊亭桥西,000000058379031
110100013390014,15,九龙山路口东,000000058379031
110100013390015,16,九龙山,000000058379031
110100013390016,17,八王坟南,000000058379031
110100013390017,18,八王坟西,000000058379031
110100013390023,19,郎家园,000000058379031
110100013390018,20,大北窑东,000000058379031
