stationId,stopNumber,stopName,lineId
110100012274022,1,新龙城东站,000000058644551
110100012274003,2,龙乡小区,000000058644551
110100012274004,3,东村家园南门,000000058644551
110100012274005,4,黄土店,000000058644551
110100012274006,5,地铁育新站,000000058644551
110100012274007,6,育新小区北口,000000058644551
110100012274008,7,邮政研究院,000000058644551
110100012274009,8,悦秀路北口,000000058644551
110100012274010,9,悦秀路,000000058644551
110100012274011,10,悦秀路南口,000000058644551
110100012274012,11,西小口路西口,000000058644551
110100012274013,12,莱圳家园,000000058644551
110100012274014,13,后屯村,000000058644551
110100012274015,14,地铁西小口站,000000058644551
110100012274016,15,后屯南路,000000058644551
110100012274017,16,地铁永泰庄站,000000058644551
110100012274018,17,永泰小区,000000058644551
110100012274019,18,清缘里,000000058644551
110100012274020,19,清景园南门,000000058644551
110100012274021,20,清河,000000058644551
