stationId,stopNumber,stopName,lineId
110100015250002,1,大地公交场站,000000058469071
110100015250003,2,垛子,000000058469071
110100015250004,3,麦庄,000000058469071
110100015250005,4,次渠水管站,000000058469071
110100015250051,5,地铁次渠站,000000058469071
110100015250007,6,次渠,000000058469071
110100015250008,7,敬园小区,000000058469071
110100015250009,8,通马路口,000000058469071
110100015250039,9,定海园北,000000058469071
110100015250050,10,马庄,000000058469071
110100015250010,11,嘉创二路路口南,000000058469071
110100015250047,12,嘉创二路,000000058469071
110100015250041,13,北神树东口,000000058469071
110100015250043,14,润枫领尚小区,000000058469071
110100015250014,15,北神树西口,000000058469071
110100015250015,16,梧桐公园,000000058469071
110100015250016,17,小康小区,000000058469071
110100015250017,18,小羊坊,000000058469071
110100015250018,19,小羊坊西口,000000058469071
110100015250020,20,横街子,000000058469071
110100015250021,21,十八里店环岛,000000058469071
110100015250022,22,十八里店南站,000000058469071
110100015250023,23,十八里店,000000058469071
110100015250024,24,十八里店乡政府,000000058469071
110100015250025,25,周家庄南站,000000058469071
110100015250026,26,周家庄,000000058469071
110100015250027,27,周家庄西站,000000058469071
110100015250028,28,十里河桥东,000000058469071
110100015250049,29,十里河桥南,000000058469071
110100015250029,30,方庄桥东,000000058469071
