stationId,stopNumber,stopName,lineId
110100053401002,1,大屯东,000000058388451
110100053401003,2,大屯南,000000058388451
110100053401004,3,炎黄艺术馆,000000058388451
110100053401005,4,安慧桥北,000000058388451
110100053401006,5,奥体东门,000000058388451
110100053401007,6,五路居,000000058388451
110100053401008,7,安贞里,000000058388451
110100053401009,8,安外甘水桥,000000058388451
110100053401010,9,蒋宅口,000000058388451
110100053401011,10,地坛西门,000000058388451
110100053401012,11,安定门内,000000058388451
110100053401013,12,方家胡同,000000058388451
110100053401014,13,小经厂,000000058388451
110100053401015,14,宝钞胡同,000000058388451
110100053401016,15,鼓楼,000000058388451
110100053401017,16,地安门外,000000058388451
110100053401018,17,地安门内,000000058388451
110100053401019,18,景山东街,000000058388451
110100053401020,19,景山东门,000000058388451
110100053401025,20,神武门,000000058388451
110100053401022,21,北海,000000058388451
110100053401023,22,西安门,000000058388451
110100053401024,23,西四丁字街,000000058388451
