stationId,stopNumber,stopName,lineId
110100015047002,1,德胜门,000000058279160
110100015047003,2,马甸桥南,000000058279160
110100015047004,3,祁家豁子,000000058279160
110100015047005,4,西三旗桥北,000000058279160
110100015047092,5,沙河,000000058279160
110100015047093,6,沙河北大桥,000000058279160
110100015047094,7,水屯,000000058279160
110100015047095,8,昌平西关环岛西,000000058279160
110100015047096,9,邓庄,000000058279160
110100015047111,10,昌平旧县,000000058279160
110100015047097,11,陈庄,000000058279160
110100015047098,12,红泥沟,000000058279160
110100015047099,13,南口路口北,000000058279160
110100015047100,14,居庸关长城,000000058279160
110100015047085,15,水关长城,000000058279160
110100015047083,16,八达岭森林公园,000000058279160
110100015047084,17,八达岭古长城,000000058279160
110100015047101,18,古长城西路北口,000000058279160
110100015047087,19,八达岭镇政府(东行),000000058279160
110100015047082,20,八达岭(下客站),000000058279160
110100015047112,21,八达岭(上客站),000000058279160
110100015047088,22,八达岭镇政府(西行),000000058279160
110100015047110,23,西拨子东,000000058279160
110100015047104,24,西拨子,000000058279160
110100015047108,25,营城子,000000058279160
110100015047109,26,营城子桥,000000058279160
110100015047089,27,大浮坨南,000000058279160
110100015047018,28,大浮坨,000000058279160
110100015047019,29,新宝庄,000000058279160
110100015047079,30,新宝庄路口,000000058279160
110100015047080,31,簸箕营,000000058279160
110100015047020,32,东桑园,000000058279160
110100015047081,33,东杏园南,000000058279160
110100015047086,34,东杏园,000000058279160
110100015047021,35,司家营,000000058279160
110100015047022,36,延庆南菜园,000000058279160
110100015047023,37,延庆东关,000000058279160
110100015047024,38,妫水北街南,000000058279160
110100015047025,39,延庆二小,000000058279160
110100015047026,40,恒生市场,000000058279160
110100015047027,41,体育场小区,000000058279160
