stationId,stopNumber,stopName,lineId
110100013537002,1,昌平东关,000000058420181
110100013537003,2,中国政法大学(昌平),000000058420181
110100013537004,3,东环北路,000000058420181
110100013537005,4,东环北路北口,000000058420181
110100013537006,5,昌平北站西,000000058420181
110100013537007,6,西环北路,000000058420181
110100013537008,7,西环中路,000000058420181
110100013537009,8,昌平西关,000000058420181
110100013537010,9,明皇蜡像宫东门,000000058420181
110100013537011,10,昌平涧头村,000000058420181
110100013537012,11,大宫门,000000058420181
110100013537013,12,南新村,000000058420181
110100013537019,13,昌平王庄,000000058420181
110100013537014,14,昌平胡庄,000000058420181
110100013537015,15,七孔桥,000000058420181
110100013537016,16,定陵道口,000000058420181
110100013537017,17,定陵,000000058420181
110100013537018,18,长陵,000000058420181
