stationId,stopNumber,stopName,lineId
110100015810002,1,羊圈头村,000000058510070
110100015810003,2,西庄店,000000058510070
110100015810004,3,后甫营,000000058510070
110100015810005,4,小店,000000058510070
110100015810016,5,沙锅村西站,000000058510070
110100015810006,6,沙锅村,000000058510070
110100015810007,7,沙锅村南站,000000058510070
110100015810008,8,侯家峪,000000058510070
110100015810009,9,下庄,000000058510070
110100015810010,10,西王佐北,000000058510070
110100015810011,11,王佐卫生院,000000058510070
110100015810012,12,王佐学校,000000058510070
110100015810013,13,东王佐,000000058510070
110100015810014,14,南宫北站,000000058510070
110100015810015,15,云岗,000000058510070
