stationId,stopNumber,stopName,lineId
110100015561001,1,城南嘉园北,000000058663050
110100015561002,2,嘉园三里,000000058663050
110100015561003,3,嘉园三里北,000000058663050
110100015561004,4,嘉园二里南门,000000058663050
110100015561005,5,嘉园二里东门,000000058663050
110100015561006,6,万芳桥南,000000058663050
110100015561007,7,万芳桥北,000000058663050
110100015561008,8,开阳桥南,000000058663050
110100015561009,9,开阳桥北,000000058663050
110100015561010,10,自新路口北,000000058663050
110100015561011,11,南横街路口北,000000058663050
110100015561039,12,果子巷,000000058663050
110100015561012,13,虎坊桥路口西,000000058663050
110100015561013,14,虎坊桥路口东,000000058663050
110100015561040,15,万明路,000000058663050
110100015561041,16,板章路,000000058663050
110100015561014,17,大栅栏,000000058663050
110100015561042,18,前门,000000058663050
110100015561015,19,前门东,000000058663050
110100015561016,20,正义路,000000058663050
110100015561017,21,台基厂路口西,000000058663050
110100015561018,22,王府井路口北,000000058663050
110100015561019,23,校尉胡同,000000058663050
110100015561044,24,米市大街,000000058663050
110100015561045,25,灯市东口,000000058663050
110100015561020,26,灯市西口,000000058663050
110100015561021,27,美术馆北,000000058663050
110100015561022,28,大佛寺,000000058663050
110100015561023,29,宽街路口南,000000058663050
110100015561024,30,北兵马司,000000058663050
110100015561025,31,交道口南,000000058663050
110100015561026,32,方家胡同,000000058663050
110100015561027,33,安定门内,000000058663050
110100015561028,34,地坛西门,000000058663050
110100015561043,35,地坛体育馆,000000058663050
110100015561029,36,蒋宅口东,000000058663050
110100015561030,37,兴化路南口,000000058663050
110100015561031,38,和平里北街,000000058663050
110100015561032,39,和平里路口北,000000058663050
110100015561033,40,和平里东街,000000058663050
110100015561034,41,和平东桥南,000000058663050
110100015561035,42,西坝河,000000058663050
110100015561036,43,静安庄东,000000058663050
110100015561037,44,三元桥西站,000000058663050
110100015561038,45,左家庄,000000058663050
