stationId,stopNumber,stopName,lineId
110100015681002,1,大北窑东,000000058379030
110100015681023,2,郎家园,000000058379030
110100015681003,3,八王坟南,000000058379030
110100015681004,4,光辉桥南,000000058379030
110100015681005,5,九龙山,000000058379030
110100015681006,6,九龙山路口东,000000058379030
110100015681007,7,大郊亭桥西,000000058379030
110100015681008,8,大郊亭桥东,000000058379030
110100015681009,9,地铁百子湾站,000000058379030
110100015681010,10,唐家村,000000058379030
110100015681011,11,小海子,000000058379030
110100015681012,12,四根旗杆,000000058379030
110100015681013,13,方家村,000000058379030
110100015681014,14,朝阳半壁店,000000058379030
110100015681019,15,观音堂北,000000058379030
110100015681015,16,观音堂,000000058379030
110100015681020,17,古塔公园,000000058379030
110100015681016,18,王四营,000000058379030
110100015681017,19,王四营桥东,000000058379030
110100015681021,20,孛罗营村北,000000058379030
110100015681018,21,孛罗营,000000058379030
