stationId,stopNumber,stopName,lineId
900000029465066,1,曹庄村南,000000000022861
900000029465067,2,纪各庄桥东,000000000022861
900000029465052,3,马头村,000000000022861
900000029465053,4,马堤村,000000000022861
900000029465055,5,通州凤港基地,000000000022861
900000029465071,6,漷县镇政府,000000000022861
900000029465056,7,榆林庄村,000000000022861
900000029465072,8,榆林庄村北,000000000022861
900000029465073,9,南阳村路口,000000000022861
900000029465074,10,通州苏庄村,000000000022861
900000029465058,11,通州靛庄,000000000022861
900000029465075,12,姚辛庄南口,000000000022861
900000029465076,13,姚辛庄北口,000000000022861
900000029465077,14,里二泗村,000000000022861
900000029465061,15,里二泗村北口,000000000022861
900000029465078,16,武窑村,000000000022861
900000029465079,17,上店村路口,000000000022861
900000029465022,18,武兴路口,000000000022861
900000029465023,19,梁各庄村,000000000022861
900000029465044,20,张辛庄村,000000000022861
900000029465063,21,张辛庄村西,000000000022861
900000029465026,22,张家湾开发区,000000000022861
900000029465045,23,北许场村,000000000022861
900000029465064,24,土桥新桥东,000000000022861
900000029465065,25,土桥欣村,000000000022861
900000029465030,26,土桥村,000000000022861
900000029465031,27,地铁土桥站,000000000022861
900000029465032,28,地铁临河里站,000000000022861
900000029465033,29,通州小街桥东,000000000022861
900000029465034,30,地铁梨园站,000000000022861
900000029465080,31,杨家洼,000000000022861
900000029465036,32,九棵树,000000000022861
900000029465046,33,地铁九棵树站,000000000022861
