stationId,stopNumber,stopName,lineId
110100014888002,1,永定门汽车站,000014286687361
110100014888036,2,永定门西,000014286687361
110100014888003,3,永定门东,000014286687361
110100014888004,4,天坛南门,000014286687361
110100014888005,5,玉蜓桥西,000014286687361
110100014888006,6,蒲方路西口,000014286687361
110100014888007,7,方庄环岛西,000014286687361
110100014888008,8,芳城园,000014286687361
110100014888009,9,左安门外,000014286687361
110100014888010,10,肿瘤医院,000014286687361
110100014888011,11,潘家园,000014286687361
110100014888012,12,劲松南路西口,000014286687361
110100014888013,13,光明桥,000014286687361
110100014888014,14,广渠门,000014286687361
110100014888015,15,建国门南,000014286687361
110100014888016,16,雅宝路,000014286687361
110100014888017,17,朝阳门南,000014286687361
110100014888018,18,东四十条桥南,000014286687361
110100014888039,19,东直门北,000014286687361
110100014888040,20,雍和宫桥东,000014286687361
110100014888041,21,安定门西,000014286687361
110100014888042,22,鼓楼桥西,000014286687361
110100014888043,23,德胜门西,000014286687361
110100014888024,24,新街口豁口,000014286687361
110100014888025,25,玉桃园,000014286687361
110100014888026,26,西直门南,000014286687361
110100014888027,27,阜成门北,000014286687361
110100014888028,28,北京儿童医院,000014286687361
110100014888029,29,复兴门南,000014286687361
110100014888030,30,椿树馆街,000014286687361
110100014888031,31,白纸坊桥南,000014286687361
110100014888032,32,右安门西,000014286687361
110100014888033,33,右安门东,000014286687361
110100014888037,34,开阳桥西,000014286687361
110100014888038,35,北京南站,000014286687361
110100014888035,36,永定门汽车站,000014286687361
