stationId,stopNumber,stopName,lineId
110100014502002,1,德胜门西,000000058263240
110100014502003,2,小西天,000000058263240
110100014502004,3,北师大路口南,000000058263240
110100014502005,4,铁狮子坟,000000058263240
110100014502026,5,北太平桥东,000000058263240
110100014502006,6,马甸桥西,000000058263240
110100014502007,7,西三旗桥北,000000058263240
110100014502008,8,沙河,000000058263240
110100014502009,9,沙河北大桥,000000058263240
110100014502010,10,水屯桥北,000000058263240
110100014502011,11,水屯,000000058263240
110100014502012,12,西环南路,000000058263240
110100014502013,13,昌平西关,000000058263240
110100014502014,14,昌平西关环岛西,000000058263240
110100014502015,15,邓庄,000000058263240
110100014502016,16,昌平旧县,000000058263240
110100014502017,17,陈庄,000000058263240
110100014502018,18,红泥沟,000000058263240
110100014502019,19,南口路口南,000000058263240
110100014502020,20,南口东街,000000058263240
110100014502024,21,南口东站,000000058263240
110100014502022,22,南口,000000058263240
110100014502025,23,南口西站,000000058263240
