stationId,stopNumber,stopName,lineId
900000039931043,1,礼贤家园,000004341213781
900000039931044,2,礼贤民族中学,000004341213781
900000039931040,3,礼贤镇中心卫生院,000004341213781
900000039931045,4,小马坊村南,000004341213781
900000039931032,5,小马坊村,000004341213781
900000039931008,6,伍各庄村西,000004341213781
900000039931009,7,东段家务,000004341213781
900000039931010,8,大兴王庄东口,000004341213781
900000039931011,9,龙头村,000004341213781
900000039931012,10,东沙窝村路口,000004341213781
900000039931013,11,西沙窝村北,000004341213781
900000039931014,12,大兴半壁店村,000004341213781
900000039931015,13,大兴半壁店北站,000004341213781
900000039931016,14,大兴半壁店西站,000004341213781
900000039931017,15,东大路口,000004341213781
900000039931018,16,岳家务村,000004341213781
900000039931019,17,大兴陈各庄路口,000004341213781
900000039931020,18,三顺庄,000004341213781
900000039931021,19,东枣林村,000004341213781
900000039931033,20,兴隆庄村西,000004341213781
900000039931034,21,前大营新村,000004341213781
900000039931024,22,西庄开发区,000004341213781
900000039931025,23,狼各庄,000004341213781
900000039931047,24,汇林南街东站,000004341213781
900000039931027,25,汇林南街,000004341213781
900000039931028,26,兆丰桥,000004341213781
900000039931029,27,地铁天宫院站,000004341213781
