stationId,stopNumber,stopName,lineId
110100013976002,1,石榴园东,000014286687491
110100013976003,2,石榴园,000014286687491
110100013976004,3,石榴园北,000014286687491
110100013976017,4,光彩路北站,000014286687491
110100013976005,5,赵公口桥南,000014286687491
110100013976006,6,定安路,000014286687491
110100013976007,7,琉璃井,000014286687491
110100013976008,8,李村,000014286687491
110100013976009,9,天坛南门东,000014286687491
110100013976010,10,东侧路,000014286687491
110100013976011,11,天坛体育场,000014286687491
110100013976012,12,法华寺,000014286687491
110100013976013,13,红桥路口北,000014286687491
110100013976014,14,磁器口南,000014286687491
110100013976015,15,花市路口南,000014286687491
110100013976016,16,崇文门东,000014286687491
