stationId,stopNumber,stopName,lineId
110100011443080,1,兴谷路公交场站,000000058278721
110100011443079,2,下纸寨,000000058278721
110100011443082,3,平谷汽车站,000000058278721
110100011443109,4,平谷消防队,000000058278721
110100011443117,5,千里马环岛,000000058278721
110100011443118,6,园田队,000000058278721
110100011443119,7,东寺渠,000000058278721
110100011443120,8,平谷滨河小区,000000058278721
110100011443121,9,平谷南小区,000000058278721
110100011443122,10,平谷北小区,000000058278721
110100011443123,11,平谷政府街西口,000000058278721
110100011443075,12,平谷世纪广场,000000058278721
110100011443076,13,平谷区医院,000000058278721
110100011443077,14,平谷迎宾环岛,000000058278721
110100011443078,15,平谷岳各庄,000000058278721
110100011443095,16,平谷区博物馆,000000058278721
110100011443015,17,鲁各庄,000000058278721
110100011443016,18,大兴庄,000000058278721
110100011443052,19,吉卧路口,000000058278721
110100011443018,20,官庄路口,000000058278721
110100011443019,21,云峰寺,000000058278721
110100011443020,22,双营,000000058278721
110100011443100,23,张镇东,000000058278721
110100011443021,24,张镇,000000058278721
110100011443097,25,张镇西,000000058278721
110100011443099,26,浅山香邑小区北,000000058278721
110100011443022,27,良善庄,000000058278721
110100011443023,28,行宫,000000058278721
110100011443053,29,曾庄,000000058278721
110100011443025,30,沙岭,000000058278721
110100011443054,31,顺义焦各庄村,000000058278721
110100011443026,32,杜庄,000000058278721
110100011443027,33,杨镇,000000058278721
110100011443055,34,杨镇三街,000000058278721
110100011443028,35,菜园子,000000058278721
110100011443056,36,顺义于辛庄,000000058278721
110100011443086,37,南彩汽车站,000000058278721
110100011443092,38,河北村,000000058278721
110100011443093,39,俸伯小学,000000058278721
110100011443094,40,俸伯,000000058278721
110100011443064,41,地铁俸伯站,000000058278721
110100011443083,42,顺义东大桥,000000058278721
110100011443096,43,顺义滨河小区,000000058278721
110100011443098,44,顺义彩虹桥,000000058278721
110100011443036,45,顺义滨河南口,000000058278721
110100011443037,46,顺义老年公寓,000000058278721
110100011443085,47,望泉桥东,000000058278721
110100011443038,48,南法信,000000058278721
110100011443063,49,空港物流开发区南站,000000058278721
110100011443046,50,左家庄桥东,000000058278721
110100011443048,51,东直门枢纽站,000000058278721
