stationId,stopNumber,stopName,lineId
900000020613001,1,四通桥东,000000058508890
900000020613002,2,人民大学,000000058508890
900000020613020,3,双榆树小区,000000058508890
900000020613021,4,知春里路口南,000000058508890
900000020613022,5,科学院小区,000000058508890
900000020613023,6,科学院南路北口,000000058508890
900000020613024,7,中关村一街,000000058508890
900000020613026,8,中关村北,000000058508890
900000020613007,9,中关园,000000058508890
900000020613008,10,蓝旗营,000000058508890
900000020613009,11,清华园,000000058508890
900000020613010,12,五道口,000000058508890
900000020613025,13,大石桥南,000000058508890
900000020613011,14,大石桥,000000058508890
900000020613012,15,大石桥北,000000058508890
900000020613013,16,荷清苑小区,000000058508890
900000020613014,17,厢白旗桥,000000058508890
