stationId,stopNumber,stopName,lineId
110100015922002,1,郎家园,000000058229730
110100015922003,2,八王坟东,000000058229730
110100015922048,3,兴达广场小区,000000058229730
110100015922005,4,燕灵路口,000000058229730
110100015922006,5,燕郊迎宾路口,000000058229730
110100015922007,6,燕郊火车站口,000000058229730
110100015922008,7,燕郊食品城,000000058229730
110100015922009,8,天子庄园,000000058229730
110100015922045,9,三河李家务,000000058229730
110100015922010,10,东柳河屯,000000058229730
110100015922011,11,大厂福喜公司,000000058229730
110100015922046,12,夏垫交警中队,000000058229730
110100015922012,13,夏垫,000000058229730
110100015922013,14,金铭路口,000000058229730
110100015922014,15,夏垫镇政府,000000058229730
110100015922015,16,金华路口,000000058229730
110100015922016,17,大厂马坊,000000058229730
110100015922047,18,大厂职教中心,000000058229730
110100015922017,19,南寺头村,000000058229730
110100015922033,20,南寺头南路,000000058229730
110100015922035,21,大厂陈辛庄,000000058229730
110100015922036,22,土营,000000058229730
110100015922037,23,褚各庄南,000000058229730
110100015922034,24,霍各庄,000000058229730
110100015922039,25,大厂星光城,000000058229730
110100015922023,26,大厂北辰路西口,000000058229730
110100015922032,27,大厂交通局,000000058229730
110100015922050,28,丰泽家园小区,000000058229730
110100015922029,29,大厂三村,000000058229730
110100015922038,30,鑫诚公司(临时站),000000058229730
110100015922030,31,大厂,000000058229730
