stationId,stopNumber,stopName,lineId
900000172681001,1,英才南三街东口,000016412767170
900000172681002,2,鲁疃嘉园,000016412767170
900000172681003,3,英才南三街,000016412767170
900000172681014,4,未来科学城路南口,000016412767170
900000172681004,5,七北南路西口,000016412767170
900000172681005,6,海鶄落东站,000016412767170
900000172681006,7,海鶄落,000016412767170
900000172681007,8,海鶄落村委会,000016412767170
900000172681008,9,名流花园菊苑,000016412767170
900000172681009,10,名流花园兰苑,000016412767170
900000172681010,11,名佳四区,000016412767170
900000172681011,12,名佳花园,000016412767170
900000172681012,13,平西王府路口东,000016412767170
900000172681013,14,天通苑北枢纽站,000016412767170
