stationId,stopNumber,stopName,lineId
110100013927002,1,宝盛里小区,000000058325271
110100013927003,2,宝盛西里,000000058325271
110100013927004,3,永泰庄东路,000000058325271
110100013927005,4,清缘东里,000000058325271
110100013927006,5,永泰小区,000000058325271
110100013927007,6,永泰庄北路,000000058325271
110100013927008,7,前屯路,000000058325271
110100013927009,8,清河小营东路,000000058325271
110100013927010,9,清河小营桥南,000000058325271
110100013927011,10,清河,000000058325271
110100013927037,11,清河南镇,000000058325271
110100013927012,12,学清路北口,000000058325271
110100013927013,13,马家沟,000000058325271
110100013927014,14,学知园,000000058325271
110100013927015,15,石板房,000000058325271
110100013927016,16,静淑苑,000000058325271
110100013927017,17,学院路北口,000000058325271
110100013927028,18,成府路口南,000000058325271
110100013927029,19,学院桥东,000000058325271
110100013927030,20,志新桥西,000000058325271
110100013927031,21,健翔桥西,000000058325271
110100013927032,22,健翔桥东,000000058325271
110100013927033,23,北辰西桥,000000058325271
110100013927034,24,亚运村,000000058325271
110100013927035,25,安慧桥东,000000058325271
110100013927036,26,惠新东桥西,000000058325271
