stationId,stopNumber,stopName,lineId
900000095036001,1,斋堂公交场站,000007890728401
900000095036002,2,斋堂,000007890728401
900000095036003,3,斋堂西口,000007890728401
900000095036004,4,西斋堂,000007890728401
900000095036005,5,爨底下路口,000007890728401
900000095036006,6,高铺,000007890728401
900000095036007,7,达摩口,000007890728401
900000095036008,8,下清水,000007890728401
900000095036009,9,清水,000007890728401
900000095036010,10,上清水,000007890728401
900000095036011,11,清水镇新村,000007890728401
900000095036012,12,清水镇政府,000007890728401
900000095036013,13,百花山路口,000007890728401
900000095036014,14,梁家铺,000007890728401
900000095036015,15,塔河村,000007890728401
900000095036016,16,龙王口,000007890728401
900000095036017,17,黄塔,000007890728401
900000095036018,18,黄塔村,000007890728401
900000095036019,19,黄安坨,000007890728401
