stationId,stopNumber,stopName,lineId
110100013966003,1,西苑,000000058483411
110100013966004,2,颐和园路东口,000000058483411
110100013966005,3,圆明园南门,000000058483411
110100013966006,4,清华大学西门,000000058483411
110100013966007,5,蓝旗营,000000058483411
110100013966008,6,五道口,000000058483411
110100013966009,7,北京语言大学,000000058483411
110100013966010,8,中国地质大学,000000058483411
110100013966011,9,北京科技大学北门,000000058483411
110100013966012,10,志新北里,000000058483411
110100013966013,11,志新桥北,000000058483411
110100013966014,12,志新桥南,000000058483411
110100013966021,13,牡丹园北,000000058483411
110100013966015,14,牡丹园,000000058483411
110100013966023,15,北太平桥北,000000058483411
110100013966016,16,北太平桥南,000000058483411
110100013966024,17,铁狮子坟,000000058483411
110100013966017,18,北京师范大学,000000058483411
110100013966018,19,小西天,000000058483411
110100013966019,20,积水潭桥南,000000058483411
110100013966022,21,新街口北,000000058483411
110100013966020,22,地铁新街口站,000000058483411
