stationId,stopNumber,stopName,lineId
110100013586009,1,公主坟西,000001889057900
110100013586010,2,翠微路口,000001889057900
110100013586011,3,万寿路口西,000001889057900
110100013586012,4,东翠路口,000001889057900
110100013586013,5,沙沟路口西,000001889057900
110100013586014,6,五棵松桥东,000001889057900
110100013586015,7,永定路口东,000001889057900
110100013586016,8,玉泉路口西,000001889057900
110100013586017,9,八宝山,000001889057900
110100013586018,10,地铁八宝山站,000001889057900
110100013586019,11,老山,000001889057900
110100013586031,12,京原东站,000001889057900
110100013586032,13,京原路口东,000001889057900
110100013586022,14,京燕饭店,000001889057900
110100013586023,15,八角,000001889057900
110100013586024,16,石景山古城,000001889057900
110100013586039,17,老古城,000001889057900
110100013586040,18,首钢厂东门,000001889057900
110100013586041,19,田顺庄,000001889057900
110100013586044,20,地铁北辛安站,000001889057900
110100013586042,21,北辛安,000001889057900
110100013586029,22,石景山,000001889057900
