stationId,stopNumber,stopName,lineId
900000046099001,1,怀柔莲花池,000005815190830
900000046099014,2,好运(临时站),000005815190830
900000046099016,3,山吧,000005815190830
900000046099029,4,长园村西,000005815190830
900000046099017,5,长园,000005815190830
900000046099003,6,环坨子,000005815190830
900000046099018,7,长园小学,000005815190830
900000046099004,8,神堂峪路口,000005815190830
900000046099020,9,川谷,000005815190830
900000046099025,10,雁栖岛,000005815190830
900000046099027,11,雁栖湖国际会展中心,000005815190830
900000046099030,12,雁栖学校,000005815190830
900000046099008,13,雁栖镇,000005815190830
900000046099031,14,雁栖镇南口,000005815190830
900000046099009,15,中富乐,000005815190830
900000046099033,16,大中富乐村口,000005815190830
900000046099034,17,迎宾路北口,000005815190830
900000046099035,18,于家园一区,000005815190830
900000046099013,19,于家园,000005815190830
