stationId,stopNumber,stopName,lineId
110100013300020,1,航天桥西,000000058177070
110100013300021,2,西钓鱼台,000000058177070
110100013300022,3,八宝庄,000000058177070
110100013300023,4,翠微西里,000000058177070
110100013300024,5,翠微中里,000000058177070
110100013300025,6,万寿路口北,000000058177070
110100013300026,7,万寿路口南,000000058177070
110100013300027,8,金家村桥北,000000058177070
110100013300028,9,莲宝路口北,000000058177070
110100013300029,10,莲宝路口南,000000058177070
110100013300030,11,白塔村,000000058177070
110100013300031,12,小井,000000058177070
110100013300032,13,丰台路口东,000000058177070
110100013300008,14,丰台路口,000000058177070
110100013300009,15,岔路口,000000058177070
110100013300033,16,北大地,000000058177070
110100013300010,17,正阳桥北,000000058177070
110100013300011,18,看丹桥东,000000058177070
110100013300012,19,韩庄子北,000000058177070
110100013300044,20,造甲村,000000058177070
110100013300034,21,造甲村东,000000058177070
110100013300035,22,鸿业兴园,000000058177070
110100013300014,23,四合庄,000000058177070
110100013300036,24,花乡桥北,000000058177070
110100013300015,25,花乡桥南,000000058177070
110100013300016,26,益辰欣园小区,000000058177070
110100013300039,27,幸福家园小区东,000000058177070
110100013300040,28,郭公庄中街,000000058177070
110100013300041,29,幸福家园小区南,000000058177070
110100013300042,30,棉花城小区北,000000058177070
110100013300043,31,六圈南路中口,000000058177070
110100013300037,32,郭公庄西,000000058177070
