stationId,stopNumber,stopName,lineId
110100013975002,1,崇文门东,000014286687490
110100013975003,2,东便门,000014286687490
110100013975004,3,东花市大街东口,000014286687490
110100013975005,4,铁辘轳把,000014286687490
110100013975006,5,小市口,000014286687490
110100013975007,6,羊市口,000014286687490
110100013975008,7,花市路口南,000014286687490
110100013975009,8,磁器口南,000014286687490
110100013975010,9,红桥路口北,000014286687490
110100013975011,10,法华寺,000014286687490
110100013975012,11,天坛体育场,000014286687490
110100013975013,12,东侧路,000014286687490
110100013975014,13,天坛南门东,000014286687490
110100013975015,14,李村,000014286687490
110100013975016,15,琉璃井,000014286687490
110100013975017,16,定安路,000014286687490
110100013975018,17,赵公口桥南,000014286687490
110100013975021,18,光彩路北站,000014286687490
110100013975019,19,石榴园,000014286687490
110100013975020,20,石榴园东,000014286687490
