stationId,stopNumber,stopName,lineId
900000063156018,1,地铁苹果园站,000000058698831
900000063156019,2,金顶南路,000000058698831
900000063156020,3,金安桥西,000000058698831
900000063156073,4,铸造村,000000058698831
900000063156021,5,首钢小西门,000000058698831
900000063156022,6,广宁村,000000058698831
900000063156023,7,石景山火车站,000000058698831
900000063156024,8,麻峪北口,000000058698831
900000063156025,9,侯庄子,000000058698831
900000063156026,10,龙泉花园,000000058698831
900000063156027,11,绿岛家园,000000058698831
900000063156028,12,河滩北站,000000058698831
900000063156029,13,城子,000000058698831
900000063156030,14,城子北站,000000058698831
900000063156031,15,琉璃渠,000000058698831
900000063156032,16,龙泉务,000000058698831
900000063156033,17,龙泉务北口,000000058698831
900000063156034,18,陈家庄,000000058698831
900000063156035,19,野溪,000000058698831
900000063156036,20,嬉水湾,000000058698831
900000063156037,21,陇驾庄东口,000000058698831
900000063156038,22,陇驾庄,000000058698831
900000063156039,23,陇驾庄西口,000000058698831
900000063156040,24,丁家滩,000000058698831
900000063156041,25,下苇甸桥,000000058698831
900000063156042,26,石古岩,000000058698831
900000063156043,27,西石古岩,000000058698831
900000063156044,28,色树坟,000000058698831
900000063156045,29,色树坟西,000000058698831
900000063156046,30,王平村,000000058698831
900000063156075,31,王平村北,000000058698831
900000063156048,32,惠和新苑西口,000000058698831
900000063156049,33,落坡岭,000000058698831
900000063156050,34,清水涧,000000058698831
900000063156051,35,清水涧北,000000058698831
900000063156052,36,安家庄,000000058698831
900000063156053,37,十八潭,000000058698831
900000063156054,38,河南台,000000058698831
900000063156055,39,雁翅,000000058698831
900000063156072,40,大岩台,000000058698831
900000063156056,41,芹峪口,000000058698831
900000063156057,42,下马岭,000000058698831
900000063156058,43,太子墓,000000058698831
900000063156059,44,付家台东,000000058698831
900000063156060,45,珍珠湖路口,000000058698831
900000063156061,46,青白口,000000058698831
900000063156062,47,法城口,000000058698831
900000063156063,48,桑峪口,000000058698831
900000063156064,49,军响,000000058698831
900000063156065,50,门头沟东胡林,000000058698831
900000063156066,51,门头沟西胡林,000000058698831
900000063156074,52,高铺新村,000000058698831
900000063156067,53,火村口,000000058698831
900000063156070,54,斋堂,000000058698831
900000063156071,55,斋堂公交场站,000000058698831
