stationId,stopNumber,stopName,lineId
110100011666002,1,东直门,000000058454080
110100011666004,2,香河园路西口,000000058454080
110100011666005,3,香河园,000000058454080
110100011666006,4,柳芳南里,000000058454080
110100011666007,5,柳芳北里,000000058454080
110100011666008,6,国际展览中心,000000058454080
110100011666009,7,曙光里南口,000000058454080
110100011666010,8,曙光里,000000058454080
110100011666011,9,西坝河东里,000000058454080
110100011666012,10,地铁太阳宫站,000000058454080
110100011666013,11,太阳宫公园,000000058454080
110100011666014,12,望京桥南,000000058454080
110100011666015,13,望京桥北,000000058454080
110100011666016,14,花家地西里西站,000000058454080
110100011666017,15,南湖南路,000000058454080
110100011666018,16,南湖南路北口,000000058454080
110100011666019,17,南湖东园,000000058454080
110100011666020,18,侯庄路口北,000000058454080
110100011666021,19,望京花园西区,000000058454080
110100011666022,20,利泽中街西口,000000058454080
110100011666023,21,广顺桥南,000000058454080
110100011666024,22,来广营路口西,000000058454080
110100011666025,23,来广营西桥东,000000058454080
110100011666026,24,来广营西桥,000000058454080
110100011666027,25,顾家庄,000000058454080
110100011666028,26,朝来农艺园,000000058454080
110100011666029,27,朝来农艺园北站,000000058454080
110100011666030,28,勇士营,000000058454080
110100011666031,29,北京青年城,000000058454080
110100011666032,30,朝来家园南站,000000058454080
110100011666033,31,朝来家园,000000058454080
110100011666034,32,时代庄园,000000058454080
110100011666035,33,北苑家园,000000058454080
110100011666036,34,北苑家园西站,000000058454080
110100011666037,35,地铁立水桥南站,000000058454080
110100011666038,36,立水桥北站,000000058454080
110100011666039,37,地铁立水桥站,000000058454080
110100011666040,38,东小口,000000058454080
110100011666041,39,天通苑西门,000000058454080
110100011666042,40,丽水园,000000058454080
110100011666043,41,天通苑太平庄,000000058454080
110100011666044,42,地铁天通苑站,000000058454080
110100011666045,43,东三旗,000000058454080
110100011666046,44,平西王府路口西,000000058454080
110100011666047,45,王府花园,000000058454080
110100011666048,46,王府温馨公寓,000000058454080
110100011666049,47,中国经济时报社,000000058454080
110100011666051,48,白庙村,000000058454080
110100011666050,49,平西王府公交场站,000000058454080
110100011666057,50,平西王府公交场站临时站,000000058454080
