stationId,stopNumber,stopName,lineId
110100015413049,1,长阳碧桂园,000011574150980
110100015413071,2,黄辛庄路口,000011574150980
110100015413050,3,送变电公司路口西,000011574150980
110100015413002,4,行宫小区南门,000011574150980
110100015413060,5,房山区政府,000011574150980
110100015413069,6,良乡北关北,000011574150980
110100015413080,7,良乡北关,000011574150980
110100015413081,8,良乡医院,000011574150980
110100015413082,9,良乡大角,000011574150980
110100015413083,10,良乡西门,000011574150980
110100015413009,11,西潞南大街,000011574150980
110100015413010,12,地铁良乡南关站西,000011574150980
110100015413011,13,房山区政府第二办公区,000011574150980
110100015413061,14,苏庄东街南口,000011574150980
110100015413062,15,地铁苏庄站,000011574150980
110100015413063,16,苏庄西街南口,000011574150980
110100015413067,17,阎村桥,000011574150980
110100015413013,18,炒米店路口,000011574150980
110100015413014,19,阎村,000011574150980
110100015413088,20,北京理工大学分校,000011574150980
110100015413089,21,大紫草坞村,000011574150980
110100015413090,22,小董村,000011574150980
110100015413091,23,大董村北,000011574150980
110100015413085,24,房山焦庄村东,000011574150980
110100015413019,25,房山焦庄村,000011574150980
110100015413021,26,房山桥梁厂,000011574150980
110100015413022,27,羊头岗,000011574150980
110100015413023,28,羊头岗村,000011574150980
110100015413024,29,丁家洼,000011574150980
110100015413025,30,燕化动力厂,000011574150980
110100015413026,31,燕化聚酯厂,000011574150980
110100015413027,32,燕山北庄,000011574150980
110100015413077,33,燕山换乘中心,000011574150980
110100015413029,34,燕化设计院,000011574150980
110100015413075,35,迎风商场,000011574150980
110100015413030,36,北京燕化医院,000011574150980
110100015413031,37,燕山邮政局,000011574150980
110100015413068,38,燕山杏花西里,000011574150980
110100015413033,39,房山中医院燕山分院,000011574150980
110100015413078,40,迎风南路东口,000011574150980
110100015413079,41,燕山体育馆,000011574150980
110100015413073,42,宏塔小区,000011574150980
110100015413047,43,富燕新村,000011574150980
110100015413038,44,万宁桥,000011574150980
110100015413039,45,房山北大街,000011574150980
110100015413040,46,仓房小区,000011574150980
110100015413041,47,房山大角南,000011574150980
110100015413043,48,房山南大街,000011574150980
110100015413051,49,房山中医医院,000011574150980
110100015413052,50,房山南关,000011574150980
110100015413053,51,房山南关立交桥南,000011574150980
110100015413054,52,牛口峪路口,000011574150980
110100015413055,53,顾册,000011574150980
110100015413086,54,顾册西,000011574150980
110100015413087,55,房山云峰寺路口,000011574150980
110100015413074,56,周口村路口,000011574150980
110100015413057,57,周口店路口,000011574150980
110100015413065,58,周口店村,000011574150980
110100015413058,59,周口店公交场站,000011574150980
