stationId,stopNumber,stopName,lineId
110100014096002,1,乔庄,000000058536431
110100014096003,2,玉桥东路,000000058536431
110100014096004,3,梨园北街,000000058536431
110100014096005,4,通州三间房,000000058536431
110100014096006,5,玉桥中路南口,000000058536431
110100014096007,6,临河里路北口,000000058536431
110100014096008,7,临河里路,000000058536431
110100014096009,8,临河里路南口,000000058536431
110100014096010,9,地铁土桥站,000000058536431
110100014096031,10,颐瑞中二路北口,000000058536431
110100014096011,11,颐瑞中二路,000000058536431
110100014096012,12,颐瑞西里,000000058536431
110100014096013,13,东小马,000000058536431
110100014096014,14,群芳二园,000000058536431
110100014096015,15,桃花岛小区,000000058536431
110100014096016,16,万盛中二街,000000058536431
110100014096017,17,万盛北里,000000058536431
110100014096018,18,日新路北口,000000058536431
110100014096019,19,龙鼎家园,000000058536431
110100014096020,20,西小马,000000058536431
110100014096021,21,翠屏南里,000000058536431
110100014096022,22,东总屯,000000058536431
110100014096023,23,西总屯,000000058536431
110100014096024,24,怡乐北街,000000058536431
110100014096025,25,怡乐中路北口,000000058536431
110100014096033,26,新华联家园,000000058536431
110100014096027,27,翠屏西路北口,000000058536431
110100014096028,28,科印小区,000000058536431
110100014096029,29,通州北苑路口南,000000058536431
110100014096030,30,通州北苑路口西,000000058536431
110100014096032,31,通州西站,000000058536431
