stationId,stopNumber,stopName,lineId
110100016186002,1,延庆火车站北广场,000000058699131
110100016186003,2,司家营,000000058699131
110100016186004,3,延庆南菜园,000000058699131
110100016186005,4,延庆东关,000000058699131
110100016186006,5,川北小区南门,000000058699131
110100016186007,6,石河营,000000058699131
110100016186008,7,京张路口东,000000058699131
110100016186029,8,延庆东桥东,000000058699131
110100016186009,9,延庆八中,000000058699131
110100016186010,10,八里店,000000058699131
110100016186011,11,王化营路口,000000058699131
110100016186030,12,东王化营,000000058699131
110100016186031,13,东王化营路口,000000058699131
110100016186012,14,孙庄,000000058699131
110100016186013,15,下郝庄,000000058699131
110100016186014,16,上郝庄,000000058699131
110100016186016,17,龙庆峡,000000058699131
110100016186037,18,延庆古城路口,000000058699131
110100016186038,19,延庆古城北,000000058699131
110100016186019,20,界碑石,000000058699131
110100016186020,21,延庆白草洼,000000058699131
110100016186032,22,延庆白草洼北,000000058699131
110100016186033,23,云瀑沟,000000058699131
110100016186021,24,烧窑峪,000000058699131
110100016186022,25,北张庄,000000058699131
110100016186023,26,白洋峪,000000058699131
110100016186024,27,黄峪口,000000058699131
110100016186034,28,黄峪口村,000000058699131
110100016186039,29,黄峪口村东,000000058699131
110100016186035,30,屈家窑,000000058699131
110100016186025,31,黑峪口,000000058699131
110100016186026,32,上下垙,000000058699131
110100016186036,33,香营水库管理处,000000058699131
110100016186028,34,香营卫生院,000000058699131
