stationId,stopNumber,stopName,lineId
110100015865057,1,嘉铭园公交场站,000000058191421
110100015865002,2,嘉铭园,000000058191421
110100015865003,3,育慧西里,000000058191421
110100015865004,4,惠新东桥西,000000058191421
110100015865005,5,安慧桥东,000000058191421
110100015865006,6,亚运村,000000058191421
110100015865007,7,北辰西桥,000000058191421
110100015865008,8,健翔桥东,000000058191421
110100015865009,9,祁家豁子,000000058191421
110100015865010,10,健德门西,000000058191421
110100015865011,11,牡丹园东,000000058191421
110100015865012,12,牡丹园西,000000058191421
110100015865013,13,塔院小区南门,000000058191421
110100015865014,14,学知桥东,000000058191421
110100015865015,15,蓟门桥北,000000058191421
110100015865016,16,蓟门桥西,000000058191421
110100015865017,17,地铁大钟寺站,000000058191421
110100015865018,18,大钟寺,000000058191421
110100015865019,19,红民村,000000058191421
110100015865020,20,四通桥东,000000058191421
110100015865040,21,中国农业科学院,000000058191421
110100015865041,22,魏公村,000000058191421
110100015865042,23,中央民族大学,000000058191421
110100015865043,24,国家图书馆,000000058191421
110100015865044,25,紫竹院南门,000000058191421
110100015865045,26,北洼路,000000058191421
110100015865046,27,车道沟桥东,000000058191421
110100015865047,28,板井,000000058191421
110100015865048,29,四季青桥东,000000058191421
110100015865049,30,四季青桥南,000000058191421
110100015865050,31,营慧寺,000000058191421
110100015865051,32,五路桥,000000058191421
110100015865052,33,定慧北桥,000000058191421
110100015865053,34,定慧桥南,000000058191421
