stationId,stopNumber,stopName,lineId
900000085855038,1,清河火车站,000007239667390
900000085855039,2,上地七街路口东,000007239667390
900000085855003,3,上地七街,000007239667390
900000085855004,4,上地五街,000007239667390
900000085855005,5,上地西里,000007239667390
900000085855006,6,上地南口,000007239667390
900000085855007,7,正白旗,000007239667390
900000085855008,8,北京体育大学,000007239667390
900000085855009,9,圆明园东门,000007239667390
900000085855010,10,清华附中,000007239667390
900000085855011,11,圆明园东路,000007239667390
900000085855012,12,清华大学西门,000007239667390
900000085855013,13,中关园北站,000007239667390
900000085855014,14,中关园,000007239667390
900000085855015,15,中关村北,000007239667390
900000085855016,16,中关村南,000007239667390
900000085855017,17,海淀黄庄北,000007239667390
900000085855018,18,海淀黄庄南,000007239667390
900000085855019,19,人民大学,000007239667390
900000085855020,20,中国农业科学院,000007239667390
900000085855021,21,魏公村,000007239667390
900000085855022,22,中央民族大学,000007239667390
900000085855023,23,国家图书馆,000007239667390
900000085855024,24,白石桥南,000007239667390
900000085855025,25,四道口东,000007239667390
900000085855026,26,百万庄,000007239667390
900000085855027,27,甘家口大厦,000007239667390
900000085855028,28,甘家口北,000007239667390
900000085855029,29,钓鱼台,000007239667390
900000085855030,30,木樨地北,000007239667390
900000085855031,31,公安大学,000007239667390
900000085855032,32,白云观,000007239667390
900000085855033,33,白云桥西,000007239667390
900000085855034,34,小马厂,000007239667390
900000085855035,35,北京西站,000007239667390
