stationId,stopNumber,stopName,lineId
900000027207039,1,地铁苹果园站,000007510536721
900000027207002,2,金顶南路,000007510536721
900000027207003,3,金安桥西,000007510536721
900000027207004,4,首钢小西门,000007510536721
900000027207005,5,广宁村,000007510536721
900000027207006,6,石景山火车站,000007510536721
900000027207007,7,麻峪,000007510536721
900000027207035,8,麻峪北口,000007510536721
900000027207008,9,侯庄子,000007510536721
900000027207037,10,双峪,000007510536721
900000027207013,11,京煤集团,000007510536721
900000027207014,12,新桥南街,000007510536721
900000027207015,13,月季园小区,000007510536721
900000027207016,14,葡萄嘴,000007510536721
900000027207017,15,葡萄嘴路口南,000007510536721
900000027207018,16,永定中学,000007510536721
900000027207019,17,冯村,000007510536721
900000027207020,18,石龙工业区,000007510536721
900000027207021,19,永定镇何各庄,000007510536721
900000027207036,20,石门营新区,000007510536721
900000027207023,21,石厂村,000007510536721
900000027207024,22,华侨陵园,000007510536721
900000027207025,23,苛罗坨,000007510536721
900000027207038,24,门头沟南村,000007510536721
900000027207029,25,鲁家滩村口,000007510536721
900000027207030,26,鲁家滩西口,000007510536721
900000027207040,27,潭柘寺镇政府,000007510536721
900000027207031,28,南辛房(天门山景区),000007510536721
900000027207033,29,贾沟,000007510536721
900000027207034,30,草甸水,000007510536721
