stationId,stopNumber,stopName,lineId
110100014512002,1,燕山东岭,000000058269711
110100014512003,2,燕山羊耳峪,000000058269711
110100014512004,3,燕山东风街,000000058269711
110100014512005,4,燕化机械厂,000000058269711
110100014512006,5,燕山火车站,000000058269711
110100014512007,6,燕山向阳,000000058269711
110100014512008,7,燕山中路南口,000000058269711
110100014512009,8,燕化设计院,000000058269711
110100014512036,9,燕山换乘中心,000000058269711
110100014512010,10,燕山影剧院,000000058269711
110100014512011,11,燕房路北口,000000058269711
110100014512012,12,燕山体育馆,000000058269711
110100014512013,13,宏塔小区,000000058269711
110100014512014,14,富燕新村,000000058269711
110100014512015,15,万宁桥,000000058269711
110100014512016,16,仓房小区,000000058269711
110100014512017,17,房山东大桥,000000058269711
110100014512018,18,饶乐府,000000058269711
110100014512019,19,房山马各庄,000000058269711
110100014512020,20,大石河,000000058269711
110100014512041,21,燕化星城三里,000000058269711
110100014512022,22,大董村,000000058269711
110100014512023,23,紫草坞路口,000000058269711
110100014512024,24,阎村,000000058269711
110100014512025,25,蓝光海悦城小区,000000058269711
110100014512026,26,月华小区,000000058269711
110100014512027,27,北潞园,000000058269711
110100014512028,28,西潞园,000000058269711
110100014512029,29,良乡西门,000000058269711
110100014512030,30,良乡大角,000000058269711
110100014512031,31,良乡医院,000000058269711
110100014512037,32,良乡北关,000000058269711
110100014512033,33,行宫小区西门,000000058269711
110100014512039,34,岳各庄桥东,000000058269711
110100014512040,35,六里桥北里,000000058269711
