stationId,stopNumber,stopName,lineId
110100014044026,1,生命科学园西站,000000058516370
110100014044027,2,医疗园路西站,000000058516370
110100014044028,3,医疗园路,000000058516370
110100014044029,4,科学园路北站,000000058516370
110100014044030,5,科学园路,000000058516370
110100014044023,6,北清创意园,000000058516370
110100014044025,7,地铁生命科学园站西,000000058516370
110100014044004,8,地铁生命科学园站,000000058516370
110100014044005,9,朱辛庄新区西,000000058516370
110100014044006,10,朱辛庄新区,000000058516370
110100014044031,11,朱辛庄新区东,000000058516370
110100014044032,12,回昌东路,000000058516370
110100014044033,13,回昌东路南口,000000058516370
110100014044034,14,回南北路,000000058516370
110100014044009,15,地铁育知路站,000000058516370
110100014044010,16,回龙观公交场站,000000058516370
110100014044011,17,云趣园二区东门,000000058516370
110100014044012,18,龙禧苑五区西门,000000058516370
110100014044013,19,回龙观西大街,000000058516370
110100014044014,20,龙腾苑三区西门,000000058516370
110100014044015,21,育知路南口,000000058516370
110100014044016,22,地铁回龙观站,000000058516370
110100014044017,23,龙腾苑四区西门,000000058516370
110100014044018,24,龙腾苑五区东门,000000058516370
110100014044019,25,龙腾苑二区南门,000000058516370
110100014044020,26,龙腾苑六区东门,000000058516370
110100014044021,27,新龙城东站,000000058516370
