stationId,stopNumber,stopName,lineId
110100015952029,1,东灰岭村,000007275833000
110100015952030,2,王家山,000007275833000
110100015952002,3,永宁南关,000007275833000
110100015952003,4,盛世营,000007275833000
110100015952004,5,孔化营,000007275833000
110100015952005,6,孔化营西口,000007275833000
110100015952006,7,前平坊,000007275833000
110100015952007,8,骆驼寨,000007275833000
110100015952037,9,王木营村东,000007275833000
110100015952008,10,王木营东口,000007275833000
110100015952009,11,延庆东小营路口,000007275833000
110100015952010,12,王木营西口,000007275833000
110100015952011,13,房老营,000007275833000
110100015952012,14,宝林寺,000007275833000
110100015952013,15,艾官营,000007275833000
110100015952014,16,南老君堂,000007275833000
110100015952015,17,北老君堂,000007275833000
110100015952038,18,兴安堡路口,000007275833000
110100015952016,19,魏家营,000007275833000
110100015952017,20,连家营,000007275833000
110100015952018,21,沈家营,000007275833000
110100015952019,22,沈家营镇政府,000007275833000
110100015952035,23,新合营,000007275833000
110100015952020,24,八里店东口,000007275833000
110100015952021,25,八里店,000007275833000
110100015952022,26,延庆八中,000007275833000
110100015952036,27,延庆东桥东,000007275833000
110100015952023,28,京张路口东,000007275833000
110100015952024,29,石河营,000007275833000
110100015952025,30,川北小区南门,000007275833000
110100015952033,31,延庆东关,000007275833000
110100015952034,32,延庆南菜园,000007275833000
110100015952031,33,司家营,000007275833000
110100015952032,34,延庆火车站北广场,000007275833000
