stationId,stopNumber,stopName,lineId
900000073209001,1,东大桥公交场站,000005809151320
900000073209002,2,东大桥路口西,000005809151320
900000073209003,3,神路街,000005809151320
900000073209019,4,朝阳门外,000005809151320
900000073209005,5,雅宝路,000005809151320
900000073209006,6,建国门南,000005809151320
900000073209007,7,广渠门,000005809151320
900000073209008,8,光明楼,000005809151320
900000073209009,9,龙潭公园,000005809151320
900000073209010,10,龙潭湖游泳池,000005809151320
900000073209011,11,左安门内,000005809151320
900000073209012,12,左安门外,000005809151320
900000073209013,13,方庄桥北,000005809151320
900000073209020,14,方庄桥西,000005809151320
900000073209015,15,刘家窑桥东,000005809151320
900000073209016,16,刘家窑桥南,000005809151320
900000073209017,17,榴乡路北站,000005809151320
900000073209018,18,宋家庄枢纽站,000005809151320
