stationId,stopNumber,stopName,lineId
900000047463077,1,平谷渔阳,000005815190890
900000047463084,2,平谷迎宾环岛,000005815190890
900000047463003,3,平谷岳各庄,000005815190890
900000047463004,4,鲁各庄,000005815190890
900000047463005,5,大兴庄,000005815190890
900000047463030,6,吉卧路口,000005815190890
900000047463006,7,官庄路口,000005815190890
900000047463071,8,云峰寺,000005815190890
900000047463031,9,双营,000005815190890
900000047463008,10,张镇,000005815190890
900000047463009,11,良善庄,000005815190890
900000047463032,12,行宫,000005815190890
900000047463072,13,侯庄,000005815190890
900000047463048,14,顺义聂庄,000005815190890
900000047463080,15,白塔东,000005815190890
900000047463033,16,顺义赵各庄,000005815190890
900000047463034,17,柏树庄村,000005815190890
900000047463035,18,驻马庄村,000005815190890
900000047463036,19,小曹庄,000005815190890
900000047463010,20,七连庄,000005815190890
900000047463047,21,柳庄户村,000005815190890
900000047463067,22,顺义南坞村,000005815190890
900000047463056,23,唐洞,000005815190890
900000047463065,24,焦庄户西,000005815190890
900000047463057,25,龙湾屯,000005815190890
900000047463058,26,史中坞,000005815190890
900000047463059,27,王泮庄东,000005815190890
900000047463060,28,王泮庄,000005815190890
900000047463073,29,王泮庄西,000005815190890
900000047463064,30,木林东口,000005815190890
900000047463015,31,唐指山,000005815190890
900000047463016,32,贾山,000005815190890
900000047463017,33,密云钓鱼台,000005815190890
900000047463018,34,荆栗园,000005815190890
900000047463019,35,中庄,000005815190890
900000047463061,36,河南寨镇政府南,000005815190890
900000047463050,37,河南寨镇政府,000005815190890
900000047463081,38,河南寨,000005815190890
900000047463039,39,太扬家园,000005815190890
900000047463020,40,密云少年宫,000005815190890
900000047463021,41,密云西大桥西站,000005815190890
900000047463022,42,兴云小区,000005815190890
900000047463023,43,燕落寨,000005815190890
900000047463024,44,河槽,000005815190890
900000047463025,45,程各庄,000005815190890
900000047463078,46,密云王各庄小区,000005815190890
900000047463040,47,统军庄路口西,000005815190890
900000047463026,48,统军庄,000005815190890
900000047463079,49,梨园庄,000005815190890
900000047463027,50,驸马庄,000005815190890
900000047463041,51,北房开发区,000005815190890
900000047463051,52,北房,000005815190890
900000047463028,53,王化村,000005815190890
900000047463075,54,开放环岛,000005815190890
900000047463063,55,兴怀大街东口,000005815190890
900000047463044,56,怀柔招商局,000005815190890
900000047463045,57,下元,000005815190890
900000047463029,58,于家园,000005815190890
