stationId,stopNumber,stopName,lineId
110100013801002,1,广外甘石桥,000000058348921
110100013801003,2,达官营,000000058348921
110100013801004,3,广外关厢,000000058348921
110100013801005,4,广安门北,000000058348921
110100013801022,5,天宁寺桥东,000000058348921
110100013801027,6,西便门外,000000058348921
110100013801007,7,真武庙,000000058348921
110100013801008,8,南礼士路南口,000000058348921
110100013801009,9,北京儿童医院西门,000000058348921
110100013801010,10,月坛公园,000000058348921
110100013801011,11,阜成门,000000058348921
110100013801012,12,阜成门内,000000058348921
110100013801013,13,白塔寺东,000000058348921
110100013801014,14,西四路口西,000000058348921
110100013801028,15,北京三十九中学,000000058348921
110100013801015,16,北京四中,000000058348921
110100013801026,17,厂桥路口东,000000058348921
110100013801023,18,东官房,000000058348921
110100013801017,19,北海北门,000000058348921
110100013801018,20,地安门东,000000058348921
110100013801024,21,南锣鼓巷,000000058348921
110100013801019,22,宽街路口东,000000058348921
110100013801020,23,张自忠路,000000058348921
110100013801025,24,东四十条,000000058348921
110100013801021,25,东四十条桥西,000000058348921
