stationId,stopNumber,stopName,lineId
110100016024079,1,长陵,000000058282650
110100016024080,2,献陵村,000000058282650
110100016024081,3,庆陵村,000000058282650
110100016024082,4,裕陵村,000000058282650
110100016024083,5,茂陵村,000000058282650
110100016024084,6,泰陵村,000000058282650
110100016024085,7,大岭沟新村,000000058282650
110100016024086,8,下口村,000000058282650
110100016024087,9,上口村,000000058282650
110100016024088,10,马武寨,000000058282650
110100016024024,11,解字石,000000058282650
110100016024025,12,龙泉峪,000000058282650
110100016024026,13,水泉沟,000000058282650
110100016024027,14,暖水面,000000058282650
110100016024028,15,莲花山路口,000000058282650
110100016024089,16,大庄科乡,000000058282650
110100016024030,17,大庄科,000000058282650
110100016024031,18,小庄科路口,000000058282650
110100016024032,19,东二道河,000000058282650
110100016024033,20,营城,000000058282650
110100016024034,21,二堡,000000058282650
110100016024035,22,东灰岭,000000058282650
110100016024036,23,王家山,000000058282650
110100016024093,24,永宁南关东,000000058282650
110100016024077,25,永宁东门口,000000058282650
110100016024078,26,永宁,000000058282650
110100016024040,27,永宁车站,000000058282650
110100016024067,28,永宁西关,000000058282650
110100016024074,29,三里墩,000000058282650
110100016024042,30,新华营,000000058282650
110100016024061,31,新华营西,000000058282650
110100016024076,32,吴坊营村东,000000058282650
110100016024062,33,吴坊营东站,000000058282650
110100016024043,34,吴坊营,000000058282650
110100016024044,35,西小庄科,000000058282650
110100016024045,36,香村营,000000058282650
110100016024057,37,香村营西站,000000058282650
110100016024046,38,北老君堂路口,000000058282650
110100016024075,39,兴安堡路口,000000058282650
110100016024047,40,魏家营,000000058282650
110100016024048,41,连家营,000000058282650
110100016024090,42,沈家营,000000058282650
110100016024059,43,沈家营镇政府,000000058282650
110100016024060,44,八里店东口,000000058282650
110100016024070,45,八里店,000000058282650
110100016024050,46,延庆八中,000000058282650
110100016024051,47,京张路口东,000000058282650
110100016024052,48,石河营,000000058282650
110100016024053,49,川北小区南门,000000058282650
110100016024054,50,延庆东关,000000058282650
110100016024055,51,延庆南菜园,000000058282650
