stationId,stopNumber,stopName,lineId
110100015914026,1,太玉园公交场站,000000058223471
110100015914003,2,太玉园小区,000000058223471
110100015914004,3,太玉园北口,000000058223471
110100015914033,4,巨星桥北,000000058223471
110100015914006,5,土桥村,000000058223471
110100015914007,6,地铁临河里站,000000058223471
110100015914008,7,通州小街桥东,000000058223471
110100015914028,8,地铁梨园站,000000058223471
110100015914009,9,梨园北街西口,000000058223471
110100015914010,10,玉桥西里,000000058223471
110100015914011,11,梨园东里北区,000000058223471
110100015914012,12,梨园北街,000000058223471
110100015914013,13,玉桥东路,000000058223471
110100015914014,14,玉桥小区,000000058223471
110100015914015,15,玉桥中路,000000058223471
110100015914016,16,玉桥中路北口,000000058223471
110100015914017,17,西上园小区西门,000000058223471
110100015914019,18,通州东关西,000000058223471
110100015914020,19,新华大街,000000058223471
110100015914031,20,西大街路口东,000000058223471
110100015914021,21,西大街路口西,000000058223471
110100015914022,22,通州西门路口东,000000058223471
110100015914023,23,通州北苑路口东,000000058223471
110100015914029,24,大北窑东,000000058223471
110100015914030,25,大北窑南,000000058223471
