stationId,stopNumber,stopName,lineId
900000027267001,1,晓月苑公交场站,000000058619051
900000027267002,2,晓月苑八里,000000058619051
900000027267003,3,晓月苑五里,000000058619051
900000027267004,4,卢沟桥南里,000000058619051
900000027267005,5,晓月苑三里,000000058619051
900000027267006,6,晓月苑二里,000000058619051
900000027267007,7,晓月苑一里,000000058619051
900000027267011,8,新月家园,000000058619051
900000027267008,9,抗战雕塑园,000000058619051
900000027267009,10,西道口,000000058619051
900000027267010,11,西道口北站,000000058619051
900000027267012,12,大瓦窑,000000058619051
900000027267013,13,大瓦窑村,000000058619051
900000027267014,14,新丰路南口,000000058619051
900000027267018,15,新丰路,000000058619051
900000027267015,16,兴源路西口,000000058619051
900000027267019,17,小屯新村南,000000058619051
900000027267016,18,兴源路,000000058619051
900000027267017,19,郭庄子公交场站,000000058619051
