stationId,stopNumber,stopName,lineId
110100013810029,1,焦庄桥北,000000058149281
110100013810030,2,焦庄桥西,000000058149281
110100013810031,3,三岔河南站,000000058149281
110100013810034,4,华瀚福园小区北,000000058149281
110100013810032,5,朝运街东站,000000058149281
110100013810033,6,朝运街,000000058149281
110100013810003,7,铁十六局,000000058149281
110100013810028,8,朝运街西站,000000058149281
110100013810004,9,北京奥林匹克花园北站,000000058149281
110100013810005,10,北京奥林匹克花园,000000058149281
110100013810026,11,金泰丽富嘉园,000000058149281
110100013810006,12,东坝中路,000000058149281
110100013810007,13,泓鑫家园,000000058149281
110100013810008,14,平房东口,000000058149281
110100013810009,15,平房桥南,000000058149281
110100013810010,16,白家楼,000000058149281
110100013810011,17,大黄庄桥西,000000058149281
110100013810012,18,朝阳路高井,000000058149281
110100013810013,19,民航总医院,000000058149281
110100013810014,20,朝阳路太平庄,000000058149281
110100013810015,21,十里堡,000000058149281
110100013810016,22,东八里庄,000000058149281
110100013810020,23,小庄路口东,000000058149281
110100013810017,24,呼家楼东,000000058149281
110100013810027,25,呼家楼北,000000058149281
110100013810035,26,东大桥东站,000000058149281
110100013810018,27,东大桥公交场站,000000058149281
