stationId,stopNumber,stopName,lineId
110100011662047,1,东山公交场站,000007525540101
110100011662045,2,东山,000007525540101
110100011662003,3,军庄镇新村,000007525540101
110100011662004,4,孟悟村,000007525540101
110100011662005,5,东杨坨,000007525540101
110100011662006,6,西杨坨,000007525540101
110100011662007,7,杨坨,000007525540101
110100011662008,8,军庄中学,000007525540101
110100011662009,9,灰峪村,000007525540101
110100011662010,10,军庄,000007525540101
110100011662011,11,曹家沟,000007525540101
110100011662012,12,三家店后街,000007525540101
110100011662013,13,三家店中街,000007525540101
110100011662014,14,龙泉宾馆,000007525540101
110100011662015,15,三家店西口,000007525540101
110100011662033,16,蓝龙小区,000007525540101
110100011662034,17,西山御园小区,000007525540101
110100011662035,18,水厂北路,000007525540101
110100011662018,19,河滩北站,000007525540101
110100011662019,20,新桥大街,000007525540101
110100011662020,21,京煤集团,000007525540101
110100011662021,22,新桥南街,000007525540101
110100011662022,23,月季园小区,000007525540101
110100011662023,24,葡萄嘴,000007525540101
110100011662024,25,葡萄嘴路口南,000007525540101
110100011662025,26,永定中学,000007525540101
110100011662026,27,冯村,000007525540101
110100011662027,28,金安路西口,000007525540101
110100011662042,29,艾洼,000007525540101
110100011662041,30,地铁上岸站,000007525540101
110100011662046,31,新泰路口,000007525540101
110100011662037,32,永上路口,000007525540101
110100011662038,33,紫上北口,000007525540101
110100011662043,34,紫上南口,000007525540101
110100011662039,35,小园公交场站,000007525540101
110100011662030,36,小园路口西,000007525540101
110100011662031,37,紫金路,000007525540101
110100011662032,38,紫金路南站,000007525540101
