stationId,stopNumber,stopName,lineId
900000172074001,1,怀柔南站南广场,000016351899630
900000172074002,2,怀柔花园村南,000016351899630
900000172074017,3,北京电影学院怀柔校区南门,000016351899630
900000172074004,4,梦想山小区,000016351899630
900000172074005,5,瑞丰大街,000016351899630
900000172074006,6,瑞丰大街西口,000016351899630
900000172074019,7,香水城南区,000016351899630
900000172074020,8,香水城北区,000016351899630
900000172074007,9,中影基地,000016351899630
900000172074008,10,雁栖河桥东,000016351899630
900000172074009,11,高两河,000016351899630
900000172074010,12,高两河西,000016351899630
900000172074011,13,庙城检测场,000016351899630
900000172074018,14,华欣湾小区,000016351899630
900000172074012,15,南华,000016351899630
900000172074013,16,迎宾路南口,000016351899630
900000172074014,17,怀柔商业街东口,000016351899630
900000172074015,18,怀柔府前东街,000016351899630
900000172074016,19,怀柔汽车站,000016351899630
