stationId,stopNumber,stopName,lineId
900000175777001,1,石景山古城,000000000028240
900000175777002,2,老古城,000000000028240
900000175777003,3,首钢厂东门,000000000028240
900000175777004,4,首钢试验厂,000000000028240
900000175777005,5,新首钢大桥西,000000000028240
900000175777006,6,增胜庄,000000000028240
900000175777007,7,上岸东站,000000000028240
900000175777008,8,地铁上岸站,000000000028240
900000175777009,9,西山燕庐家园,000000000028240
900000175777010,10,金地华宸小区,000000000028240
900000175777011,11,翡翠长安小区,000000000028240
900000175777013,12,梧桐苑北,000000000028240
900000175777014,13,玉带街,000000000028240
900000175777015,14,玉带街南口,000000000028240
900000175777012,15,梧桐苑公交场站,000000000028240
