stationId,stopNumber,stopName,lineId
110100013959002,1,定慧桥南,000000058481460
110100013959003,2,定慧桥北,000000058481460
110100013959004,3,五路桥,000000058481460
110100013959005,4,营慧寺,000000058481460
110100013959006,5,四季青桥南,000000058481460
110100013959007,6,四季青桥西,000000058481460
110100013959008,7,佟家坟,000000058481460
110100013959009,8,海淀区残联,000000058481460
110100013959010,9,南平庄,000000058481460
110100013959011,10,西平庄,000000058481460
110100013959012,11,巨山农场,000000058481460
110100013959013,12,南辛庄,000000058481460
110100013959014,13,双新园,000000058481460
110100013959015,14,北辛庄,000000058481460
110100013959016,15,门头馨村南区,000000058481460
110100013959017,16,南河滩,000000058481460
110100013959018,17,南河滩北站,000000058481460
110100013959019,18,红旗村,000000058481460
110100013959020,19,国家植物园西南门,000000058481460
110100013959026,20,国家植物园,000000058481460
110100013959023,21,香泉环岛,000000058481460
