stationId,stopNumber,stopName,lineId
900000040907001,1,都城隍庙,000000069356910
900000040907015,2,金融街购物中心,000000069356910
900000040907003,3,金树街,000000069356910
900000040907004,4,武定侯街,000000069356910
900000040907005,5,丰盛胡同,000000069356910
900000040907006,6,辟才胡同,000000069356910
900000040907007,7,民族文化宫,000000069356910
900000040907008,8,西单路口东,000000069356910
900000040907009,9,康静里,000000069356910
900000040907016,10,单店,000000069356910
900000040907017,11,单店东,000000069356910
900000040907011,12,东坝家园东站,000000069356910
900000040907012,13,东坝南,000000069356910
900000040907013,14,驹子房路口,000000069356910
900000040907014,15,朝新嘉园,000000069356910
