stationId,stopNumber,stopName,lineId
900000040919006,1,云岗,000000072843841
900000040919007,2,云岗北区,000000072843841
900000040919008,3,佃起村,000000072843841
900000040919009,4,朱家坟,000000072843841
900000040919010,5,赵辛店北,000000072843841
900000040919011,6,北京十中,000000072843841
900000040919012,7,长辛店南口,000000072843841
900000040919013,8,长辛店北口,000000072843841
900000040919014,9,杜家坎,000000072843841
900000040919015,10,内环西路北口,000000072843841
900000040919016,11,中核路口东,000000072843841
900000040919017,12,航丰路口,000000072843841
900000040919018,13,海鹰路口,000000072843841
900000040919019,14,总部基地六区,000000072843841
900000040919020,15,六圈,000000072843841
900000040919021,16,六圈路西口,000000072843841
