stationId,stopNumber,stopName,lineId
110100010456022,1,回龙观桥北,000000058599700
110100010456023,2,新龙城,000000058599700
110100010456024,3,回龙观医院北,000000058599700
110100010456025,4,新龙城东站,000000058599700
110100010456006,5,龙腾苑六区东门,000000058599700
110100010456007,6,龙腾苑三区东门,000000058599700
110100010456008,7,龙禧苑五区西门,000000058599700
110100010456009,8,云趣园二区东门,000000058599700
110100010456021,9,育知东路北口,000000058599700
110100010456010,10,地铁育知路站,000000058599700
110100010456011,11,回南北路,000000058599700
110100010456020,12,天露园北站,000000058599700
110100010456017,13,佰嘉城小区东门,000000058599700
110100010456018,14,天露园小区,000000058599700
110100010456019,15,天露园东站,000000058599700
110100010456026,16,育知西路北口,000000058599700
110100010456027,17,回昌东路南口,000000058599700
