stationId,stopNumber,stopName,lineId
110100015748002,1,左家庄,000000058151011
110100015748003,2,三元桥西站,000000058151011
110100015748004,3,静安庄,000000058151011
110100015748005,4,西坝河,000000058151011
110100015748006,5,太阳宫桥,000000058151011
110100015748007,6,和平东桥北,000000058151011
110100015748008,7,中日医院,000000058151011
110100015748009,8,对外经贸大学,000000058151011
110100015748027,9,惠新东桥南,000000058151011
110100015748010,10,惠新东桥西,000000058151011
110100015748011,11,安慧桥东,000000058151011
110100015748012,12,安慧桥北,000000058151011
110100015748013,13,炎黄艺术馆,000000058151011
110100015748014,14,大屯南,000000058151011
110100015748015,15,豹房,000000058151011
110100015748054,16,豹房西,000000058151011
110100015748055,17,洼里南口,000000058151011
110100015748056,18,中科院地理所,000000058151011
110100015748018,19,南沟泥河,000000058151011
110100015748028,20,奥运村西,000000058151011
110100015748042,21,林萃路口北,000000058151011
110100015748029,22,澳林春天小区,000000058151011
110100015748030,23,倚林佳园东门,000000058151011
110100015748031,24,京师园,000000058151011
110100015748032,25,地铁林萃桥站,000000058151011
110100015748033,26,龙岗路东口,000000058151011
110100015748035,27,宝盛里小区,000000058151011
110100015748036,28,宝盛西里,000000058151011
110100015748037,29,怡清园小区,000000058151011
110100015748038,30,地铁永泰庄站,000000058151011
110100015748039,31,后屯南路,000000058151011
110100015748040,32,地铁西小口站,000000058151011
110100015748043,33,后屯路,000000058151011
110100015748044,34,育新小区东门,000000058151011
110100015748045,35,后屯路北口,000000058151011
110100015748041,36,地铁育新站,000000058151011
110100015748026,37,育新小区,000000058151011
