stationId,stopNumber,stopName,lineId
110100014443039,1,地铁六里桥站,000000058241230
110100014443044,2,兴礼检查站,000000058241230
110100014443043,3,琉璃河水泥厂,000000058241230
110100014443045,4,琉璃河东,000000058241230
110100014443032,5,琉璃河检查站,000000058241230
110100014443034,6,房山白庄,000000058241230
110100014443010,7,常店村,000000058241230
110100014443011,8,东仙坡,000000058241230
110100014443040,9,东仙坡南,000000058241230
110100014443012,10,下胡良北口,000000058241230
110100014443013,11,下胡良南口,000000058241230
110100014443014,12,大石桥村,000000058241230
110100014443031,13,水岸花城小区,000000058241230
110100014443035,14,北坛村北,000000058241230
110100014443015,15,涿州交警大队,000000058241230
110100014443016,16,涿州市政府,000000058241230
110100014443017,17,东方物理公司,000000058241230
110100014443030,18,铁道部十八局设计院,000000058241230
110100014443042,19,涿州市交通运输局,000000058241230
110100014443019,20,水电新村,000000058241230
110100014443020,21,涿州中心广场,000000058241230
110100014443021,22,涿州职教中心,000000058241230
110100014443027,23,涿州开发区,000000058241230
110100014443046,24,涿州公交场站,000000058241230
