stationId,stopNumber,stopName,lineId
110100013883020,1,地铁海淀五路居站,000000058309720
110100013883022,2,五路居南街南口,000000058309720
110100013883023,3,颐慧佳园路南口,000000058309720
110100013883024,4,五路居路东口,000000058309720
110100013883025,5,五福路,000000058309720
110100013883021,6,五福路北口,000000058309720
110100013883004,7,正福寺,000000058309720
110100013883005,8,板井,000000058309720
110100013883006,9,四季青桥东,000000058309720
110100013883007,10,四季青桥北,000000058309720
110100013883008,11,东冉村,000000058309720
110100013883009,12,南坞,000000058309720
110100013883010,13,四海桥南,000000058309720
110100013883011,14,四海桥,000000058309720
110100013883026,15,四海桥北,000000058309720
110100013883012,16,北营门,000000058309720
110100013883013,17,中坞,000000058309720
110100013883027,18,闵庄,000000058309720
110100013883015,19,茶棚路,000000058309720
110100013883016,20,北坞嘉园,000000058309720
110100013883017,21,北坞村西站,000000058309720
110100013883018,22,北坞村,000000058309720
110100013883019,23,颐和园西门,000000058309720
