stationId,stopNumber,stopName,lineId
110100016436055,1,来广营西桥东,000011531333581
110100016436003,2,来广营路口西,000011531333581
110100016436004,3,广顺桥南,000011531333581
110100016436005,4,利泽中街西口,000011531333581
110100016436006,5,望京花园西区,000011531333581
110100016436007,6,湖光北街东口,000011531333581
110100016436056,7,南湖中园一区,000011531333581
110100016436057,8,南湖西园,000011531333581
110100016436058,9,望京西路,000011531333581
110100016436011,10,南湖西里,000011531333581
110100016436059,11,望京桥北,000011531333581
110100016436012,12,望京桥西,000011531333581
110100016436013,13,望和桥东,000011531333581
110100016436014,14,望和桥,000011531333581
110100016436015,15,育慧里,000011531333581
110100016436016,16,惠新东桥西,000011531333581
110100016436017,17,安慧桥东,000011531333581
110100016436018,18,亚运村,000011531333581
110100016436019,19,北辰西桥,000011531333581
110100016436020,20,健翔桥东,000011531333581
110100016436021,21,健翔桥西,000011531333581
110100016436022,22,志新桥西,000011531333581
110100016436023,23,学院桥东,000011531333581
110100016436024,24,北京城市学院,000011531333581
110100016436025,25,保福寺桥西,000011531333581
110100016436026,26,中关村一街,000011531333581
110100016436027,27,中关村西,000011531333581
110100016436060,28,北京市地震局,000011531333581
110100016436061,29,海淀南路西口,000011531333581
110100016436062,30,巴沟村,000011531333581
