stationId,stopNumber,stopName,lineId
110100015725002,1,朝凤庵村,000000058427501
110100015725003,2,前锋学校,000000058427501
110100015725004,3,昌平东关,000000058427501
110100015725005,4,亢山广场,000000058427501
110100015725025,5,松园小区西门,000000058427501
110100015725007,6,中国政法大学北门(昌平),000000058427501
110100015725008,7,昌平一中,000000058427501
110100015725034,8,东环北路,000000058427501
110100015725035,9,东环北路北口,000000058427501
110100015725036,10,昌平北站,000000058427501
110100015725037,11,昌平区医院,000000058427501
110100015725038,12,昌平鼓楼南街北口,000000058427501
110100015725039,13,昌平公园,000000058427501
110100015725040,14,昌平南环路,000000058427501
110100015725016,15,润杰经典小区,000000058427501
110100015725017,16,水关新村南,000000058427501
110100015725018,17,振兴路,000000058427501
110100015725019,18,世涛天朗小区南门,000000058427501
110100015725020,19,昌盛园二区东门,000000058427501
110100015725021,20,南环大桥西,000000058427501
110100015725022,21,南环大桥东,000000058427501
110100015725023,22,张营小区,000000058427501
110100015725024,23,地铁南邵站,000000058427501
