stationId,stopNumber,stopName,lineId
110100014917102,1,师姑庄村,000000000022451
110100014917076,2,大小邓村,000000000022451
110100014917004,3,摇不动村,000000000022451
110100014917095,4,北刘各庄村,000000000022451
110100014917075,5,白庙科印厂,000000000022451
110100014917071,6,白庙新村,000000000022451
110100014917008,7,任庄村东口,000000000022451
110100014917096,8,任庄村,000000000022451
110100014917010,9,宋庄,000000000022451
110100014917055,10,后夏公庄,000000000022451
110100014917012,11,前夏邢各庄,000000000022451
110100014917014,12,丁各庄,000000000022451
110100014917078,13,召里,000000000022451
110100014917016,14,召里南,000000000022451
110100014917017,15,胡各庄,000000000022451
110100014917070,16,胡各庄西,000000000022451
110100014917019,17,通州古城村,000000000022451
110100014917020,18,霍屯村,000000000022451
110100014917080,19,武夷花园,000000000022451
110100014917081,20,三元村,000000000022451
110100014917086,21,百合湾小区,000000000022451
110100014917082,22,东关大桥站,000000000022451
110100014917073,23,通州东关西,000000000022451
110100014917083,24,新华大街,000000000022451
110100014917068,25,西大街路口东,000000000022451
110100014917084,26,西大街路口西,000000000022451
110100014917069,27,通州西门路口东,000000000022451
110100014917103,28,通州北苑路口东,000000000022451
110100014917030,29,通州北苑路口南,000000000022451
110100014917031,30,科印小区,000000000022451
110100014917032,31,翠屏西路北口,000000000022451
110100014917033,32,翠屏北里,000000000022451
110100014917051,33,格瑞雅居小区,000000000022451
110100014917079,34,翠屏西路,000000000022451
110100014917045,35,怡乐南街公交场站,000000000022451
110100014917036,36,通州半壁店东,000000000022451
110100014917037,37,通州半壁店,000000000022451
110100014917087,38,通州半壁店新村,000000000022451
110100014917046,39,大稿北站,000000000022451
110100014917104,40,大稿南站,000000000022451
110100014917106,41,大方居,000000000022451
