stationId,stopNumber,stopName,lineId
110100016179095,1,九眼楼长城景区,000000058699120
110100016179096,2,石窑村,000000058699120
110100016179097,3,三楼,000000058699120
110100016179098,4,二楼,000000058699120
110100016179002,5,郭家湾,000000058699120
110100016179003,6,永安堡,000000058699120
110100016179004,7,岔石口,000000058699120
110100016179005,8,四十亩地,000000058699120
110100016179006,9,椴木沟,000000058699120
110100016179007,10,四海,000000058699120
110100016179008,11,天门关,000000058699120
110100016179009,12,大胜岭,000000058699120
110100016179010,13,四海南湾,000000058699120
110100016179011,14,王顺沟路口,000000058699120
110100016179012,15,黑汉岭,000000058699120
110100016179066,16,大吉祥,000000058699120
110100016179067,17,小吉祥,000000058699120
110100016179015,18,红果寺,000000058699120
110100016179016,19,周四沟,000000058699120
110100016179068,20,周四沟村西,000000058699120
110100016179018,21,大观头,000000058699120
110100016179019,22,小观头,000000058699120
110100016179020,23,山南沟,000000058699120
110100016179069,24,刘斌堡村东,000000058699120
110100016179053,25,刘斌堡东站,000000058699120
110100016179054,26,刘斌堡,000000058699120
110100016179055,27,刘斌堡西站,000000058699120
110100016179056,28,永新堡,000000058699120
110100016179057,29,延庆狮子营,000000058699120
110100016179026,30,永宁,000000058699120
110100016179027,31,永宁车站,000000058699120
110100016179070,32,永宁西关,000000058699120
110100016179071,33,三里墩,000000058699120
110100016179072,34,新华营,000000058699120
110100016179073,35,新华营西,000000058699120
110100016179074,36,吴坊营村东,000000058699120
110100016179075,37,吴坊营东站,000000058699120
110100016179076,38,吴坊营,000000058699120
110100016179077,39,西小庄科,000000058699120
110100016179078,40,香村营,000000058699120
110100016179079,41,香村营西站,000000058699120
110100016179080,42,北老君堂路口,000000058699120
110100016179081,43,兴安堡路口,000000058699120
110100016179082,44,魏家营,000000058699120
110100016179083,45,连家营,000000058699120
110100016179084,46,沈家营,000000058699120
110100016179085,47,沈家营镇政府,000000058699120
110100016179064,48,新合营,000000058699120
110100016179086,49,八里店东口站,000000058699120
110100016179087,50,八里店,000000058699120
110100016179088,51,延庆八中,000000058699120
110100016179065,52,延庆东桥东,000000058699120
110100016179089,53,京张路口东,000000058699120
110100016179090,54,石河营,000000058699120
110100016179091,55,川北小区南门,000000058699120
110100016179092,56,延庆东关,000000058699120
110100016179093,57,延庆南菜园,000000058699120
