stationId,stopNumber,stopName,lineId
900000019425022,1,疃里公交场站,000000058533881
900000019425027,2,疃里大街东口,000000058533881
900000019425023,3,新潮嘉园三区,000000058533881
900000019425024,4,新潮嘉园二区,000000058533881
900000019425025,5,新潮嘉园一区,000000058533881
900000019425026,6,小潞邑,000000058533881
900000019425003,7,耿庄桥北,000000058533881
900000019425004,8,耿庄桥南,000000058533881
900000019425005,9,百合湾小区,000000058533881
900000019425006,10,东关大桥,000000058533881
900000019425008,11,故城东路北口,000000058533881
900000019425009,12,西上园小区西门,000000058533881
900000019425010,13,北小园,000000058533881
900000019425011,14,通州南关,000000058533881
900000019425012,15,艺苑东街西口,000000058533881
900000019425032,16,玉桥西路,000000058533881
900000019425013,17,玉桥西路南口,000000058533881
900000019425014,18,梨园北街西口,000000058533881
900000019425015,19,地铁梨园站,000000058533881
900000019425016,20,通州小街桥东,000000058533881
900000019425017,21,地铁临河里站,000000058533881
900000019425033,22,颐瑞中二路北口,000000058533881
900000019425018,23,颐瑞中二路,000000058533881
900000019425019,24,颐瑞中二路南口,000000058533881
900000019425029,25,地铁高楼金站,000000058533881
900000019425028,26,高楼金村,000000058533881
900000019425031,27,颐瑞东路,000000058533881
900000019425030,28,环球度假区,000000058533881
