stationId,stopNumber,stopName,lineId
110100013522030,1,龙域北街东口,000000058414230
110100013522031,2,融泽嘉园南区北门,000000058414230
110100013522032,3,龙域北街,000000058414230
110100013522033,4,金域华府西门,000000058414230
110100013522034,5,回龙观村西区,000000058414230
110100013522035,6,龙域西一路南口,000000058414230
110100013522036,7,西二旗北路,000000058414230
110100013522037,8,西三旗桥北,000000058414230
110100013522010,9,西三旗桥南,000000058414230
110100013522038,10,四拨子,000000058414230
110100013522011,11,清河小营桥南,000000058414230
110100013522012,12,清河,000000058414230
110100013522039,13,清河南镇,000000058414230
110100013522040,14,上清桥南,000000058414230
110100013522013,15,花虎沟,000000058414230
110100013522014,16,双泉堡,000000058414230
110100013522041,17,双泉堡南,000000058414230
110100013522015,18,北沙滩桥北,000000058414230
110100013522016,19,二里庄,000000058414230
110100013522017,20,二里庄南口,000000058414230
110100013522018,21,北京科技大学北门,000000058414230
110100013522019,22,中国地质大学,000000058414230
110100013522020,23,北京语言大学,000000058414230
110100013522021,24,五道口,000000058414230
110100013522022,25,清华园,000000058414230
110100013522023,26,蓝旗营,000000058414230
110100013522024,27,中关园,000000058414230
110100013522025,28,中关村南,000000058414230
110100013522026,29,海淀黄庄北,000000058414230
110100013522027,30,海淀南路,000000058414230
110100013522028,31,海淀南路西口,000000058414230
110100013522029,32,巴沟村,000000058414230
