stationId,stopNumber,stopName,lineId
110100015125014,1,亦庄桥北,000000058283510
110100015125015,2,亦庄桥南,000000058283510
110100015125016,3,富源里,000000058283510
110100015125017,4,贵园南里,000000058283510
110100015125018,5,贵园小区,000000058283510
110100015125019,6,亦庄体育中心,000000058283510
110100015125020,7,人大附中经开学校,000000058283510
110100015125069,8,天华北街西口,000000058283510
110100015125070,9,天华北街东口,000000058283510
110100015125023,10,万源街西口,000000058283510
110100015125068,11,万源街东站,000000058283510
110100015125025,12,同济北路,000000058283510
110100015125026,13,同济北路南口,000000058283510
110100015125027,14,同济中路北口,000000058283510
110100015125028,15,同济中路,000000058283510
110100015125029,16,同济中路南站,000000058283510
110100015125030,17,隆盛产业园,000000058283510
110100015125031,18,永昌南路,000000058283510
110100015125075,19,永昌南路南站,000000058283510
110100015125032,20,马驹桥新桥,000000058283510
110100015125033,21,马驹桥北门口,000000058283510
110100015125034,22,马驹桥邮局,000000058283510
110100015125035,23,马驹桥商业街,000000058283510
110100015125036,24,西店环岛,000000058283510
110100015125080,25,留民营路口,000000058283510
110100015125081,26,漷马路口,000000058283510
110100015125082,27,大周易村,000000058283510
110100015125083,28,小周易村,000000058283510
110100015125039,29,史村,000000058283510
110100015125074,30,史村东口,000000058283510
110100015125040,31,西田阳,000000058283510
110100015125041,32,牛坊路口,000000058283510
110100015125042,33,东田阳西口,000000058283510
110100015125084,34,东田阳村西,000000058283510
110100015125043,35,东田阳,000000058283510
110100015125044,36,陵园路口,000000058283510
110100015125045,37,大杜社村,000000058283510
110100015125073,38,大杜社村东,000000058283510
110100015125046,39,小杜社村,000000058283510
110100015125047,40,牛堡屯南站,000000058283510
110100015125048,41,小耕垡村,000000058283510
110100015125049,42,于家务一桥,000000058283510
110100015125050,43,东马各庄村,000000058283510
110100015125055,44,于家务村西口,000000058283510
110100015125056,45,于家务,000000058283510
110100015125057,46,果村,000000058283510
110100015125058,47,通州崔各庄,000000058283510
110100015125059,48,聚富园北口,000000058283510
110100015125060,49,聚富园,000000058283510
110100015125061,50,聚富园二街,000000058283510
110100015125062,51,南刘庄,000000058283510
