stationId,stopNumber,stopName,lineId
110100011337040,1,地铁回龙观站,000000058265050
110100011337003,2,龙华园南,000000058265050
110100011337004,3,北郊农场桥东,000000058265050
110100011337005,4,北郊农场桥北,000000058265050
110100011337006,5,二拨子,000000058265050
110100011337007,6,朱辛庄,000000058265050
110100011337008,7,史各庄南,000000058265050
110100011337009,8,史各庄,000000058265050
110100011337010,9,定福皇庄,000000058265050
110100011337011,10,沙河(北行),000000058265050
110100011337052,11,沙河(南行),000000058265050
110100011337054,12,沙阳路东口,000000058265050
110100011337041,13,沙河西站,000000058265050
110100011337042,14,老牛湾东站,000000058265050
110100011337014,15,老牛湾,000000058265050
110100011337055,16,南玉河路口东,000000058265050
110100011337056,17,北玉河村东,000000058265050
110100011337057,18,北玉河村,000000058265050
110100011337015,19,皂甲屯,000000058265050
110100011337058,20,上庄永泰庄,000000058265050
110100011337016,21,上庄东小营村,000000058265050
110100011337017,22,上庄东小营北口,000000058265050
110100011337018,23,罗家坟,000000058265050
110100011337019,24,后章村,000000058265050
110100011337020,25,前章村,000000058265050
110100011337021,26,东贯市,000000058265050
110100011337022,27,西贯市,000000058265050
110100011337023,28,白虎涧路口,000000058265050
110100011337043,29,阳坊南站,000000058265050
110100011337025,30,阳坊,000000058265050
110100011337026,31,阳坊村,000000058265050
110100011337044,32,阳坊北站,000000058265050
110100011337050,33,坦克博物馆南,000000058265050
110100011337028,34,坦克博物馆,000000058265050
110100011337029,35,葛村,000000058265050
110100011337030,36,土楼村,000000058265050
110100011337031,37,南口农场,000000058265050
110100011337045,38,南口李庄东站,000000058265050
110100011337046,39,南口李庄北站,000000058265050
110100011337053,40,温南路口南,000000058265050
110100011337047,41,南口西站,000000058265050
110100011337035,42,南口,000000058265050
110100011337048,43,南口东站,000000058265050
110100011337037,44,南口东街,000000058265050
110100011337038,45,大堡,000000058265050
110100011337049,46,南口北站,000000058265050
