stationId,stopNumber,stopName,lineId
900000149351008,1,北京朝阳站,000014281607401
900000149351016,2,梵谷水郡小区南,000014281607401
900000149351007,3,梵谷水郡小区,000014281607401
900000149351017,4,电子城小区南,000014281607401
900000149351002,5,电子城小区,000014281607401
900000149351009,6,驼房营,000014281607401
900000149351010,7,将台路东口,000014281607401
900000149351011,8,将台路东站,000014281607401
900000149351012,9,将台路口东站,000014281607401
900000149351013,10,酒仙桥,000014281607401
900000149351014,11,酒仙桥南,000014281607401
900000149351015,12,酒仙桥中心小学,000014281607401
900000149351005,13,酒仙桥商场,000014281607401
900000149351006,14,红霞路,000014281607401
