stationId,stopNumber,stopName,lineId
110100013730002,1,复兴门南,000000058158601
110100013730003,2,新文化街西口,000000058158601
110100013730004,3,长椿街路口西,000000058158601
110100013730005,4,西便门,000000058158601
110100013730006,5,槐柏树街西口,000000058158601
110100013730007,6,核桃园,000000058158601
110100013730008,7,北线阁,000000058158601
110100013730009,8,南线阁,000000058158601
110100013730025,9,南线阁街南口,000000058158601
110100013730010,10,建功北里,000000058158601
110100013730011,11,白纸坊路口西,000000058158601
110100013730012,12,南樱桃园路口南,000000058158601
110100013730013,13,右安门内,000000058158601
110100013730014,14,右安门西,000000058158601
110100013730026,15,菜户营西站,000000058158601
110100013730027,16,中国戏曲学院站,000000058158601
110100013730038,17,三路居(临时站),000000058158601
110100013730040,18,东局南,000000058158601
110100013730020,19,丰益桥西,000000058158601
110100013730021,20,西管头,000000058158601
110100013730022,21,前泥洼,000000058158601
110100013730023,22,游泳场北路东口,000000058158601
110100013730024,23,东大街南口,000000058158601
110100013730032,24,正阳大街,000000058158601
110100013730033,25,正阳桥东,000000058158601
110100013730034,26,看丹桥,000000058158601
110100013730035,27,富丰桥西,000000058158601
