stationId,stopNumber,stopName,lineId
110100014160002,1,槐树岭公交场站,000000058176610
110100014160003,2,槐树岭南站,000000058176610
110100014160004,3,张郭庄,000000058176610
110100014160005,4,张郭庄小区北,000000058176610
110100014160006,5,张郭庄小区,000000058176610
110100014160007,6,张郭庄小区东,000000058176610
110100014160008,7,装甲兵干休所,000000058176610
110100014160009,8,杜家坎,000000058176610
110100014160010,9,卢沟新桥,000000058176610
110100014160011,10,抗战雕塑园,000000058176610
110100014160012,11,西道口,000000058176610
110100014160013,12,岳各庄桥北,000000058176610
110100014160014,13,岳各庄,000000058176610
110100014160015,14,郑常庄,000000058176610
110100014160016,15,青塔,000000058176610
110100014160017,16,南沙窝桥,000000058176610
110100014160018,17,沙窝桥北,000000058176610
110100014160019,18,五棵松桥东,000000058176610
110100014160020,19,沙沟路口东,000000058176610
110100014160021,20,东翠路口,000000058176610
110100014160022,21,万寿路口西,000000058176610
110100014160023,22,翠微路口,000000058176610
110100014160024,23,公主坟西,000000058176610
110100014160025,24,八一湖,000000058176610
110100014160026,25,航天桥南,000000058176610
