stationId,stopNumber,stopName,lineId
110100015887002,1,肖村桥北,000004696704481
110100015887047,2,郭家村南,000004696704481
110100015887003,3,郭家村,000004696704481
110100015887004,4,丰台苇子坑,000004696704481
110100015887005,5,方庄南路南口,000004696704481
110100015887049,6,方庄南路,000004696704481
110100015887006,7,方庄桥南,000004696704481
110100015887007,8,方庄桥西,000004696704481
110100015887008,9,方庄南口,000004696704481
110100015887009,10,方庄环岛南,000004696704481
110100015887010,11,方庄环岛西,000004696704481
110100015887011,12,蒲方路西口,000004696704481
110100015887012,13,蒲黄榆,000004696704481
110100015887013,14,东侧路,000004696704481
110100015887014,15,天坛体育场,000004696704481
110100015887015,16,法华寺,000004696704481
110100015887016,17,红桥路口北,000004696704481
110100015887017,18,磁器口北,000004696704481
110100015887018,19,花市路口南,000004696704481
110100015887019,20,崇文门内,000004696704481
110100015887037,21,东单路口南,000004696704481
110100015887048,22,东单路口北,000004696704481
110100015887021,23,米市大街,000004696704481
110100015887022,24,灯市东口,000004696704481
110100015887023,25,东四路口南,000004696704481
110100015887024,26,美术馆东,000004696704481
110100015887025,27,沙滩路口西,000004696704481
110100015887026,28,神武门,000004696704481
110100015887027,29,北海,000004696704481
110100015887028,30,西安门,000004696704481
110100015887050,31,厂桥路口南,000004696704481
110100015887051,32,北京三十九中学,000004696704481
