stationId,stopNumber,stopName,lineId
900000047372001,1,石峡,000007444772200
900000047372002,2,石峡关,000007444772200
900000047372003,3,帮水峪,000007444772200
900000047372030,4,里炮村,000007444772200
900000047372004,5,里炮,000007444772200
900000047372005,6,外炮,000007444772200
900000047372048,7,中关村延庆园,000007444772200
900000047372069,8,官厅四路西口,000007444772200
900000047372070,9,官厅四路西口(康斯特智能仪表产业园),000007444772200
900000047372049,10,长城一路南口,000007444772200
900000047372050,11,外炮村西,000007444772200
900000047372051,12,康庄小区,000007444772200
900000047372052,13,康庄,000007444772200
900000047372053,14,康庄粮库路口,000007444772200
900000047372054,15,南曹营,000007444772200
900000047372055,16,北曹营,000007444772200
900000047372056,17,姬庄子,000007444772200
900000047372057,18,康庄镇政府,000007444772200
900000047372058,19,刁营,000007444772200
900000047372059,20,二八七医院,000007444772200
900000047372008,21,西桑园,000007444772200
900000047372009,22,西红寺,000007444772200
900000047372010,23,郭家堡,000007444772200
900000047372011,24,康庄镇王家堡,000007444772200
900000047372012,25,东红寺,000007444772200
900000047372013,26,军营道口,000007444772200
900000047372014,27,下屯,000007444772200
900000047372015,28,下屯中学,000007444772200
900000047372034,29,世园三号门,000007444772200
900000047372035,30,世园四号门,000007444772200
900000047372036,31,世园五号门,000007444772200
900000047372047,32,康安小区,000007444772200
900000047372020,33,延庆东关,000007444772200
900000047372022,34,川北小区南门,000007444772200
900000047372023,35,石河营,000007444772200
900000047372043,36,京张路口南,000007444772200
900000047372044,37,日上批发市场,000007444772200
900000047372068,38,延庆莲花池路口(临时站),000007444772200
900000047372026,39,延庆五中,000007444772200
900000047372027,40,湖南小区,000007444772200
900000047372028,41,延庆南菜园,000007444772200
900000047372060,42,司家营,000007444772200
900000047372061,43,延庆火车站北广场,000007444772200
