stationId,stopNumber,stopName,lineId
900000128576001,1,成和园小区,000010858354231
900000128576002,2,北空小区,000010858354231
900000128576003,3,庑殿家苑,000010858354231
900000128576004,4,南场东街,000010858354231
900000128576015,5,南场东街西口,000010858354231
900000128576005,6,庑殿桥,000010858354231
900000128576006,7,榴乡桥南,000010858354231
900000128576007,8,榴乡桥西,000010858354231
900000128576008,9,彩虹城小区,000010858354231
900000128576009,10,石榴园南,000010858354231
900000128576010,11,石榴园,000010858354231
900000128576011,12,赵公口桥南,000010858354231
900000128576012,13,赵公口桥西,000010858354231
900000128576013,14,木樨园桥东,000010858354231
900000128576014,15,木樨园桥,000010858354231
