stationId,stopNumber,stopName,lineId
900000046514020,1,通州兴隆庄西口,000000000022551
900000046514011,2,前马坊村南站,000000000022551
900000046514012,3,前马坊村,000000000022551
900000046514013,4,后马坊村,000000000022551
900000046514022,5,小务村,000000000022551
900000046514025,6,大务路口,000000000022551
900000046514033,7,漷老路口,000000000022551
900000046514026,8,鲁城村,000000000022551
900000046514027,9,通州后营村,000000000022551
900000046514017,10,前元化村,000000000022551
900000046514018,11,罗庄村,000000000022551
900000046514019,12,边槐庄村,000000000022551
900000046514024,13,通州军庄村,000000000022551
900000046514028,14,南屯,000000000022551
900000046514002,15,觅子店卫生院,000000000022551
900000046514034,16,觅子店开发区,000000000022551
900000046514029,17,后尖平村,000000000022551
900000046514037,18,东寺庄村,000000000022551
900000046514038,19,凌庄,000000000022551
900000046514039,20,通州石槽村,000000000022551
900000046514005,21,通州张庄西口,000000000022551
900000046514006,22,马庄村,000000000022551
900000046514007,23,侯黄庄村,000000000022551
900000046514008,24,纪各庄村,000000000022551
900000046514009,25,曹庄村,000000000022551
900000046514010,26,通州小屯村,000000000022551
