stationId,stopNumber,stopName,lineId
110100014385057,1,通州西站,000000058226150
110100014385050,2,通州北苑路口西,000000058226150
110100014385059,3,通州北苑路口东,000000058226150
110100014385056,4,通州西门路口东,000000058226150
110100014385005,5,西大街路口西,000000058226150
110100014385006,6,通州佟麟阁大街,000000058226150
110100014385007,7,潞河医院,000000058226150
110100014385008,8,果园北,000000058226150
110100014385060,9,地铁九棵树站,000000058226150
110100014385009,10,九棵树,000000058226150
110100014385010,11,地铁梨园站,000000058226150
110100014385011,12,通州小街桥东,000000058226150
110100014385012,13,地铁临河里站,000000058226150
110100014385013,14,地铁土桥站,000000058226150
110100014385014,15,土桥欣村,000000058226150
110100014385015,16,土桥新桥东,000000058226150
110100014385016,17,北许场村,000000058226150
110100014385017,18,张家湾开发区,000000058226150
110100014385051,19,张辛庄村西,000000058226150
110100014385018,20,张辛庄村,000000058226150
110100014385019,21,梁各庄村,000000058226150
110100014385020,22,武兴路口,000000058226150
110100014385021,23,上店村路口,000000058226150
110100014385022,24,武窑村,000000058226150
110100014385023,25,里二泗村北口,000000058226150
110100014385024,26,里二泗村,000000058226150
110100014385025,27,姚辛庄北口,000000058226150
110100014385026,28,姚辛庄南口,000000058226150
110100014385027,29,沙古堆村西,000000058226150
110100014385028,30,沙古堆村,000000058226150
110100014385029,31,供给店村,000000058226150
110100014385030,32,通州小辛庄村,000000058226150
110100014385031,33,任辛庄村,000000058226150
110100014385032,34,杜柳棵村,000000058226150
110100014385033,35,望君疃村,000000058226150
110100014385034,36,武辛庄村,000000058226150
110100014385035,37,西集,000000058226150
110100014385036,38,林屯村,000000058226150
110100014385037,39,大灰店村,000000058226150
110100014385038,40,杜店村,000000058226150
110100014385064,41,牛牧屯桥东,000000058226150
110100014385065,42,青海城小区,000000058226150
110100014385066,43,郭辛庄西口,000000058226150
110100014385067,44,香河汽配城,000000058226150
110100014385068,45,香河文化艺术中心,000000058226150
110100014385069,46,香河新城广场,000000058226150
110100014385070,47,香河新华大街西口,000000058226150
110100014385063,48,香河三中,000000058226150
110100014385071,49,香河文化广场西,000000058226150
110100014385072,50,香河文化广场,000000058226150
110100014385073,51,香河白庙村南口,000000058226150
110100014385062,52,香河总站,000000058226150
