stationId,stopNumber,stopName,lineId
110100015768061,1,大北窑南,000000058349580
110100015768062,2,大北窑东,000000058349580
110100015768063,3,郎家园,000000058349580
110100015768085,4,景辉街东口,000000058349580
110100015768065,5,红庙路口北,000000058349580
110100015768066,6,金台路口南,000000058349580
110100015768067,7,甜水园北里,000000058349580
110100015768068,8,甜水园街北口,000000058349580
110100015768069,9,景园,000000058349580
110100015768070,10,朝阳公园西门,000000058349580
110100015768088,11,枣营,000000058349580
110100015768086,12,枣营北站,000000058349580
110100015768073,13,安家楼,000000058349580
110100015768074,14,朝阳公园北门,000000058349580
110100015768075,15,东风北桥东,000000058349580
110100015768076,16,酒仙桥商场,000000058349580
110100015768077,17,酒仙桥中心小学,000000058349580
110100015768078,18,酒仙桥,000000058349580
110100015768083,19,将台路口北,000000058349580
110100015768084,20,陈各庄,000000058349580
110100015768079,21,万红西街,000000058349580
110100015768014,22,地铁望京南站,000000058349580
110100015768015,23,望花路东里,000000058349580
110100015768016,24,地铁阜通站,000000058349580
110100015768080,25,望京西园四区,000000058349580
110100015768081,26,望京街西口,000000058349580
110100015768019,27,宏昌路,000000058349580
110100015768020,28,望京花园西区,000000058349580
110100015768021,29,利泽西街东口,000000058349580
110100015768022,30,东湖,000000058349580
