stationId,stopNumber,stopName,lineId
110100015571001,1,海淀五路居,000000058659940
110100015571002,2,恩济西街,000000058659940
110100015571003,3,恩济西街南站,000000058659940
110100015571004,4,定慧寺东,000000058659940
110100015571005,5,西钓鱼台,000000058659940
110100015571006,6,航天桥西,000000058659940
110100015571007,7,航天桥东,000000058659940
110100015571008,8,马神庙,000000058659940
110100015571009,9,白堆子口西,000000058659940
110100015571010,10,白堆子口东,000000058659940
110100015571011,11,甘家口东,000000058659940
110100015571012,12,阜外西口,000000058659940
110100015571013,13,展览路,000000058659940
110100015571014,14,阜成门外,000000058659940
110100015571040,15,阜成门,000000058659940
110100015571015,16,阜成门内,000000058659940
110100015571016,17,白塔寺东,000000058659940
110100015571044,18,西四路口东,000000058659940
110100015571018,19,西安门,000000058659940
110100015571019,20,北海,000000058659940
110100015571020,21,神武门,000000058659940
110100015571021,22,沙滩路口西,000000058659940
110100015571022,23,美术馆,000000058659940
110100015571041,24,美术馆东,000000058659940
110100015571023,25,东四路口东,000000058659940
110100015571024,26,朝内小街,000000058659940
110100015571025,27,朝阳门内,000000058659940
110100015571026,28,朝阳门外,000000058659940
110100015571027,29,神路街,000000058659940
110100015571028,30,东大桥路口东,000000058659940
110100015571029,31,关东店,000000058659940
110100015571030,32,呼家楼西,000000058659940
110100015571042,33,呼家楼东,000000058659940
110100015571031,34,小庄路口东,000000058659940
110100015571032,35,红庙路口西,000000058659940
110100015571043,36,红庙路口东,000000058659940
110100015571033,37,英家坟,000000058659940
110100015571034,38,慈云寺,000000058659940
110100015571035,39,东八里庄,000000058659940
110100015571036,40,十里堡,000000058659940
110100015571037,41,甘露园西,000000058659940
110100015571038,42,甘露园,000000058659940
110100015571039,43,甘露园北,000000058659940
110100015571046,44,青年路口南,000000058659940
110100015571047,45,青年路口北,000000058659940
110100015571048,46,姚家园村,000000058659940
110100015571049,47,国美第一城小区,000000058659940
110100015571050,48,姚家园南,000000058659940
110100015571051,49,姚家园北,000000058659940
110100015571052,50,姚家园西里,000000058659940
110100015571053,51,姚家园北一路,000000058659940
110100015571045,52,北京朝阳站,000000058659940
