stationId,stopNumber,stopName,lineId
110100013565036,1,和平东桥,000000058429541
110100013565037,2,和平西桥,000000058429541
110100013565038,3,安贞桥东,000000058429541
110100013565039,4,安贞桥西,000000058429541
110100013565040,5,安华桥西,000000058429541
110100013565042,6,清河小营桥南,000000058429541
110100013565018,7,清河小营桥西,000000058429541
110100013565019,8,清河大楼,000000058429541
110100013565020,9,上地桥东,000000058429541
110100013565021,10,上地三街东口,000000058429541
110100013565022,11,上地三街西口,000000058429541
110100013565023,12,菊园东站,000000058429541
110100013565024,13,菊园,000000058429541
110100013565025,14,马连洼,000000058429541
110100013565026,15,马连洼西站,000000058429541
110100013565027,16,百旺家苑,000000058429541
110100013565028,17,百望山森林公园,000000058429541
110100013565029,18,西北旺,000000058429541
110100013565030,19,回民公墓,000000058429541
110100013565031,20,亮甲店,000000058429541
110100013565032,21,亮甲店西站,000000058429541
110100013565033,22,冷泉村,000000058429541
110100013565035,23,龙泉驾校,000000058429541
110100013565045,24,龙泉检测场,000000058429541
110100013565046,25,冷泉公交场站,000000058429541
