stationId,stopNumber,stopName,lineId
110100014634002,1,房山口头村,000011574150950
110100014634003,2,坨里西站,000011574150950
110100014634004,3,坨里村口,000011574150950
110100014634005,4,房山沙窝,000011574150950
110100014634006,5,大苑上村,000011574150950
110100014634007,6,大苑上南站,000011574150950
110100014634008,7,原子能研究院,000011574150950
110100014634009,8,北坊村,000011574150950
110100014634010,9,建原路,000011574150950
110100014634011,10,房山公主坟南站,000011574150950
110100014634012,11,房山公主坟北站,000011574150950
110100014634013,12,西庄户南站,000011574150950
110100014634014,13,西庄户北站,000011574150950
110100014634055,14,西庄户,000011574150950
110100014634015,15,西庄户路口,000011574150950
110100014634016,16,小马村,000011574150950
110100014634017,17,大马村,000011574150950
110100014634018,18,南上岗路口,000011574150950
110100014634019,19,房山张庄,000011574150950
110100014634020,20,小紫草坞路口,000011574150950
110100014634021,21,后沿村,000011574150950
110100014634022,22,前沿村,000011574150950
110100014634050,23,阎村路口,000011574150950
110100014634023,24,阎村,000011574150950
110100014634024,25,炒米店路口,000011574150950
110100014634025,26,阎村桥,000011574150950
110100014634048,27,蓝光海悦城小区,000011574150950
110100014634051,28,良乡西路,000011574150950
110100014634028,29,苏庄东街北口,000011574150950
110100014634049,30,良乡西门,000011574150950
110100014634030,31,西潞南大街,000011574150950
110100014634031,32,地铁良乡南关站西,000011574150950
110100014634032,33,良乡经济开发区东门,000011574150950
110100014634033,34,良乡大南关村,000011574150950
110100014634034,35,良乡机动车检测场,000011574150950
110100014634035,36,富庄,000011574150950
110100014634036,37,黑古台北,000011574150950
110100014634037,38,黑古台,000011574150950
110100014634038,39,房山白房子,000011574150950
110100014634039,40,房山小营路口,000011574150950
110100014634040,41,邢家坞路口,000011574150950
110100014634054,42,官道,000011574150950
110100014634042,43,邢家坞东站,000011574150950
110100014634043,44,邢家坞西站,000011574150950
110100014634053,45,刘丈村东,000011574150950
110100014634045,46,刘丈村,000011574150950
