stationId,stopNumber,stopName,lineId
110100016244002,1,房山汽车站,000011574150771
110100016244003,2,房山医院路口,000011574150771
110100016244004,3,房山体育场,000011574150771
110100016244005,4,地铁房山城关站,000011574150771
110100016244006,5,房山北关,000011574150771
110100016244007,6,富燕新村,000011574150771
110100016244008,7,宏塔小区,000011574150771
110100016244101,8,燕山体育馆,000011574150771
110100016244010,9,燕山北庄,000011574150771
110100016244011,10,燕化聚酯厂,000011574150771
110100016244012,11,燕化动力厂北,000011574150771
110100016244013,12,前朱各庄,000011574150771
110100016244014,13,后朱各庄,000011574150771
110100016244095,14,燕山工业区南站,000011574150771
110100016244120,15,后朱各庄村北,000011574150771
110100016244121,16,东流水村东,000011574150771
110100016244015,17,东流水,000011574150771
110100016244122,18,东流水北,000011574150771
110100016244102,19,燕山东风,000011574150771
110100016244017,20,燕山羊耳峪,000011574150771
110100016244018,21,燕山东岭,000011574150771
110100016244019,22,南观路口,000011574150771
110100016244020,23,房山矿家属区南,000011574150771
110100016244021,24,房山矿家属区北,000011574150771
110100016244022,25,万佛堂,000011574150771
110100016244106,26,万佛堂路口,000011574150771
110100016244123,27,磁家务,000011574150771
110100016244124,28,磁家务北站,000011574150771
110100016244118,29,河北镇半壁店村口,000011574150771
110100016244119,30,河北镇半壁店,000011574150771
110100016244027,31,石花洞路口,000011574150771
110100016244028,32,三福村路口,000011574150771
110100016244029,33,三福村,000011574150771
110100016244125,34,三福村西,000011574150771
110100016244030,35,河东村,000011574150771
110100016244108,36,东庄子南,000011574150771
110100016244031,37,东庄子,000011574150771
110100016244109,38,河北法庭,000011574150771
110100016244032,39,李各庄,000011574150771
110100016244033,40,河北镇邮局,000011574150771
110100016244110,41,房山河南村口,000011574150771
110100016244034,42,河北镇辛庄,000011574150771
110100016244111,43,辛庄检查站,000011574150771
110100016244112,44,陈家台东,000011574150771
110100016244035,45,陈家台,000011574150771
110100016244036,46,班各庄,000011574150771
110100016244037,47,佛子庄乡政府,000011574150771
110100016244038,48,黑龙关,000011574150771
110100016244039,49,佛子庄乡南河,000011574150771
110100016244113,50,银狐洞路口,000011574150771
110100016244126,51,佛子庄桥,000011574150771
110100016244114,52,佛子庄西口,000011574150771
110100016244042,53,西大地,000011574150771
110100016244104,54,红煤厂公交场站,000011574150771
110100016244043,55,南窖路口,000011574150771
110100016244044,56,红煤厂路口,000011574150771
110100016244115,57,长操桥,000011574150771
110100016244045,58,长操,000011574150771
110100016244046,59,长操北,000011574150771
110100016244047,60,房山二道河,000011574150771
110100016244048,61,房山四道河,000011574150771
110100016244049,62,房山五道河,000011574150771
110100016244050,63,山川,000011574150771
110100016244051,64,大港,000011574150771
110100016244052,65,房山石板房路口,000011574150771
110100016244127,66,六马堂桥南,000011574150771
110100016244053,67,贾峪口东,000011574150771
110100016244054,68,贾峪口,000011574150771
110100016244128,69,佛子庄乡土洞,000011574150771
110100016244055,70,沙湖,000011574150771
110100016244056,71,沙湖南,000011574150771
110100016244057,72,下石堡北,000011574150771
110100016244058,73,下石堡,000011574150771
110100016244059,74,中石堡,000011574150771
110100016244060,75,立台岭,000011574150771
110100016244061,76,上石堡,000011574150771
110100016244129,77,上石堡南,000011574150771
110100016244130,78,凉水泉东,000011574150771
110100016244062,79,凉水泉,000011574150771
110100016244090,80,凉水泉路口,000011574150771
110100016244131,81,下河村口,000011574150771
110100016244064,82,下河,000011574150771
110100016244065,83,霞云岭小学,000011574150771
110100016244066,84,霞云岭,000011574150771
110100016244132,85,霞云岭敬老院,000011574150771
110100016244067,86,四合南站,000011574150771
110100016244068,87,四合北站,000011574150771
110100016244069,88,郑家台东,000011574150771
110100016244070,89,郑家台西,000011574150771
110100016244072,90,石板台,000011574150771
110100016244091,91,石板台西,000011574150771
110100016244073,92,三江堰,000011574150771
110100016244133,93,王家台东,000011574150771
110100016244074,94,王家台,000011574150771
110100016244075,95,任家台,000011574150771
110100016244116,96,柳树沟桥,000011574150771
110100016244076,97,南直河,000011574150771
110100016244077,98,台港沟路口,000011574150771
110100016244078,99,鱼骨寺路口,000011574150771
110100016244079,100,庄户台,000011574150771
110100016244080,101,庄户台西,000011574150771
110100016244081,102,何家台,000011574150771
110100016244082,103,龙门台路口,000011574150771
110100016244083,104,大地港,000011574150771
110100016244084,105,大地港北,000011574150771
110100016244085,106,堂上南站,000011574150771
110100016244092,107,堂上村,000011574150771
110100016244134,108,高家路口,000011574150771
110100016244117,109,堂上七队大桥,000011574150771
110100016244093,110,罗家路口,000011574150771
110100016244094,111,堂上村北,000011574150771
