stationId,stopNumber,stopName,lineId
110100013416002,1,东直门枢纽站,000000058392810
110100013416003,2,春秀路,000000058392810
110100013416030,3,塔园村,000000058392810
110100013416004,4,新源里,000000058392810
110100013416005,5,左家庄,000000058392810
110100013416006,6,左家庄东街,000000058392810
110100013416007,7,左家庄北里,000000058392810
110100013416008,8,静安庄,000000058392810
110100013416009,9,西坝河东里,000000058392810
110100013416010,10,地铁太阳宫站,000000058392810
110100013416011,11,太阳宫公园,000000058392810
110100013416012,12,望京桥南,000000058392810
110100013416013,13,望京桥北,000000058392810
110100013416014,14,阜通西大街西口,000000058392810
110100013416015,15,花家地南街,000000058392810
110100013416016,16,望花路西口,000000058392810
110100013416027,17,望花路,000000058392810
110100013416028,18,地铁阜通站,000000058392810
110100013416031,19,望京西园四区,000000058392810
110100013416032,20,望京街西口,000000058392810
110100013416033,21,望京西园三区北门,000000058392810
110100013416034,22,望京东园,000000058392810
110100013416035,23,望京花园东区,000000058392810
110100013416036,24,望京花园东区北门,000000058392810
110100013416037,25,望京花园西区北门,000000058392810
110100013416038,26,利泽西街东口,000000058392810
110100013416039,27,东湖,000000058392810
