stationId,stopNumber,stopName,lineId
110100013918002,1,天通苑北枢纽站,000003095816270
110100013918003,2,东三旗,000003095816270
110100013918022,3,平西王府路口东,000003095816270
110100013918023,4,名佳花园,000003095816270
110100013918043,5,名佳四区,000003095816270
110100013918024,6,名流花园兰苑,000003095816270
110100013918025,7,名流花园菊苑,000003095816270
110100013918026,8,海鶄落村委会,000003095816270
110100013918027,9,海鶄落,000003095816270
110100013918028,10,海鶄落东站,000003095816270
110100013918029,11,七北南路西口,000003095816270
110100013918030,12,北七家东路南口,000003095816270
110100013918031,13,岭上村,000003095816270
110100013918034,14,沟自头村,000003095816270
110100013918035,15,沟自头村东站,000003095816270
110100013918042,16,岭上北街东口,000003095816270
110100013918032,17,英才南三街,000003095816270
110100013918036,18,鲁疃嘉园西,000003095816270
110100013918037,19,未来科学城东路桥南,000003095816270
110100013918038,20,未来科学城东路桥北,000003095816270
110100013918039,21,英才北一街,000003095816270
110100013918045,22,地铁未来科学城北站,000003095816270
110100013918046,23,英才北二街,000003095816270
110100013918040,24,未来科学城路北口,000003095816270
110100013918033,25,未来科学城北公交场站,000003095816270
