stationId,stopNumber,stopName,lineId
110100015851002,1,北京站东,000001889057920
110100015851003,2,日坛路,000001889057920
110100015851004,3,永安里路口北,000001889057920
110100015851005,4,光华路口东,000001889057920
110100015851006,5,光华桥西,000001889057920
110100015851007,6,针织路口东,000001889057920
110100015851008,7,光华路东口,000001889057920
110100015851009,8,红庙路口东,000001889057920
110100015851010,9,慈云寺,000001889057920
110100015851011,10,东八里庄,000001889057920
110100015851012,11,十里堡,000001889057920
110100015851013,12,甘露园西,000001889057920
110100015851014,13,甘露园,000001889057920
110100015851015,14,朝阳路太平庄,000001889057920
110100015851016,15,民航总医院,000001889057920
110100015851017,16,朝阳路高井,000001889057920
110100015851018,17,大黄庄桥东,000001889057920
110100015851019,18,定福庄,000001889057920
110100015851020,19,第二外国语学院,000001889057920
110100015851021,20,朝阳路三间房,000001889057920
110100015851022,21,周家井,000001889057920
110100015851023,22,管庄路口北,000001889057920
110100015851024,23,科技大学管庄校区,000001889057920
110100015851025,24,常营路口南,000001889057920
110100015851026,25,常营路口东,000001889057920
110100015851057,26,地铁常营站,000001889057920
110100015851040,27,高安屯路南口,000001889057920
110100015851041,28,东十里堡村,000001889057920
110100015851042,29,地铁草房站,000001889057920
110100015851046,30,五里桥路口北,000001889057920
110100015851047,31,五里桥,000001889057920
110100015851048,32,高安屯,000001889057920
110100015851049,33,马各庄东,000001889057920
110100015851050,34,焦沙路口南,000001889057920
110100015851051,35,楼梓庄马家沟,000001889057920
110100015851052,36,楼梓庄南站,000001889057920
110100015851053,37,楼梓庄路口南,000001889057920
110100015851054,38,楼梓庄路口东,000001889057920
110100015851055,39,曹各庄,000001889057920
110100015851036,40,海洼子,000001889057920
110100015851037,41,皮村西口,000001889057920
110100015851038,42,朝阳农场,000001889057920
110100015851039,43,黎各庄,000001889057920
