stationId,stopNumber,stopName,lineId
110100015683026,1,北京站东,000008278867530
110100015683027,2,北京站前街,000008278867530
110100015683028,3,北京站口东,000008278867530
110100015683007,4,日坛路,000008278867530
110100015683038,5,永安里路口西,000008278867530
110100015683008,6,永安里路口北,000008278867530
110100015683009,7,芳草地南,000008278867530
110100015683010,8,芳草地,000008278867530
110100015683011,9,东大桥路口东,000008278867530
110100015683012,10,东大桥东站,000008278867530
110100015683013,11,呼家楼北街小区,000008278867530
110100015683014,12,水碓子,000008278867530
110100015683029,13,金台路口西,000008278867530
110100015683015,14,金台路口东,000008278867530
110100015683016,15,延静里,000008278867530
110100015683017,16,红领巾公园,000008278867530
110100015683018,17,八里庄南里,000008278867530
110100015683019,18,十里堡北里,000008278867530
110100015683020,19,青年路口西,000008278867530
110100015683021,20,青年路小区,000008278867530
110100015683030,21,四季星河南街,000008278867530
110100015683031,22,亮马厂西口,000008278867530
110100015683032,23,黄杉木店路,000008278867530
110100015683033,24,黄杉木店路北口,000008278867530
110100015683034,25,平房,000008278867530
110100015683035,26,平房东口,000008278867530
110100015683036,27,石各庄西,000008278867530
110100015683037,28,石各庄,000008278867530
