stationId,stopNumber,stopName,lineId
110100016259140,1,刘平庄,000011574150701
110100016259141,2,刘平庄北,000011574150701
110100016259142,3,刘平庄路口,000011574150701
110100016259143,4,房山丁各庄,000011574150701
110100016259144,5,房山丁各庄南站,000011574150701
110100016259145,6,庄头北,000011574150701
110100016259146,7,庄头路口,000011574150701
110100016259147,8,庄头西,000011574150701
110100016259148,9,立教东站,000011574150701
110100016259149,10,立教,000011574150701
110100016259150,11,立教北站,000011574150701
110100016259063,12,立教西站,000011574150701
110100016259015,13,齐家坟,000011574150701
110100016259016,14,西周燕都遗址,000011574150701
110100016259017,15,房山白草洼,000011574150701
110100016259154,16,窦店公交场站,000011574150701
110100016259155,17,窦店村南,000011574150701
110100016259156,18,窦店村,000011574150701
110100016259087,19,窦店镇政府,000011574150701
110100016259022,20,田家园小区,000011574150701
110100016259023,21,世界名园小区,000011574150701
110100016259152,22,望楚,000011574150701
110100016259153,23,望楚村,000011574150701
110100016259151,24,望楚北站,000011574150701
110100016259169,25,七里店,000011574150701
110100016259031,26,小十三里,000011574150701
110100016259068,27,小十三里北口,000011574150701
110100016259033,28,大十三里,000011574150701
110100016259069,29,大十三里北,000011574150701
110100016259070,30,房山肖庄南站,000011574150701
110100016259036,31,房山肖庄,000011574150701
110100016259138,32,良乡机动车检测场,000011574150701
110100016259139,33,良乡大南关村,000011574150701
110100016259133,34,良乡经济开发区东门,000011574150701
110100016259134,35,地铁良乡南关站西,000011574150701
110100016259132,36,地铁良乡南关站,000011574150701
110100016259158,37,地铁良乡南关站东,000011574150701
110100016259159,38,拱辰南大街,000011574150701
110100016259160,39,良乡大角,000011574150701
110100016259161,40,良乡西门,000011574150701
110100016259162,41,苏庄东街北口,000011574150701
110100016259163,42,良乡西路,000011574150701
110100016259164,43,蝶翠苑路口,000011574150701
110100016259165,44,蓝光海悦城小区,000011574150701
110100016259166,45,首发物流,000011574150701
