stationId,stopNumber,stopName,lineId
900000029126013,1,方庄东路南口,000000058614191
900000029126001,2,方庄东路,000000058614191
900000029126002,3,紫芳路,000000058614191
900000029126003,4,群星路东口,000000058614191
900000029126004,5,芳星园南,000000058614191
900000029126014,6,群星路,000000058614191
900000029126006,7,群星路西口,000000058614191
900000029126007,8,蒲方路西口,000000058614191
900000029126008,9,方庄环岛西,000000058614191
900000029126009,10,芳城园,000000058614191
900000029126010,11,八里河,000000058614191
900000029126011,12,紫芳路,000000058614191
900000029126012,13,方庄东路,000000058614191
900000029126015,14,方庄东路南口,000000058614191
