stationId,stopNumber,stopName,lineId
110100013274002,1,大北窑南,000000058598440
110100013274003,2,双花园,000000058598440
110100013274004,3,双井桥东,000000058598440
110100013274005,4,九龙花园,000000058598440
110100013274006,5,八棵杨北街,000000058598440
110100013274007,6,百环家园小区,000000058598440
110100013274008,7,武圣北路,000000058598440
110100013274009,8,农光东里,000000058598440
110100013274010,9,武圣东里,000000058598440
110100013274011,10,松榆北路,000000058598440
110100013274012,11,松榆北路东口,000000058598440
110100013274013,12,松榆东里东门,000000058598440
110100013274015,13,南新园,000000058598440
110100013274016,14,弘燕路小区,000000058598440
110100013274017,15,弘燕公交场站,000000058598440
