stationId,stopNumber,stopName,lineId
900000110057001,1,杨秀店,000000000023081
900000110057004,2,金桥产业园区,000000000023081
900000110057030,3,周营北口,000000000023081
900000110057005,4,小张湾,000000000023081
900000110057033,5,张村,000000000023081
900000110057027,6,小古二路西口,000000000023081
900000110057007,7,合生世界村,000000000023081
900000110057008,8,小白村,000000000023081
900000110057032,9,温馨家园北区,000000000023081
900000110057010,10,晶彩小区,000000000023081
900000110057011,11,通州姚村,000000000023081
900000110057012,12,马驹桥二号桥,000000000023081
900000110057021,13,马驹桥,000000000023081
900000110057013,14,兴华南街东口,000000000023081
900000110057034,15,兴华嘉园,000000000023081
900000110057014,16,兴华南街,000000000023081
900000110057015,17,通州第二医院,000000000023081
900000110057028,18,凉水河桥南,000000000023081
900000110057018,19,永昌南路南站,000000000023081
900000110057019,20,地铁同济南路站,000000000023081
900000110057035,21,同济南路南站,000000000023081
900000110057025,22,国际艺术学校,000000000023081
900000110057026,23,同济南路,000000000023081
900000110057022,24,同济南路北口,000000000023081
