stationId,stopNumber,stopName,lineId
110100013750002,1,环行铁道,000000058337691
110100013750003,2,北京电机总厂,000000058337691
110100013750004,3,大山子路口东,000000058337691
110100013750005,4,西八间房,000000058337691
110100013750006,5,京密路丽都饭店,000000058337691
110100013750007,6,四元桥东,000000058337691
110100013750008,7,四元桥西,000000058337691
110100013750009,8,三元桥东站,000000058337691
110100013750010,9,三元桥南,000000058337691
110100013750011,10,三元东桥西,000000058337691
110100013750024,11,新源街,000000058337691
110100013750025,12,新源南路西口,000000058337691
110100013750026,13,塔园村,000000058337691
110100013750015,14,幸福三村,000000058337691
110100013750016,15,工人体育场,000000058337691
110100013750017,16,朝阳医院,000000058337691
110100013750018,17,东大桥路口北,000000058337691
110100013750027,18,东大桥路口南,000000058337691
110100013750023,19,芳草地,000000058337691
110100013750019,20,芳草地南,000000058337691
110100013750020,21,永安里路口北,000000058337691
110100013750021,22,日坛路,000000058337691
110100013750022,23,北京站东街,000000058337691
