stationId,stopNumber,stopName,lineId
110100014009002,1,开发区交通服务中心,000000058504491
110100014009003,2,宏达中路南站,000000058504491
110100014009004,3,运成街,000000058504491
110100014009005,4,同济中路南站,000000058504491
110100014009006,5,隆盛产业园,000000058504491
110100014009007,6,同济南路,000000058504491
110100014009008,7,同济南路南站,000000058504491
110100014009009,8,地铁同济南路站,000000058504491
110100014009010,9,永昌南路南站,000000058504491
110100014009011,10,凉水河桥南,000000058504491
110100014009012,11,通州第二医院,000000058504491
110100014009020,12,兴华中街,000000058504491
110100014009013,13,马驹桥商业街,000000058504491
110100014009014,14,马驹桥,000000058504491
110100014009015,15,马驹桥二号桥,000000058504491
110100014009016,16,通州姚村,000000058504491
110100014009021,17,温馨家园,000000058504491
110100014009017,18,晶彩小区,000000058504491
