stationId,stopNumber,stopName,lineId
110100012207175,1,黄村东大街东口,000000000022470
110100012207173,2,大兴桥东,000000000022470
110100012207156,3,海子角北口,000000000022470
110100012207144,4,刘村,000000000022470
110100012207145,5,孙村桥,000000000022470
110100012207146,6,磁各庄桥,000000000022470
110100012207147,7,大兴三间房,000000000022470
110100012207148,8,东赵村,000000000022470
110100012207170,9,南大红门桥,000000000022470
110100012207158,10,凉水河桥北,000000000022470
110100012207151,11,北门口村桥北,000000000022470
110100012207159,12,经海三路南口,000000000022470
110100012207160,13,地铁经海路站,000000000022470
110100012207073,14,定海园东,000000000022470
110100012207178,15,通马路口,000000000022470
110100012207161,16,敬园小区,000000000022470
110100012207152,17,玉江佳园,000000000022470
110100012207171,18,次渠,000000000022470
110100012207136,19,次渠中学站,000000000022470
110100012207180,20,北京国际图书城,000000000022470
110100012207179,21,万盛南街西口,000000000022470
110100012207062,22,大稿新村,000000000022470
110100012207098,23,小稿村西口,000000000022470
110100012207166,24,旗舰凯旋小区,000000000022470
110100012207116,25,西小马,000000000022470
110100012207101,26,翠屏南里,000000000022470
110100012207117,27,蓝调沙龙小区,000000000022470
110100012207105,28,果园西,000000000022470
110100012207106,29,日光清城,000000000022470
110100012207177,30,通州北苑路口南,000000000022470
