stationId,stopNumber,stopName,lineId
110100015949030,1,延庆火车站北广场,000007275833011
110100015949031,2,司家营,000007275833011
110100015949003,3,延庆南菜园,000007275833011
110100015949004,4,延庆东关,000007275833011
110100015949005,5,川北小区南门,000007275833011
110100015949006,6,石河营,000007275833011
110100015949007,7,京张路口东,000007275833011
110100015949028,8,延庆东桥东,000007275833011
110100015949008,9,延庆八中,000007275833011
110100015949009,10,八里店,000007275833011
110100015949010,11,八里店东口,000007275833011
110100015949027,12,新合营,000007275833011
110100015949011,13,沈家营镇政府,000007275833011
110100015949012,14,沈家营,000007275833011
110100015949013,15,连家营,000007275833011
110100015949014,16,魏家营,000007275833011
110100015949015,17,兴安堡路口,000007275833011
110100015949016,18,北老君堂路口,000007275833011
110100015949017,19,香村营西站,000007275833011
110100015949018,20,香村营,000007275833011
110100015949019,21,西小庄科,000007275833011
110100015949020,22,吴坊营,000007275833011
110100015949021,23,吴坊营东站,000007275833011
110100015949029,24,吴坊营村东,000007275833011
110100015949022,25,新华营西,000007275833011
110100015949023,26,新华营,000007275833011
110100015949024,27,三里墩,000007275833011
110100015949025,28,永宁西关,000007275833011
110100015949026,29,永宁公交场站,000007275833011
