stationId,stopNumber,stopName,lineId
110100016125002,1,九华山庄,000000058467761
110100016125003,2,大柳树路口南,000000058467761
110100016125004,3,小汤山马坊,000000058467761
110100016125005,4,北京太阳城,000000058467761
110100016125049,5,老年社区,000000058467761
110100016125006,6,东沙各庄,000000058467761
110100016125007,7,平坊,000000058467761
110100016125008,8,平西王府路口南,000000058467761
110100016125009,9,东三旗,000000058467761
110100016125048,10,地铁天通苑北站南,000000058467761
110100016125045,11,地铁天通苑站,000000058467761
110100016125011,12,天通苑太平庄,000000058467761
110100016125012,13,地铁天通苑南站,000000058467761
110100016125013,14,天通西苑南,000000058467761
110100016125014,15,东小口,000000058467761
110100016125015,16,地铁立水桥站,000000058467761
110100016125046,17,立水桥北站,000000058467761
