stationId,stopNumber,stopName,lineId
110100011822002,1,汤河口,000004341214781
110100011822020,2,汤河口十字街,000004341214781
110100011822021,3,汤河口镇政府,000004341214781
110100011822005,4,古石沟门,000004341214781
110100011822006,5,东黄梁,000004341214781
110100011822019,6,三道沟门,000004341214781
110100011822007,7,兰营,000004341214781
110100011822008,8,王四沟门,000004341214781
110100011822009,9,老西沟门,000004341214781
110100011822010,10,长哨营,000004341214781
110100011822011,11,遥岭,000004341214781
110100011822012,12,榆树湾,000004341214781
110100011822022,13,古洞沟路口,000004341214781
110100011822017,14,北湾子路口(临时站),000004341214781
110100011822035,15,七道梁,000004341214781
110100011822026,16,北湾子,000004341214781
110100011822027,17,七道梁下窝铺,000004341214781
110100011822036,18,北干沟,000004341214781
