stationId,stopNumber,stopName,lineId
110100011352012,1,德露苑公交场站,000011641772781
110100011352013,2,倚山嘉园,000011641772781
110100011352014,3,滨河西区,000011641772781
110100011352015,4,龙泉花园,000011641772781
110100011352016,5,永定楼南,000011641772781
110100011352017,6,绿岛家园,000011641772781
110100011352002,7,河滩,000011641772781
110100011352018,8,小黑山,000011641772781
110100011352035,9,龙门一区,000011641772781
110100011352036,10,龙门二区,000011641772781
110100011352037,11,增北路南口,000011641772781
110100011352038,12,和平街东口,000011641772781
110100011352039,13,和平西街东口,000011641772781
110100011352040,14,龙山街,000011641772781
110100011352041,15,龙门三区,000011641772781
110100011352042,16,龙泉小学,000011641772781
110100011352043,17,龙门二区,000011641772781
110100011352044,18,龙门一区,000011641772781
110100011352029,19,中门寺街,000011641772781
110100011352030,20,惠民家园,000011641772781
110100011352003,21,黑山大街,000011641772781
110100011352004,22,大峪南路小区,000011641772781
110100011352005,23,大峪,000011641772781
110100011352006,24,京煤集团,000011641772781
110100011352007,25,新桥南街,000011641772781
110100011352008,26,月季园小区,000011641772781
110100011352009,27,葡萄嘴,000011641772781
110100011352010,28,惠康嘉园北口,000011641772781
110100011352032,29,永安小区路口南,000011641772781
110100011352031,30,大峪中学,000011641772781
110100011352011,31,德露苑公交场站,000011641772781
