stationId,stopNumber,stopName,lineId
900000123769019,1,隆恩寺北,000010522051141
900000123769001,2,隆恩寺,000010522051141
900000123769002,3,隆恩寺路,000010522051141
900000123769003,4,隆恩寺路南口,000010522051141
900000123769018,5,五里坨西街北口,000010522051141
900000123769004,6,五里坨西街,000010522051141
900000123769014,7,石门南路,000010522051141
900000123769013,8,五里坨东街,000010522051141
900000123769005,9,黑石头,000010522051141
900000123769006,10,石景山高井,000010522051141
900000123769007,11,高井路口西,000010522051141
900000123769008,12,高井路口南,000010522051141
900000123769009,13,电厂路,000010522051141
900000123769010,14,麻峪站,000010522051141
900000123769016,15,石景山火车站,000010522051141
900000123769011,16,广宁村,000010522051141
900000123769015,17,首钢小西门,000010522051141
900000123769017,18,铸造村,000010522051141
900000123769012,19,金安桥东,000010522051141
