stationId,stopNumber,stopName,lineId
110100011940005,1,延庆火车站北广场,000000058699171
110100011940006,2,司家营,000000058699171
110100011940007,3,延庆南菜园,000000058699171
110100011940008,4,延庆东关,000000058699171
110100011940009,5,川北小区南门,000000058699171
110100011940010,6,石河营,000000058699171
110100011940034,7,京张路口南,000000058699171
110100011940035,8,日上批发市场,000000058699171
110100011940013,9,延庆莲花池,000000058699171
110100011940032,10,延庆莲花池东,000000058699171
110100011940037,11,临河南,000000058699171
110100011940038,12,杨户庄村北,000000058699171
110100011940018,13,杨户庄村南,000000058699171
110100011940019,14,下辛庄,000000058699171
110100011940020,15,上辛庄,000000058699171
110100011940021,16,王仲营,000000058699171
110100011940022,17,东红山,000000058699171
110100011940023,18,张伍堡,000000058699171
110100011940024,19,二道河路口,000000058699171
110100011940025,20,西二道河,000000058699171
110100011940026,21,老银庄北口,000000058699171
110100011940027,22,老银庄,000000058699171
110100011940028,23,冯家庙,000000058699171
110100011940036,24,莲花滩北,000000058699171
110100011940030,25,莲花滩,000000058699171
