stationId,stopNumber,stopName,lineId
110100013756049,1,马连店,000000058339661
110100013756045,2,马连店村,000000058339661
110100013756035,3,马连店南口,000000058339661
110100013756036,4,龙禧苑二区西门,000000058339661
110100013756037,5,北店嘉园,000000058339661
110100013756038,6,龙禧苑三区路口西,000000058339661
110100013756002,7,回龙观公交场站,000000058339661
110100013756046,8,风雅园北,000000058339661
110100013756047,9,三合庄园,000000058339661
110100013756005,10,龙华园北,000000058339661
110100013756006,11,北郊农场桥东,000000058339661
110100013756007,12,北郊农场桥,000000058339661
110100013756008,13,京昌路回龙观,000000058339661
110100013756039,14,西三旗桥南,000000058339661
110100013756040,15,四拨子,000000058339661
110100013756041,16,清河小营桥南,000000058339661
110100013756042,17,亚运村,000000058339661
110100013756043,18,安慧桥东,000000058339661
110100013756044,19,惠新东桥西,000000058339661
