stationId,stopNumber,stopName,lineId
110100015269044,1,地铁龙泽站,000000058475630
110100015269045,2,北郊农场桥南,000000058475630
110100015269046,3,北郊农场桥东,000000058475630
110100015269017,4,龙华园北,000000058475630
110100015269018,5,三合庄园,000000058475630
110100015269052,6,天露园东站,000000058475630
110100015269053,7,天露园小区,000000058475630
110100015269054,8,佰嘉城小区东门,000000058475630
110100015269055,9,天露园北站,000000058475630
110100015269056,10,回南北路,000000058475630
110100015269057,11,地铁育知路站,000000058475630
110100015269058,12,育知东路北口,000000058475630
110100015269022,13,流星花园,000000058475630
110100015269023,14,马连店南口,000000058475630
110100015269034,15,龙锦苑四区,000000058475630
110100015269035,16,田园风光雅苑,000000058475630
110100015269036,17,龙锦苑二区,000000058475630
110100015269024,18,和谐家园一区西门,000000058475630
110100015269025,19,和谐家园二区西门,000000058475630
110100015269042,20,地铁回龙观东大街站,000000058475630
110100015269027,21,龙锦苑东三区西门,000000058475630
110100015269028,22,霍营,000000058475630
110100015269029,23,霍营北口,000000058475630
110100015269030,24,平西王府西,000000058475630
110100015269037,25,平西王府,000000058475630
110100015269048,26,平西王府公交场站,000000058475630
110100015269051,27,平西王府公交场站临时站,000000058475630
