stationId,stopNumber,stopName,lineId
110100015520001,1,北京南站南广场,000000058667960
110100015520002,2,四路通,000000058667960
110100015520003,3,洋桥东,000000058667960
110100015520004,4,木樨园桥西,000000058667960
110100015520005,5,木樨园桥,000000058667960
110100015520006,6,木樨园桥东,000000058667960
110100015520039,7,赵公口桥西,000000058667960
110100015520007,8,刘家窑桥西,000000058667960
110100015520008,9,刘家窑桥北,000000058667960
110100015520009,10,蒲黄榆,000000058667960
110100015520010,11,东侧路,000000058667960
110100015520011,12,天坛体育场,000000058667960
110100015520012,13,法华寺,000000058667960
110100015520013,14,红桥路口北,000000058667960
110100015520014,15,磁器口北,000000058667960
110100015520015,16,花市路口南,000000058667960
110100015520016,17,北京站西街,000000058667960
110100015520017,18,北京站西,000000058667960
110100015520018,19,北京站口东,000000058667960
110100015520019,20,日坛路,000000058667960
110100015520040,21,永安里路口西,000000058667960
110100015520041,22,永安里路口北,000000058667960
110100015520021,23,芳草地南,000000058667960
110100015520022,24,芳草地,000000058667960
110100015520023,25,东大桥路口北,000000058667960
110100015520024,26,朝阳医院,000000058667960
110100015520025,27,工人体育场,000000058667960
110100015520026,28,幸福三村,000000058667960
110100015520027,29,塔园村,000000058667960
110100015520028,30,新源里,000000058667960
110100015520029,31,左家庄,000000058667960
110100015520030,32,左家庄东街,000000058667960
110100015520031,33,左家庄东里,000000058667960
110100015520032,34,左家庄中街,000000058667960
110100015520033,35,柳芳北里,000000058667960
110100015520034,36,柳芳北街,000000058667960
110100015520035,37,地铁柳芳站,000000058667960
110100015520036,38,和平里路口北,000000058667960
110100015520037,39,和平里东街,000000058667960
110100015520038,40,和平东桥南,000000058667960
