stationId,stopNumber,stopName,lineId
110100015412041,1,周口店公交场站,000011574150981
110100015412042,2,周口店村,000011574150981
110100015412043,3,周口店路口,000011574150981
110100015412044,4,周口村路口,000011574150981
110100015412078,5,房山云峰寺路口,000011574150981
110100015412089,6,顾册西,000011574150981
110100015412045,7,顾册,000011574150981
110100015412046,8,牛口峪路口,000011574150981
110100015412047,9,房山南关立交桥南,000011574150981
110100015412048,10,房山南关,000011574150981
110100015412049,11,房山中医医院,000011574150981
110100015412050,12,房山南大街,000011574150981
110100015412051,13,房山大角南,000011574150981
110100015412052,14,仓房小区,000011574150981
110100015412053,15,房山北大街,000011574150981
110100015412054,16,万宁桥,000011574150981
110100015412055,17,富燕新村,000011574150981
110100015412075,18,宏塔小区,000011574150981
110100015412080,19,燕山体育馆,000011574150981
110100015412085,20,迎风南路东口,000011574150981
110100015412011,21,房山中医院燕山分院,000011574150981
110100015412072,22,燕山杏花西里,000011574150981
110100015412013,23,燕山邮政局,000011574150981
110100015412014,24,北京燕化医院,000011574150981
110100015412067,25,迎风商场,000011574150981
110100015412015,26,燕化设计院,000011574150981
110100015412062,27,燕山换乘中心,000011574150981
110100015412016,28,燕山影剧院,000011574150981
110100015412017,29,燕山北庄,000011574150981
110100015412018,30,燕化聚酯厂,000011574150981
110100015412019,31,燕化动力厂,000011574150981
110100015412020,32,丁家洼,000011574150981
110100015412088,33,羊头岗村,000011574150981
110100015412022,34,羊头岗,000011574150981
110100015412023,35,房山桥梁厂,000011574150981
110100015412081,36,房山焦庄村,000011574150981
110100015412090,37,房山焦庄村东,000011574150981
110100015412091,38,大董村北,000011574150981
110100015412092,39,小董村,000011574150981
110100015412093,40,大紫草坞村,000011574150981
110100015412094,41,北京理工大学分校,000011574150981
110100015412095,42,阎村,000011574150981
110100015412031,43,炒米店路口,000011574150981
110100015412068,44,阎村桥,000011574150981
110100015412032,45,苏庄西街南口,000011574150981
110100015412033,46,地铁苏庄站,000011574150981
110100015412034,47,苏庄东街南口,000011574150981
110100015412063,48,房山区政府第二办公区,000011574150981
110100015412064,49,地铁良乡南关站西,000011574150981
110100015412065,50,西潞南大街,000011574150981
110100015412077,51,良乡西门,000011574150981
110100015412036,52,良乡大角,000011574150981
110100015412037,53,良乡医院,000011574150981
110100015412073,54,良乡北关,000011574150981
110100015412084,55,良乡北关北,000011574150981
110100015412066,56,房山区政府,000011574150981
110100015412082,57,行宫小区南门,000011574150981
110100015412058,58,送变电公司路口西,000011574150981
110100015412086,59,黄辛庄路口,000011574150981
110100015412083,60,长阳碧桂园,000011574150981
