stationId,stopNumber,stopName,lineId
110100016369048,1,地铁九棵树站,000000000022610
110100016369056,2,九棵树,000000000022610
110100016369063,3,杨家洼,000000000022610
110100016369010,4,地铁梨园站,000000000022610
110100016369049,5,通州小街桥东,000000000022610
110100016369055,6,地铁临河里站,000000000022610
110100016369011,7,地铁土桥站,000000000022610
110100016369051,8,土桥村,000000000022610
110100016369064,9,土桥欣村,000000000022610
110100016369013,10,土桥新桥东,000000000022610
110100016369014,11,北许场村,000000000022610
110100016369015,12,张家湾开发区,000000000022610
110100016369016,13,张辛庄村西,000000000022610
110100016369017,14,张辛庄村,000000000022610
110100016369018,15,梁各庄村,000000000022610
110100016369059,16,武兴路口,000000000022610
110100016369057,17,大运河森林公园南门,000000000022610
110100016369060,18,大甘棠村西口,000000000022610
110100016369021,19,大甘棠村,000000000022610
110100016369022,20,武窑村北,000000000022610
110100016369065,21,小甘棠村,000000000022610
110100016369066,22,小豆各庄,000000000022610
110100016369067,23,大豆各庄,000000000022610
110100016369026,24,大豆各庄东口,000000000022610
110100016369068,25,曹坨村,000000000022610
110100016369069,26,甘棠桥西,000000000022610
110100016369070,27,大东各庄村,000000000022610
110100016369071,28,小东各庄村,000000000022610
110100016369031,29,谢家楼村,000000000022610
110100016369032,30,谢家楼村南,000000000022610
110100016369033,31,通州马坊村,000000000022610
110100016369034,32,通州马坊村桥,000000000022610
110100016369061,33,杜柳棵村,000000000022610
110100016369062,34,望君疃村,000000000022610
110100016369072,35,武辛庄村,000000000022610
110100016369075,36,西集,000000000022610
110100016369040,37,西集村西口,000000000022610
110100016369076,38,西集村,000000000022610
110100016369041,39,西集村东口,000000000022610
110100016369042,40,前东仪村,000000000022610
110100016369043,41,侯东仪村,000000000022610
110100016369044,42,史东仪村,000000000022610
110100016369058,43,黄东仪村,000000000022610
110100016369046,44,侯各庄路口,000000000022610
110100016369047,45,尹家河村,000000000022610
