stationId,stopNumber,stopName,lineId
110100013928030,1,惠新东桥西,000000058325270
110100013928031,2,安慧桥东,000000058325270
110100013928032,3,亚运村,000000058325270
110100013928033,4,北辰西桥,000000058325270
110100013928034,5,健翔桥东,000000058325270
110100013928035,6,健翔桥西,000000058325270
110100013928036,7,志新桥西,000000058325270
110100013928037,8,学院桥东,000000058325270
110100013928011,9,成府路口南,000000058325270
110100013928028,10,学院路北口,000000058325270
110100013928029,11,静淑苑,000000058325270
110100013928014,12,石板房,000000058325270
110100013928015,13,学知园,000000058325270
110100013928016,14,马家沟,000000058325270
110100013928017,15,清河南镇,000000058325270
110100013928018,16,清河,000000058325270
110100013928038,17,清河北,000000058325270
110100013928019,18,清河小营桥南,000000058325270
110100013928020,19,清河小营东路,000000058325270
110100013928021,20,前屯路,000000058325270
110100013928022,21,永泰庄北路,000000058325270
110100013928023,22,永泰小区,000000058325270
110100013928024,23,清缘东里,000000058325270
110100013928025,24,永泰庄东路,000000058325270
110100013928026,25,宝盛西里,000000058325270
110100013928027,26,宝盛里小区,000000058325270
