stationId,stopNumber,stopName,lineId
110100013523002,1,白云路,000000058413571
110100013523003,2,公安大学,000000058413571
110100013523004,3,木樨地西,000000058413571
110100013523005,4,军事博物馆,000000058413571
110100013523006,5,公主坟,000000058413571
110100013523007,6,翠微路口,000000058413571
110100013523008,7,万寿路口南,000000058413571
110100013523009,8,太平路东口,000000058413571
110100013523010,9,西翠路口东,000000058413571
110100013523011,10,西翠路口西,000000058413571
110100013523012,11,沙窝桥东,000000058413571
110100013523023,12,永定路南口,000000058413571
110100013523013,13,采石路口,000000058413571
110100013523014,14,太平路西口,000000058413571
110100013523015,15,鲁谷路东口,000000058413571
110100013523024,16,十院,000000058413571
110100013523017,17,鲁谷,000000058413571
110100013523018,18,鲁谷西站,000000058413571
110100013523019,19,焦家坟路口东,000000058413571
110100013523025,20,永乐西小区,000000058413571
110100013523021,21,衙门口东,000000058413571
110100013523022,22,衙门口公交场站,000000058413571
