stationId,stopNumber,stopName,lineId
110100014013025,1,北安河公交场站,000000058505750
110100014013026,2,阳台山路东口,000000058505750
110100014013023,3,北清路西口,000000058505750
110100014013019,4,地铁北安河站,000000058505750
110100014013020,5,高里掌村,000000058505750
110100014013021,6,高里掌,000000058505750
110100014013022,7,高里掌东站,000000058505750
110100014013003,8,三星庄南口,000000058505750
110100014013004,9,屯佃村,000000058505750
110100014013005,10,上庄路口东,000000058505750
110100014013006,11,永澄路口东,000000058505750
110100014013024,12,地铁永丰站,000000058505750
110100014013007,13,永丰路口东,000000058505750
110100014013008,14,永丰产业基地,000000058505750
110100014013009,15,辛店,000000058505750
110100014013017,16,航天城路口东,000000058505750
110100014013011,17,小牛坊南,000000058505750
110100014013018,18,京包路北站,000000058505750
110100014013016,19,京包路,000000058505750
110100014013013,20,京包路南站,000000058505750
110100014013014,21,唐家岭东,000000058505750
110100014013028,22,地铁西二旗站,000000058505750
110100014013030,23,清河火车站,000000058505750
