stationId,stopNumber,stopName,lineId
110100013709002,1,北京西站,000000058152330
110100013709003,2,复兴门南,000000058152330
110100013709004,3,北京儿童医院,000000058152330
110100013709005,4,阜成门北,000000058152330
110100013709006,5,西直门南,000000058152330
110100013709007,6,索家坟,000000058152330
110100013709008,7,文慧桥北,000000058152330
110100013709009,8,明光桥北,000000058152330
110100013709010,9,蓟门桥东,000000058152330
110100013709011,10,北太平桥西,000000058152330
110100013709012,11,马甸桥东,000000058152330
110100013709013,12,安华桥西,000000058152330
110100013709014,13,安贞桥西,000000058152330
110100013709015,14,安贞桥北,000000058152330
110100013709016,15,奥体东门,000000058152330
110100013709020,16,安慧桥北,000000058152330
110100013709017,17,炎黄艺术馆,000000058152330
110100013709018,18,秀园,000000058152330
110100013709019,19,慧忠路东口,000000058152330
