stationId,stopNumber,stopName,lineId
110100013625002,1,旧宫路口北,000000058149301
110100013625027,2,旧宫东口,000000058149301
110100013625003,3,旧宫北马路,000000058149301
110100013625004,4,珊瑚桥南,000000058149301
110100013625024,5,小红门路口北,000000058149301
110100013625025,6,姚村,000000058149301
110100013625026,7,肖村桥,000000058149301
110100013625006,8,小红门桥北,000000058149301
110100013625007,9,龙爪树南里,000000058149301
110100013625008,10,龙爪树,000000058149301
110100013625009,11,分钟寺,000000058149301
110100013625016,12,周家庄路西口,000000058149301
110100013625011,13,十里河桥北,000000058149301
110100013625012,14,劲松桥南,000000058149301
110100013625013,15,劲松中街,000000058149301
