stationId,stopNumber,stopName,lineId
900000035225059,1,怀柔区新医院北,000004341317291
900000035225060,2,星东天地,000004341317291
900000035225061,3,下元,000004341317291
900000035225001,4,于家园,000004341317291
900000035225049,5,于家园一区,000004341317291
900000035225050,6,迎宾路北口,000004341317291
900000035225051,7,大中富乐村口,000004341317291
900000035225005,8,中富乐,000004341317291
900000035225024,9,雁栖镇南口,000004341317291
900000035225006,10,雁栖镇,000004341317291
900000035225037,11,雁栖镇北口,000004341317291
900000035225052,12,雁栖大街西口,000004341317291
900000035225053,13,栖美园小区,000004341317291
900000035225054,14,雁栖大街路口西,000004341317291
900000035225055,15,雁栖大街路口北,000004341317291
900000035225056,16,雁栖北二街,000004341317291
900000035225062,17,雁栖北二街北口(临时站),000004341317291
900000035225058,18,永乐大街西口,000004341317291
900000035225013,19,北台下,000004341317291
900000035225036,20,怀北镇,000004341317291
900000035225016,21,怀柔东庄,000004341317291
900000035225048,22,怀柔东庄北,000004341317291
900000035225047,23,神山路口,000004341317291
900000035225019,24,邓各庄,000004341317291
900000035225020,25,大水峪,000004341317291
