stationId,stopNumber,stopName,lineId
110100013688010,1,华威路南口,000000058150981
110100013688011,2,东架松,000000058150981
110100013688012,3,劲松南路东口,000000058150981
110100013688013,4,潘家园桥北,000000058150981
110100013688015,5,潘家园桥,000000058150981
110100013688014,6,十里河桥北,000000058150981
110100013688002,7,十里河桥东,000000058150981
110100013688003,8,周家庄西站,000000058150981
110100013688004,9,周家庄,000000058150981
110100013688016,10,周家庄南站,000000058150981
110100013688005,11,十八里店乡政府,000000058150981
110100013688006,12,十八里店,000000058150981
110100013688007,13,横街子,000000058150981
110100013688018,14,张家店,000000058150981
110100013688008,15,老君堂南站,000000058150981
110100013688009,16,老君堂北站,000000058150981
