stationId,stopNumber,stopName,lineId
900000028584001,1,梭草,000011089126270
900000028584026,2,梭草村委会,000011089126270
900000028584027,3,梭草村北,000011089126270
900000028584072,4,四季屯路口,000011089126270
900000028584076,5,南年丰,000011089126270
900000028584075,6,北年丰南,000011089126270
900000028584073,7,北年丰,000011089126270
900000028584069,8,仙台南口,000011089126270
900000028584070,9,仙台,000011089126270
900000028584071,10,仙台北口,000011089126270
900000028584033,11,杨宋中学,000011089126270
900000028584037,12,杨宋大槐树,000011089126270
900000028584056,13,凤翔公园,000011089126270
900000028584039,14,中影基地,000011089126270
900000028584057,15,雁栖河桥东,000011089126270
900000028584040,16,高两河,000011089126270
900000028584041,17,高两河西,000011089126270
900000028584042,18,庙城检测场,000011089126270
900000028584074,19,华欣湾小区,000011089126270
900000028584043,20,南华,000011089126270
900000028584044,21,南华大街东口,000011089126270
900000028584045,22,南华园三区站,000011089126270
900000028584046,23,青春路南口,000011089126270
900000028584047,24,怀柔南大街,000011089126270
900000028584048,25,康馨家园,000011089126270
900000028584049,26,怀柔东关村,000011089126270
900000028584050,27,怀柔五中,000011089126270
900000028584051,28,怀柔汽车站,000011089126270
900000028584052,29,怀柔招商局,000011089126270
900000028584053,30,下元,000011089126270
900000028584022,31,于家园,000011089126270
