stationId,stopNumber,stopName,lineId
110100015566045,1,东直门,000000058657451
110100015566046,2,东直门内,000000058657451
110100015566094,3,东内小街,000000058657451
110100015566048,4,北新桥路口南,000000058657451
110100015566095,5,东四十二条,000000058657451
110100015566050,6,魏家胡同,000000058657451
110100015566051,7,钱粮胡同,000000058657451
110100015566052,8,东四路口南,000000058657451
110100015566053,9,灯市东口,000000058657451
110100015566054,10,米市大街,000000058657451
110100015566055,11,东单路口北,000000058657451
110100015566056,12,东单路口东,000000058657451
110100015566057,13,北京站口西,000000058657451
110100015566058,14,北京站东,000000058657451
110100015566059,15,建国门南,000000058657451
110100015566060,16,东便门,000000058657451
110100015566061,17,崇文门东,000000058657451
110100015566062,18,花市路口南,000000058657451
110100015566063,19,磁器口西,000000058657451
110100015566064,20,水道子,000000058657451
110100015566065,21,桥湾,000000058657451
110100015566066,22,东城三里河,000000058657451
110100015566067,23,过街楼,000000058657451
110100015566068,24,珠市口西,000000058657451
110100015566069,25,板章路,000000058657451
110100015566070,26,虎坊桥路口东,000000058657451
110100015566071,27,虎坊桥路口西,000000058657451
110100015566072,28,果子巷,000000058657451
110100015566073,29,菜市口北,000000058657451
110100015566074,30,校场口,000000058657451
110100015566075,31,宣武门外,000000058657451
110100015566076,32,西单路口南,000000058657451
110100015566077,33,西单商场,000000058657451
110100015566078,34,缸瓦市,000000058657451
110100015566079,35,西四路口北,000000058657451
110100015566080,36,大红罗厂西口,000000058657451
110100015566081,37,平安里路口南,000000058657451
110100015566082,38,厂桥路口东,000000058657451
110100015566083,39,东官房,000000058657451
110100015566084,40,北海北门,000000058657451
110100015566106,41,地安门东,000000058657451
110100015566103,42,南锣鼓巷,000000058657451
110100015566104,43,北兵马司,000000058657451
110100015566105,44,交道口南,000000058657451
110100015566097,45,交道口东,000000058657451
110100015566096,46,北新桥路口西,000000058657451
110100015566098,47,东内小街,000000058657451
110100015566092,48,东直门内,000000058657451
110100015566093,49,东直门,000000058657451
