stationId,stopNumber,stopName,lineId
110100013952002,1,南苑机场,000000058331790
110100013952004,2,南苑机场候机楼,000000058331790
110100013952026,3,南苑机场修理厂南,000000058331790
110100013952005,4,南苑机场修理厂,000000058331790
110100013952006,5,大营门,000000058331790
110100013952007,6,三营门,000000058331790
110100013952008,7,和义南站,000000058331790
110100013952009,8,和义农场,000000058331790
110100013952010,9,久敬庄,000000058331790
110100013952011,10,大红门桥,000000058331790
110100013952027,11,公益东桥,000000058331790
110100013952013,12,公益东桥北,000000058331790
110100013952014,13,西马场,000000058331790
110100013952015,14,西马场北口,000000058331790
110100013952016,15,角门北路东口,000000058331790
110100013952017,16,角门北路,000000058331790
110100013952018,17,马家堡小区,000000058331790
110100013952019,18,嘉园二里东门,000000058331790
110100013952020,19,嘉园二里南门,000000058331790
110100013952021,20,北甲地,000000058331790
110100013952022,21,欣园小区东,000000058331790
110100013952023,22,欣园小区北,000000058331790
110100013952024,23,草桥东路北口,000000058331790
