stationId,stopNumber,stopName,lineId
110100014535031,1,东直门外,000000058276920
110100014535024,2,左家庄,000000058276920
110100014535003,3,三元桥,000000058276920
110100014535025,4,空港物流开发区南站,000000058276920
110100014535005,5,空港物流开发区,000000058276920
110100014535006,6,南法信,000000058276920
110100014535029,7,望泉桥东,000000058276920
110100014535033,8,梅沟营,000000058276920
110100014535007,9,梅沟营北,000000058276920
110100014535026,10,四季花城,000000058276920
110100014535008,11,地铁石门站,000000058276920
110100014535028,12,西辛小学,000000058276920
110100014535009,13,顺义西门,000000058276920
110100014535010,14,中山西街,000000058276920
110100014535011,15,胜利小区,000000058276920
110100014535012,16,便民街东口,000000058276920
110100014535013,17,顺义医院,000000058276920
110100014535014,18,东风小学,000000058276920
110100014535030,19,顺义电视台,000000058276920
110100014535032,20,顺义东大桥,000000058276920
110100014535023,21,地铁俸伯站,000000058276920
110100014535017,22,俸伯,000000058276920
110100014535018,23,俸伯小学,000000058276920
110100014535019,24,河北村,000000058276920
110100014535020,25,南彩汽车站,000000058276920
