stationId,stopNumber,stopName,lineId
110100011271002,1,国家体育馆,000014286687321
110100011271003,2,国家会议中心,000014286687321
110100011271018,3,中科院地理所,000014286687321
110100011271004,4,南沟泥河,000014286687321
110100011271005,5,北沙滩桥东,000014286687321
110100011271006,6,二里庄北口,000014286687321
110100011271007,7,中国农业大学东校区,000014286687321
110100011271020,8,学院路北口,000014286687321
110100011271008,9,成府路口南,000014286687321
110100011271009,10,北京城市学院,000014286687321
110100011271010,11,保福寺桥西,000014286687321
110100011271022,12,中关村一街,000014286687321
110100011271019,13,中关村南,000014286687321
110100011271011,14,海淀黄庄北,000014286687321
110100011271012,15,人民大学,000014286687321
110100011271013,16,中国农业科学院,000014286687321
110100011271021,17,中国农业科学院南门,000014286687321
110100011271014,18,皂君庙西站,000014286687321
110100011271015,19,皂君庙,000014286687321
110100011271016,20,明光桥南,000014286687321
110100011271017,21,北京北站,000014286687321
