stationId,stopNumber,stopName,lineId
110100013924022,1,前门,000000058316800
110100013924003,2,大栅栏,000000058316800
110100013924004,3,煤市街南口,000000058316800
110100013924005,4,虎坊桥路口东,000000058316800
110100013924006,5,虎坊桥路口西,000000058316800
110100013924007,6,果子巷,000000058316800
110100013924008,7,菜市口西,000000058316800
110100013924009,8,牛街,000000058316800
110100013924010,9,牛街礼拜寺,000000058316800
110100013924011,10,牛街南口,000000058316800
110100013924012,11,南樱桃园路口北,000000058316800
110100013924013,12,右安门内,000000058316800
110100013924014,13,右安门,000000058316800
110100013924015,14,右安门外,000000058316800
110100013924016,15,翠林小区,000000058316800
110100013924017,16,嘉园一里,000000058316800
110100013924018,17,嘉园二里西门,000000058316800
110100013924019,18,嘉园三里北,000000058316800
110100013924020,19,嘉园三里,000000058316800
110100013924021,20,城南嘉园北,000000058316800
