stationId,stopNumber,stopName,lineId
110100010578002,1,西红门西站,000000058319401
110100010578003,2,欣和街南口,000000058319401
110100010578004,3,欣和街口,000000058319401
110100010578005,4,宏福路,000000058319401
110100010578006,5,兴华公园,000000058319401
110100010578007,6,陈留村,000000058319401
110100010578008,7,天伦锦城,000000058319401
110100010578009,8,银地家园东,000000058319401
110100010578010,9,新发地北桥西,000000058319401
110100010578011,10,新发地北,000000058319401
110100010578012,11,马家楼桥北,000000058319401
110100010578013,12,玉泉营桥南,000000058319401
110100010578014,13,玉泉营桥西,000000058319401
110100010578015,14,夏家胡同,000000058319401
110100010578016,15,丰益桥北,000000058319401
110100010578017,16,丽泽桥南,000000058319401
110100010578018,17,丽泽桥,000000058319401
110100010578019,18,丽泽桥西,000000058319401
110100010578020,19,地铁西局站,000000058319401
110100010578021,20,丰台北路,000000058319401
110100010578022,21,七里庄,000000058319401
110100010578023,22,丰北桥东,000000058319401
110100010578024,23,丰台路口,000000058319401
