stationId,stopNumber,stopName,lineId
110100015924002,1,国家体育场东,000000058231521
110100015924003,2,北辰东路,000000058231521
110100015924004,3,国家体育馆,000000058231521
110100015924005,4,北辰西桥北,000000058231521
110100015924006,5,北辰西桥南,000000058231521
110100015924007,6,华严里,000000058231521
110100015924008,7,地铁北土城站,000000058231521
110100015924009,8,安贞西里,000000058231521
110100015924026,9,安华桥北,000000058231521
110100015924010,10,安华桥南,000000058231521
110100015924011,11,鼓楼外大街北站,000000058231521
110100015924012,12,鼓楼外大街南站,000000058231521
110100015924013,13,钟楼北桥北,000000058231521
110100015924014,14,鼓楼桥南,000000058231521
110100015924028,15,鼓楼北,000000058231521
110100015924031,16,宝钞胡同,000000058231521
110100015924032,17,小经厂,000000058231521
110100015924033,18,交道口东,000000058231521
110100015924034,19,北新桥路口西,000000058231521
110100015924035,20,北新桥路口南,000000058231521
110100015924036,21,东四十二条,000000058231521
110100015924037,22,张自忠路,000000058231521
110100015924038,23,宽街路口东,000000058231521
110100015924017,24,东黄城根北口,000000058231521
110100015924018,25,亮果厂,000000058231521
110100015924019,26,沙滩路口北,000000058231521
110100015924020,27,骑河楼,000000058231521
110100015924021,28,东安门,000000058231521
110100015924022,29,南河沿,000000058231521
110100015924039,30,天安门东,000000058231521
110100015924024,31,前门,000000058231521
