stationId,stopNumber,stopName,lineId
900000031474037,1,延庆火车站北广场,000000058699341
900000031474038,2,司家营,000000058699341
900000031474043,3,延庆南菜园,000000058699341
900000031474040,4,延庆东关,000000058699341
900000031474001,5,川北小区南门,000000058699341
900000031474002,6,石河营,000000058699341
900000031474003,7,京张路口东,000000058699341
900000031474025,8,延庆东桥东,000000058699341
900000031474004,9,延庆八中,000000058699341
900000031474036,10,八里店路口,000000058699341
900000031474006,11,沈家营镇河东村,000000058699341
900000031474007,12,延庆下花园村,000000058699341
900000031474008,13,延庆上花园村,000000058699341
900000031474009,14,延庆上花园北口,000000058699341
900000031474020,15,延庆苏庄,000000058699341
900000031474026,16,韩郝庄路口,000000058699341
900000031474011,17,上郝庄,000000058699341
900000031474012,18,下郝庄,000000058699341
900000031474027,19,延庆沥青厂,000000058699341
900000031474013,20,常家营村委会,000000058699341
900000031474014,21,常里营村口,000000058699341
900000031474015,22,常里营村南口,000000058699341
900000031474035,23,常里营村北口,000000058699341
900000031474028,24,常里营牡丹园南,000000058699341
900000031474029,25,常里营牡丹园,000000058699341
900000031474024,26,大柏老路口,000000058699341
900000031474021,27,延庆农业示范园,000000058699341
900000031474022,28,三里庄路口,000000058699341
900000031474016,29,东羊坊,000000058699341
900000031474023,30,延庆旧县镇政府,000000058699341
900000031474030,31,延庆旧县新村,000000058699341
900000031474031,32,耿家营,000000058699341
900000031474042,33,北张庄村南,000000058699341
900000031474041,34,北张庄村,000000058699341
