stationId,stopNumber,stopName,lineId
110100013668002,1,地铁新宫站,000000058150850
110100013668003,2,南庭新苑北区,000000058150850
110100013668028,3,南庭新苑南区,000000058150850
110100013668004,4,同兴园小区东门,000000058150850
110100013668005,5,槐房西路,000000058150850
110100013668031,6,西营房西,000000058150850
110100013668006,7,西营房,000000058150850
110100013668007,8,西红门路东口,000000058150850
110100013668008,9,团河路北口,000000058150850
110100013668030,10,宏祥路东口,000000058150850
110100013668009,11,寿宝庄北站,000000058150850
110100013668010,12,寿宝庄,000000058150850
110100013668011,13,大白楼,000000058150850
110100013668012,14,金荣园,000000058150850
110100013668032,15,金星庄,000000058150850
110100013668013,16,金海学校,000000058150850
110100013668029,17,团河行宫北,000000058150850
110100013668033,18,团河行宫,000000058150850
110100013668015,19,团河农场,000000058150850
110100013668016,20,首座御园,000000058150850
110100013668017,21,新居里北口,000000058150850
110100013668018,22,新居里,000000058150850
110100013668019,23,新安里,000000058150850
110100013668020,24,团河路西口,000000058150850
110100013668021,25,黄村东大街东口南,000000058150850
110100013668022,26,兴政街东口,000000058150850
110100013668023,27,大兴桥西,000000058150850
110100013668024,28,林校北路,000000058150850
110100013668025,29,黄村火车站东,000000058150850
110100013668026,30,黄村火车站,000000058150850
