stationId,stopNumber,stopName,lineId
110100014202046,1,阎村桥公交场站,000000058186471
110100014202051,2,蓝光海悦城小区,000000058186471
110100014202052,3,良乡西路,000000058186471
110100014202004,4,良乡西门,000000058186471
110100014202053,5,良乡大角,000000058186471
110100014202005,6,良乡东关路口北,000000058186471
110100014202041,7,昊天温泉家园,000000058186471
110100014202007,8,良乡火车站路口,000000058186471
110100014202055,9,送变电公司南,000000058186471
110100014202008,10,送变电公司,000000058186471
110100014202009,11,黄辛庄路口,000000058186471
110100014202010,12,长阳碧桂园,000000058186471
110100014202011,13,昊天北桥南,000000058186471
110100014202012,14,昊天北桥东,000000058186471
110100014202013,15,篱笆房,000000058186471
110100014202014,16,军留庄,000000058186471
110100014202015,17,地铁长阳站,000000058186471
110100014202016,18,房山高岭北,000000058186471
110100014202017,19,房山马厂,000000058186471
110100014202045,20,永立桥西,000000058186471
110100014202018,21,立垡村,000000058186471
110100014202054,22,芦西路口,000000058186471
110100014202020,23,狼垡,000000058186471
110100014202021,24,羊坊村南口,000000058186471
110100014202043,25,樊羊路口东,000000058186471
110100014202022,26,高立庄,000000058186471
110100014202023,27,宏福路,000000058186471
110100014202024,28,兴海公园,000000058186471
110100014202025,29,兴海学校,000000058186471
110100014202026,30,宏福路东口,000000058186471
110100014202050,31,西红门北站,000000058186471
110100014202028,32,九龙山庄,000000058186471
110100014202029,33,新发地北,000000058186471
110100014202030,34,世界花卉大观园,000000058186471
110100014202031,35,公益西桥西,000000058186471
110100014202032,36,公益西桥北,000000058186471
110100014202033,37,地铁公益西桥站,000000058186471
110100014202034,38,四顷三村,000000058186471
110100014202035,39,地铁角门西站,000000058186471
110100014202036,40,嘉园二里南门,000000058186471
110100014202037,41,嘉园三里北,000000058186471
110100014202038,42,嘉园三里,000000058186471
110100014202039,43,城南嘉园北,000000058186471
