stationId,stopNumber,stopName,lineId
110100013475002,1,虎坊路,000000058401890
110100013475003,2,虎坊桥路口东,000000058401890
110100013475004,3,板章路,000000058401890
110100013475005,4,过街楼,000000058401890
110100013475006,5,东城三里河,000000058401890
110100013475007,6,桥湾,000000058401890
110100013475008,7,水道子,000000058401890
110100013475009,8,磁器口西,000000058401890
110100013475010,9,榄杆市,000000058401890
110100013475011,10,培新街,000000058401890
110100013475012,11,安化楼,000000058401890
110100013475013,12,广渠门内,000000058401890
110100013475014,13,马圈,000000058401890
110100013475015,14,垂杨柳,000000058401890
110100013475016,15,双井桥西,000000058401890
110100013475026,16,双井桥东,000000058401890
110100013475017,17,九龙花园,000000058401890
110100013475027,18,九龙山路口西,000000058401890
110100013475028,19,九龙山路口东,000000058401890
110100013475019,20,大郊亭桥西,000000058401890
110100013475029,21,大郊亭桥东,000000058401890
110100013475020,22,地铁百子湾站,000000058401890
110100013475021,23,唐家村,000000058401890
110100013475022,24,小海子,000000058401890
110100013475023,25,四根旗杆,000000058401890
110100013475024,26,方家村,000000058401890
110100013475025,27,朝阳半壁店,000000058401890
