stationId,stopNumber,stopName,lineId
110100016446017,1,溪阳东路东口,000000058605991
110100016446003,2,利泽东街东口,000000058605991
110100016446006,3,望京北路东口,000000058605991
110100016446007,4,广泽路,000000058605991
110100016446008,5,利泽中二路,000000058605991
110100016446009,6,利泽中街西口,000000058605991
110100016446010,7,望京花园西区,000000058605991
110100016446011,8,河荫西路,000000058605991
110100016446012,9,南湖东园,000000058605991
110100016446018,10,南湖南路北口,000000058605991
110100016446013,11,南湖南路,000000058605991
110100016446014,12,花家地西里西站,000000058605991
110100016446019,13,望京桥北,000000058605991
110100016446020,14,望京桥西,000000058605991
110100016446015,15,地铁望京西站,000000058605991
