stationId,stopNumber,stopName,lineId
110100015876002,1,四惠枢纽站,000000058197901
110100015876003,2,慈云寺桥南,000000058197901
110100015876004,3,英家坟,000000058197901
110100015876005,4,红庙路口东,000000058197901
110100015876006,5,红庙路口西,000000058197901
110100015876007,6,小庄路口东,000000058197901
110100015876008,7,呼家楼东,000000058197901
110100015876009,8,呼家楼北,000000058197901
110100015876039,9,白家庄,000000058197901
110100015876012,10,亮马桥,000000058197901
110100015876014,11,三元桥南,000000058197901
110100015876015,12,静安庄西,000000058197901
110100015876016,13,西坝河,000000058197901
110100015876037,14,安贞桥东,000000058197901
110100015876020,15,安贞桥西,000000058197901
110100015876021,16,安华桥西,000000058197901
110100015876022,17,马甸桥东,000000058197901
110100015876024,18,北太平桥西,000000058197901
110100015876026,19,蓟门桥北,000000058197901
110100015876038,20,学知桥西,000000058197901
110100015876040,21,知春路,000000058197901
110100015876027,22,地铁知春路站,000000058197901
110100015876028,23,知春里东站,000000058197901
110100015876029,24,知春里,000000058197901
110100015876030,25,海淀黄庄西,000000058197901
110100015876031,26,海淀南路,000000058197901
110100015876032,27,海淀南路西口,000000058197901
110100015876033,28,万泉河桥南,000000058197901
110100015876034,29,海淀公园,000000058197901
110100015876035,30,西苑医院,000000058197901
110100015876036,31,西苑,000000058197901
