stationId,stopNumber,stopName,lineId
900000019536039,1,肖两河,000005815190880
900000019536038,2,大杜两河,000005815190880
900000019536040,3,刘两河,000005815190880
900000019536004,4,小杜两河,000005815190880
900000019536005,5,李两河,000005815190880
900000019536031,6,高两河南,000005815190880
900000019536032,7,怡安园新区,000005815190880
900000019536033,8,庙城东,000005815190880
900000019536028,9,庙城南,000005815190880
900000019536008,10,融城花园,000005815190880
900000019536009,11,庙城村,000005815190880
900000019536010,12,庙城北,000005815190880
900000019536029,13,怀柔石厂,000005815190880
900000019536012,14,丽湖馨居,000005815190880
900000019536022,15,青春路南口,000005815190880
900000019536034,16,怀柔南大街,000005815190880
900000019536026,17,康馨家园,000005815190880
900000019536035,18,怀柔东关村,000005815190880
900000019536017,19,怀柔五中,000005815190880
900000019536018,20,怀柔汽车站,000005815190880
900000019536019,21,怀柔招商局,000005815190880
900000019536020,22,下元,000005815190880
900000019536021,23,于家园,000005815190880
