stationId,stopNumber,stopName,lineId
900000122893001,1,韩村河西,000010448755281
900000122893041,2,韩村河村口,000010448755281
900000122893002,3,韩村河,000010448755281
900000122893003,4,西东村,000010448755281
900000122893042,5,西东村东,000010448755281
900000122893057,6,房山李庄西,000010448755281
900000122893056,7,房山李庄,000010448755281
900000122893054,8,琉璃河检查站,000010448755281
900000122893055,9,琉璃河中心小学,000010448755281
900000122893006,10,琉璃河,000010448755281
900000122893007,11,琉璃河镇政府,000010448755281
900000122893044,12,琉璃河卫生院,000010448755281
900000122893008,13,刘夏路南口,000010448755281
900000122893009,14,滨水雅园东门,000010448755281
900000122893037,15,房山白草洼村口,000010448755281
900000122893010,16,西周燕都遗址,000010448755281
900000122893011,17,房山白草洼,000010448755281
900000122893012,18,大窦路南口,000010448755281
900000122893039,19,窦店村东,000010448755281
900000122893013,20,京南嘉园,000010448755281
900000122893040,21,窦店路口东,000010448755281
900000122893014,22,窦店镇政府,000010448755281
900000122893015,23,田家园小区,000010448755281
900000122893016,24,瓦窑头,000010448755281
900000122893017,25,金鑫苑,000010448755281
900000122893018,26,房山于庄,000010448755281
900000122893019,27,房山于庄东,000010448755281
900000122893020,28,七里店,000010448755281
900000122893021,29,小十三里,000010448755281
900000122893045,30,小十三里北口,000010448755281
900000122893022,31,大十三里,000010448755281
900000122893046,32,大十三里北,000010448755281
900000122893047,33,房山肖庄南站,000010448755281
900000122893023,34,房山肖庄,000010448755281
900000122893048,35,良乡机动车检测场,000010448755281
900000122893024,36,良乡大南关村,000010448755281
900000122893049,37,良乡经济开发区东门,000010448755281
900000122893025,38,地铁良乡南关站西(北行),000010448755281
900000122893035,39,西潞南大街,000010448755281
900000122893050,40,良乡西门,000010448755281
900000122893051,41,西潞园,000010448755281
900000122893052,42,华冠购物中心,000010448755281
900000122893053,43,良乡医院,000010448755281
900000122893027,44,良乡大角,000010448755281
900000122893028,45,拱辰南大街,000010448755281
900000122893029,46,地铁良乡南关站,000010448755281
900000122893030,47,地铁良乡南关站西(西行),000010448755281
900000122893031,48,苏庄东街南口,000010448755281
900000122893032,49,地铁苏庄站,000010448755281
900000122893033,50,苏庄西街南口,000010448755281
900000122893034,51,首发物流,000010448755281
