stationId,stopNumber,stopName,lineId
900000019540001,1,于家园,000005815190751
900000019540002,2,下元,000005815190751
900000019540003,3,怀柔招商局,000005815190751
900000019540004,4,怀柔汽车站,000005815190751
900000019540005,5,怀柔五中,000005815190751
900000019540006,6,怀柔东关村,000005815190751
900000019540007,7,康馨家园,000005815190751
900000019540008,8,怀柔南小街,000005815190751
900000019540009,9,青春路南口,000005815190751
900000019540022,10,南华园四区,000005815190751
900000019540010,11,丽湖馨居,000005815190751
900000019540011,12,怀柔石厂,000005815190751
900000019540023,13,西台下,000005815190751
900000019540012,14,西台上,000005815190751
900000019540032,15,西台上西,000005815190751
900000019540027,16,桥梓开发区,000005815190751
900000019540025,17,桥梓,000005815190751
900000019540033,18,后桥梓,000005815190751
900000019540028,19,凤凰山陵园路口,000005815190751
900000019540030,20,东庄路口,000005815190751
900000019540031,21,前辛庄南,000005815190751
900000019540016,22,前辛庄,000005815190751
900000019540017,23,后辛庄,000005815190751
900000019540034,24,龙泉小区,000005815190751
900000019540035,25,北宅村东,000005815190751
900000019540036,26,北宅,000005815190751
900000019540037,27,北宅村西,000005815190751
900000019540038,28,峪口,000005815190751
