stationId,stopNumber,stopName,lineId
110100014485002,1,天通苑北枢纽站,000000058251020
110100014485019,2,东三旗,000000058251020
110100014485003,3,平西王府路口东,000000058251020
110100014485004,4,名佳花园,000000058251020
110100014485005,5,名佳四区,000000058251020
110100014485006,6,名流花园兰苑,000000058251020
110100014485007,7,名流花园菊苑,000000058251020
110100014485008,8,北京洋房小区,000000058251020
110100014485009,9,东二旗村西站,000000058251020
110100014485017,10,东二旗村,000000058251020
110100014485010,11,羊各庄,000000058251020
110100014485018,12,羊各庄村北,000000058251020
110100014485011,13,八仙庄南大街,000000058251020
110100014485012,14,八仙庄东,000000058251020
110100014485013,15,八仙庄北大街,000000058251020
110100014485014,16,曹碾西口,000000058251020
110100014485020,17,曹碾中街,000000058251020
110100014485015,18,曹碾东口,000000058251020
110100014485016,19,曹碾,000000058251020
