stationId,stopNumber,stopName,lineId
110100015817002,1,朝新嘉园,000000058523661
110100015817003,2,朝阳新城,000000058523661
110100015817004,3,高杨树北,000000058523661
110100015817032,4,东坝中路,000000058523661
110100015817033,5,金泰丽富嘉园,000000058523661
110100015817005,6,北京奥林匹克花园,000000058523661
110100015817036,7,北京奥林匹克花园北站,000000058523661
110100015817006,8,东坝家园东站,000000058523661
110100015817007,9,东坝家园西站,000000058523661
110100015817035,10,单店东,000000058523661
110100015817028,11,单店北,000000058523661
110100015817038,12,单店西路北口,000000058523661
110100015817039,13,南岗子,000000058523661
110100015817034,14,北岗子,000000058523661
110100015817012,15,北石家村,000000058523661
110100015817013,16,雍家村,000000058523661
110100015817014,17,东八间房,000000058523661
110100015817015,18,大陈各庄,000000058523661
110100015817016,19,将台路东口,000000058523661
110100015817017,20,将台路东站,000000058523661
110100015817037,21,将台路口东,000000058523661
110100015817018,22,将台路口西,000000058523661
110100015817019,23,高家园,000000058523661
110100015817020,24,丽都饭店,000000058523661
110100015817021,25,望京医院,000000058523661
110100015817022,26,花家地北里,000000058523661
110100015817023,27,花家地西里二区,000000058523661
110100015817024,28,望京桥北,000000058523661
110100015817025,29,望京桥西,000000058523661
110100015817026,30,地铁望京西站,000000058523661
