stationId,stopNumber,stopName,lineId
110100014012032,1,清河火车站,000000058505751
110100014012002,2,地铁西二旗站,000000058505751
110100014012003,3,唐家岭东,000000058505751
110100014012004,4,京包路南站,000000058505751
110100014012005,5,京包路,000000058505751
110100014012018,6,京包路北站,000000058505751
110100014012019,7,小牛坊南,000000058505751
110100014012020,8,航天城路口西,000000058505751
110100014012009,9,辛店,000000058505751
110100014012010,10,永丰产业基地,000000058505751
110100014012011,11,永丰路口西,000000058505751
110100014012029,12,地铁永丰站,000000058505751
110100014012012,13,永澄路口西,000000058505751
110100014012013,14,上庄路口东,000000058505751
110100014012014,15,屯佃村,000000058505751
110100014012015,16,三星庄南口,000000058505751
110100014012021,17,高里掌东站,000000058505751
110100014012022,18,高里掌,000000058505751
110100014012023,19,高里掌村,000000058505751
110100014012024,20,地铁北安河站,000000058505751
110100014012025,21,北清路西口,000000058505751
110100014012026,22,阳台山路东口,000000058505751
110100014012027,23,北安河公交场站,000000058505751
