stationId,stopNumber,stopName,lineId
900000122569001,1,大方居北门,000010448755380
900000122569002,2,怡然世家小区,000010448755380
900000122569003,3,怡乐南街公交场站,000010448755380
900000122569004,4,翠屏西路,000010448755380
900000122569005,5,格瑞雅居小区,000010448755380
900000122569006,6,西总屯,000010448755380
900000122569007,7,东总屯,000010448755380
900000122569008,8,果园南,000010448755380
900000122569009,9,葛布店西,000010448755380
900000122569016,10,葛布店,000010448755380
900000122569010,11,葛布店东,000010448755380
900000122569011,12,通州交通队,000010448755380
900000122569012,13,玉桥小区,000010448755380
900000122569013,14,乔庄,000010448755380
900000122569014,15,运乔嘉园,000010448755380
900000122569015,16,京东运乔建材城,000010448755380
