stationId,stopNumber,stopName,lineId
900000084750001,1,庙城东,000007098573270
900000084750002,2,庙城南,000007098573270
900000084750003,3,庙城,000007098573270
900000084750004,4,庙城北,000007098573270
900000084750005,5,怀柔石厂,000007098573270
900000084750006,6,丽湖馨居,000007098573270
900000084750007,7,南华园四区,000007098573270
900000084750008,8,青春路南口,000007098573270
900000084750009,9,怀柔区中医院,000007098573270
900000084750031,10,怀柔府前街,000007098573270
900000084750010,11,怀柔府前东街,000007098573270
900000084750011,12,怀柔汽车站,000007098573270
900000084750012,13,怀柔招商局,000007098573270
900000084750013,14,下元,000007098573270
900000084750014,15,于家园,000007098573270
900000084750034,16,怀柔农发地,000007098573270
900000084750035,17,雁栖一品园,000007098573270
900000084750036,18,光织谷,000007098573270
900000084750037,19,雁栖中心路北站,000007098573270
900000084750038,20,雁栖镇医院,000007098573270
900000084750018,21,雁栖镇,000007098573270
900000084750019,22,雁栖镇北口,000007098573270
900000084750020,23,顶秀美泉小镇,000007098573270
900000084750021,24,永乐庄路口,000007098573270
900000084750022,25,北台下,000007098573270
900000084750023,26,怀北镇,000007098573270
900000084750024,27,雁栖湖,000007098573270
900000084750025,28,怀北庄南,000007098573270
900000084750026,29,怀北庄,000007098573270
900000084750027,30,河防口南,000007098573270
900000084750033,31,河防口,000007098573270
900000084750039,32,青龙峡道口,000007098573270
900000084750030,33,九谷口,000007098573270
