stationId,stopNumber,stopName,lineId
110100053344002,1,百万庄西口,000000058373170
110100053344003,2,百万庄中街,000000058373170
110100053344004,3,百万庄东口,000000058373170
110100053344005,4,展览路,000000058373170
110100053344006,5,阜成门外,000000058373170
110100053344007,6,阜成门,000000058373170
110100053344008,7,阜成门内,000000058373170
110100053344009,8,白塔寺东,000000058373170
110100053344010,9,西四路口东,000000058373170
110100053344011,10,西安门,000000058373170
110100053344012,11,北海,000000058373170
110100053344013,12,神武门,000000058373170
110100053344014,13,沙滩路口西,000000058373170
110100053344015,14,美术馆东,000000058373170
110100053344016,15,东四路口东,000000058373170
110100053344017,16,朝内小街,000000058373170
110100053344018,17,朝阳门内,000000058373170
110100053344019,18,朝阳门外,000000058373170
110100053344020,19,神路街,000000058373170
110100053344021,20,东大桥路口东,000000058373170
110100053344022,21,关东店,000000058373170
110100053344023,22,呼家楼西,000000058373170
110100053344024,23,小庄路口东,000000058373170
110100053344025,24,红庙路口西,000000058373170
110100053344026,25,红庙路口东,000000058373170
