stationId,stopNumber,stopName,lineId
900000076503001,1,于家园,000007588681221
900000076503002,2,于家园一区,000007588681221
900000076503003,3,怀柔学管中心,000007588681221
900000076503004,4,怀柔北大街,000007588681221
900000076503005,5,郭家坞,000007588681221
900000076503026,6,小东庄,000007588681221
900000076503006,7,西三村口,000007588681221
900000076503007,8,口头,000007588681221
900000076503008,9,关渡河,000007588681221
900000076503028,10,三亩园,000007588681221
900000076503029,11,三渡河村口,000007588681221
900000076503009,12,三渡河,000007588681221
900000076503030,13,花台子,000007588681221
900000076503031,14,马道峪南,000007588681221
900000076503032,15,马道峪,000007588681221
900000076503033,16,马道峪北,000007588681221
900000076503034,17,苇店南,000007588681221
900000076503035,18,苇店,000007588681221
900000076503036,19,苇店北,000007588681221
900000076503037,20,慕田峪环岛,000007588681221
900000076503038,21,辛营,000007588681221
900000076503039,22,得水湾,000007588681221
900000076503040,23,得水湾西,000007588681221
900000076503041,24,渤海所小学,000007588681221
900000076503042,25,渤海所东,000007588681221
900000076503016,26,渤海所,000007588681221
900000076503043,27,渤海所路口,000007588681221
900000076503045,28,渤海卫生院,000007588681221
900000076503017,29,白木,000007588681221
900000076503046,30,景峪路口,000007588681221
900000076503047,31,沙峪村东,000007588681221
900000076503018,32,沙峪,000007588681221
900000076503052,33,沙峪村西,000007588681221
900000076503019,34,渤海镇政府,000007588681221
900000076503053,35,南冶村东,000007588681221
900000076503054,36,南冶,000007588681221
900000076503056,37,南冶村北,000007588681221
900000076503055,38,响水湖路口,000007588681221
900000076503049,39,小王早峪,000007588681221
900000076503057,40,达子营(临时站),000007588681221
900000076503050,41,大王早峪,000007588681221
900000076503022,42,闫家,000007588681221
900000076503023,43,马方台,000007588681221
900000076503024,44,云岭,000007588681221
900000076503025,45,响水湖,000007588681221
