stationId,stopNumber,stopName,lineId
110100013505036,1,和平东桥,000000058408541
110100013505037,2,西坝河,000000058408541
110100013505022,3,静安庄西,000000058408541
110100013505023,4,三元桥南,000000058408541
110100013505024,5,亮马桥,000000058408541
110100013505025,6,双井桥北,000000058408541
110100013505059,7,双井桥南,000000058408541
110100013505026,8,潘家园桥北,000000058408541
110100013505027,9,十里河桥北,000000058408541
110100013505028,10,方庄桥东,000000058408541
110100013505029,11,方庄桥西,000000058408541
110100013505030,12,刘家窑桥,000000058408541
110100013505031,13,木樨园桥东,000000058408541
110100013505058,14,木樨园桥,000000058408541
110100013505038,15,木樨园桥西,000000058408541
110100013505035,16,洋桥西,000000058408541
110100013505034,17,草桥,000000058408541
110100013505039,18,玉泉营桥西,000000058408541
110100013505040,19,夏家胡同,000000058408541
110100013505041,20,丽泽桥,000000058408541
110100013505042,21,西局,000000058408541
110100013505043,22,六里桥南,000000058408541
110100013505044,23,六里桥北里,000000058408541
110100013505045,24,公主坟南,000000058408541
110100013505046,25,航天桥,000000058408541
110100013505047,26,花园桥北,000000058408541
110100013505048,27,紫竹桥,000000058408541
110100013505049,28,万寿寺,000000058408541
110100013505050,29,四通桥西,000000058408541
110100013505051,30,蓟门桥西,000000058408541
110100013505052,31,北太平桥西,000000058408541
110100013505053,32,马甸桥东,000000058408541
110100013505054,33,安华桥西,000000058408541
110100013505055,34,安贞桥西,000000058408541
110100013505056,35,安贞桥东,000000058408541
110100013505060,36,和平东桥,000000058408541
