stationId,stopNumber,stopName,lineId
110100014269002,1,樊家村公交场站,000000058196851
110100014269017,2,万芳园二区,000000058196851
110100014269018,3,地铁首经贸站,000000058196851
110100014269020,4,万芳园一区,000000058196851
110100014269005,5,纪家庙,000000058196851
110100014269006,6,夏家胡同,000000058196851
110100014269007,7,丰益桥北,000000058196851
110100014269008,8,丽泽桥,000000058196851
110100014269009,9,西局,000000058196851
110100014269010,10,六里桥南,000000058196851
110100014269011,11,六里桥北里,000000058196851
110100014269012,12,北京西站,000000058196851
110100014269013,13,长椿街路口东,000000058196851
110100014269014,14,宣武门东,000000058196851
110100014269015,15,和平门东,000000058196851
110100014269016,16,前门西,000000058196851
