stationId,stopNumber,stopName,lineId
900000091771001,1,圈门,000007755765241
900000091771002,2,西辛房西,000007755765241
900000091771003,3,西辛房,000007755765241
900000091771004,4,东辛房西,000007755765241
900000091771005,5,东辛房,000007755765241
900000091771006,6,增产路,000007755765241
900000091771007,7,矿建街,000007755765241
900000091771008,8,龙泉西公交场站,000007755765241
900000091771009,9,小黑山,000007755765241
900000091771010,10,河滩,000007755765241
900000091771011,11,新桥大街,000007755765241
900000091771012,12,京煤集团,000007755765241
900000091771013,13,新桥南街,000007755765241
900000091771014,14,月季园小区,000007755765241
900000091771015,15,葡萄嘴,000007755765241
900000091771022,16,惠康嘉园北口,000007755765241
900000091771027,17,新城大街北口,000007755765241
900000091771028,18,新华路口,000007755765241
900000091771029,19,新石路口,000007755765241
900000091771030,20,上岸北站,000007755765241
900000091771023,21,地铁上岸站,000007755765241
900000091771031,22,新泰路口,000007755765241
900000091771032,23,莲石湖西路西,000007755765241
900000091771024,24,莲石湖西路东,000007755765241
900000091771025,25,梧桐苑南,000007755765241
900000091771026,26,梧桐苑公交场站,000007755765241
