stationId,stopNumber,stopName,lineId
110100016180067,1,延庆南菜园,000000058699121
110100016180068,2,延庆东关,000000058699121
110100016180069,3,川北小区南门,000000058699121
110100016180070,4,石河营,000000058699121
110100016180071,5,京张路口东,000000058699121
110100016180072,6,延庆东桥东,000000058699121
110100016180073,7,延庆八中,000000058699121
110100016180074,8,八里店,000000058699121
110100016180075,9,八里店东口站,000000058699121
110100016180076,10,新合营,000000058699121
110100016180077,11,沈家营镇政府,000000058699121
110100016180078,12,沈家营,000000058699121
110100016180079,13,连家营,000000058699121
110100016180080,14,魏家营,000000058699121
110100016180081,15,兴安堡路口,000000058699121
110100016180082,16,北老君堂路口,000000058699121
110100016180083,17,香村营西站,000000058699121
110100016180084,18,香村营,000000058699121
110100016180085,19,西小庄科,000000058699121
110100016180086,20,吴坊营,000000058699121
110100016180087,21,吴坊营东站,000000058699121
110100016180088,22,吴坊营村东,000000058699121
110100016180089,23,新华营西,000000058699121
110100016180090,24,新华营,000000058699121
110100016180091,25,三里墩,000000058699121
110100016180092,26,永宁西关,000000058699121
110100016180026,27,永宁车站,000000058699121
110100016180027,28,永宁,000000058699121
110100016180053,29,延庆狮子营,000000058699121
110100016180054,30,永新堡,000000058699121
110100016180055,31,刘斌堡西站,000000058699121
110100016180056,32,刘斌堡,000000058699121
110100016180057,33,刘斌堡东站,000000058699121
110100016180095,34,刘斌堡村东,000000058699121
110100016180033,35,山南沟,000000058699121
110100016180034,36,小观头,000000058699121
110100016180035,37,大观头,000000058699121
110100016180093,38,周四沟村西,000000058699121
110100016180037,39,周四沟,000000058699121
110100016180038,40,红果寺,000000058699121
110100016180039,41,小吉祥,000000058699121
110100016180040,42,大吉祥,000000058699121
110100016180041,43,黑汉岭,000000058699121
110100016180042,44,王顺沟路口,000000058699121
110100016180043,45,四海南湾,000000058699121
110100016180044,46,大胜岭,000000058699121
110100016180045,47,天门关,000000058699121
110100016180046,48,四海,000000058699121
110100016180047,49,椴木沟,000000058699121
110100016180048,50,四十亩地,000000058699121
110100016180049,51,岔石口,000000058699121
110100016180050,52,永安堡,000000058699121
110100016180051,53,郭家湾,000000058699121
110100016180096,54,二楼,000000058699121
110100016180097,55,三楼,000000058699121
110100016180098,56,石窑村,000000058699121
110100016180099,57,九眼楼长城景区,000000058699121
