stationId,stopNumber,stopName,lineId
110100015433053,1,协各庄,000015034485730
110100015433054,2,太子府村南,000015034485730
110100015433002,3,太子府村,000015034485730
110100015433047,4,大豆各庄村南,000015034485730
110100015433060,5,大豆各庄村口,000015034485730
110100015433033,6,大豆各庄,000015034485730
110100015433034,7,小豆各庄,000015034485730
110100015433035,8,小甘棠村,000015034485730
110100015433048,9,武窑村北,000015034485730
110100015433037,10,大甘棠村,000015034485730
110100015433049,11,大甘棠村西口,000015034485730
110100015433038,12,大运河森林公园南门,000015034485730
110100015433055,13,武兴路口,000015034485730
110100015433010,14,梁各庄村,000015034485730
110100015433011,15,张辛庄村,000015034485730
110100015433012,16,张辛庄村西,000015034485730
110100015433013,17,张家湾开发区,000015034485730
110100015433014,18,北许场村,000015034485730
110100015433040,19,土桥新桥东,000015034485730
110100015433041,20,土桥欣村,000015034485730
110100015433017,21,土桥村,000015034485730
110100015433018,22,地铁土桥站,000015034485730
110100015433042,23,地铁临河里站,000015034485730
110100015433051,24,通州小街桥东,000015034485730
