stationId,stopNumber,stopName,lineId
110100010657023,1,嘉园三里,000000058484701
110100010657024,2,嘉园三里北,000000058484701
110100010657004,3,嘉园二里南门,000000058484701
110100010657005,4,嘉园二里东门,000000058484701
110100010657006,5,马家堡小区,000000058484701
110100010657007,6,角门北路,000000058484701
110100010657008,7,马家堡东口,000000058484701
110100010657025,8,洋桥东,000000058484701
110100010657027,9,木樨园桥西,000000058484701
110100010657026,10,木樨园桥东,000000058484701
110100010657009,11,刘家窑桥西,000000058484701
110100010657010,12,刘家窑桥东,000000058484701
110100010657011,13,方庄南口,000000058484701
110100010657029,14,方庄环岛南,000000058484701
110100010657012,15,芳城园,000000058484701
110100010657013,16,左安门外,000000058484701
110100010657014,17,肿瘤医院,000000058484701
110100010657028,18,潘家园路西口,000000058484701
110100010657015,19,潘家园东路,000000058484701
110100010657016,20,华威南路,000000058484701
110100010657017,21,华威南路东口,000000058484701
110100010657018,22,首都图书馆,000000058484701
110100010657019,23,弘燕路西,000000058484701
110100010657020,24,弘燕路,000000058484701
110100010657021,25,弘燕路小区,000000058484701
110100010657022,26,双龙小区,000000058484701
