stationId,stopNumber,stopName,lineId
110100016359002,1,慧忠里,000015034485760
110100016359003,2,炎黄艺术馆,000015034485760
110100016359004,3,安慧桥北,000015034485760
110100016359005,4,安慧桥东,000015034485760
110100016359041,5,惠新东桥西,000015034485760
110100016359042,6,惠新东桥南,000015034485760
110100016359043,7,对外经贸大学,000015034485760
110100016359060,8,中日医院,000015034485760
110100016359044,9,和平东桥南,000015034485760
110100016359045,10,和平里东街,000015034485760
110100016359046,11,和平里路口南,000015034485760
110100016359047,12,和平里南口,000015034485760
110100016359048,13,东直门北小街北口,000015034485760
110100016359049,14,东直门北小街南口,000015034485760
110100016359050,15,海运仓,000015034485760
110100016359051,16,东四十条桥西,000015034485760
110100016359052,17,东四十条桥东,000015034485760
110100016359053,18,工人体育馆,000015034485760
110100016359054,19,工人体育场,000015034485760
110100016359055,20,三里屯,000015034485760
110100016359056,21,长虹桥东,000015034485760
110100016359057,22,团结湖,000015034485760
110100016359058,23,甜水园街北口,000015034485760
110100016359059,24,朝阳公园南门,000015034485760
110100016359026,25,朝阳公园桥东,000015034485760
110100016359027,26,豆各庄路口西,000015034485760
110100016359028,27,豆各庄路口东,000015034485760
110100016359029,28,姚家园东,000015034485760
110100016359030,29,平房西口,000015034485760
110100016359031,30,平房,000015034485760
110100016359032,31,平房东口,000015034485760
110100016359033,32,泓鑫家园,000015034485760
110100016359034,33,东坝中路,000015034485760
110100016359039,34,金泰丽富嘉园,000015034485760
110100016359035,35,北京奥林匹克花园,000015034485760
110100016359036,36,东坝家园东站,000015034485760
110100016359037,37,东坝家园西站,000015034485760
110100016359038,38,单店,000015034485760
