stationId,stopNumber,stopName,lineId
110100015781026,1,阜成门内,000000058369290
110100015781030,2,白塔寺南,000000058369290
110100015781027,3,武定侯街,000000058369290
110100015781032,4,月坛公园,000000058369290
110100015781008,5,月坛南街北站,000000058369290
110100015781009,6,三里河东路南口,000000058369290
110100015781010,7,白云路,000000058369290
110100015781011,8,白云观,000000058369290
110100015781028,9,白云桥西,000000058369290
110100015781012,10,小马厂,000000058369290
110100015781024,11,广莲路,000000058369290
110100015781013,12,湾子,000000058369290
110100015781029,13,广外甘石桥,000000058369290
110100015781014,14,达官营,000000058369290
110100015781015,15,手帕口南街,000000058369290
110100015781016,16,广安门货站,000000058369290
110100015781017,17,广安门车站西街,000000058369290
110100015781018,18,京铁和园,000000058369290
110100015781019,19,莲花晴园,000000058369290
110100015781020,20,红莲南里,000000058369290
110100015781021,21,红莲南路,000000058369290
110100015781022,22,红莲南路西口,000000058369290
110100015781023,23,高楼村,000000058369290
110100015781031,24,三路居公交场站,000000058369290
