stationId,stopNumber,stopName,lineId
110100014951002,1,地铁九棵树站,000000000022790
110100014951003,2,九棵树,000000000022790
110100014951004,3,杨家洼,000000000022790
110100014951005,4,地铁梨园站,000000000022790
110100014951030,5,通州小街桥东,000000000022790
110100014951031,6,地铁临河里站,000000000022790
110100014951008,7,地铁土桥站,000000000022790
110100014951032,8,土桥村,000000000022790
110100014951009,9,土桥欣村,000000000022790
110100014951010,10,土桥新桥东,000000000022790
110100014951054,11,北许场村,000000000022790
110100014951033,12,张凤路北口,000000000022790
110100014951013,13,张家湾镇政府,000000000022790
110100014951051,14,北许场新村,000000000022790
110100014951052,15,张家湾中心小学,000000000022790
110100014951043,16,张家湾南口,000000000022790
110100014951053,17,广通街,000000000022790
110100014951084,18,云杉路口西,000000000022790
110100014951109,19,云杉南路,000000000022790
110100014951085,20,环湖小区北口,000000000022790
110100014951086,21,环湖小区东门,000000000022790
110100014951087,22,环湖小区,000000000022790
110100014951088,23,环湖路,000000000022790
110100014951089,24,西定福庄,000000000022790
110100014951104,25,贾各庄村西口,000000000022790
110100014951103,26,贾各庄村,000000000022790
110100014951105,27,上店村,000000000022790
110100014951106,28,上店村南,000000000022790
110100014951077,29,里二泗村路口,000000000022790
110100014951078,30,里二泗村西口,000000000022790
110100014951079,31,时装厂路口,000000000022790
110100014951110,32,姚辛庄村西,000000000022790
110100014951108,33,姚辛庄村,000000000022790
