stationId,stopNumber,stopName,lineId
110100016174051,1,延庆南菜园公交场站,000000058699071
110100016174065,2,延庆南菜园,000000058699071
110100016174004,3,延庆东关,000000058699071
110100016174005,4,川北小区南门,000000058699071
110100016174006,5,石河营,000000058699071
110100016174007,6,京张路口东,000000058699071
110100016174052,7,延庆东桥东,000000058699071
110100016174031,8,延庆八中,000000058699071
110100016174032,9,八里店,000000058699071
110100016174033,10,八里店东口,000000058699071
110100016174053,11,新合营,000000058699071
110100016174034,12,沈家营镇政府,000000058699071
110100016174035,13,沈家营,000000058699071
110100016174036,14,连家营,000000058699071
110100016174037,15,魏家营,000000058699071
110100016174038,16,兴安堡路口,000000058699071
110100016174039,17,北老君堂路口,000000058699071
110100016174040,18,香村营西站,000000058699071
110100016174041,19,香村营,000000058699071
110100016174042,20,西小庄科,000000058699071
110100016174043,21,吴坊营,000000058699071
110100016174044,22,吴坊营东站,000000058699071
110100016174058,23,吴坊营村东,000000058699071
110100016174059,24,新华营西,000000058699071
110100016174046,25,新华营,000000058699071
110100016174047,26,三里墩,000000058699071
110100016174048,27,永宁西关,000000058699071
110100016174008,28,永宁车站,000000058699071
110100016174009,29,永宁,000000058699071
110100016174010,30,延庆狮子营,000000058699071
110100016174011,31,永新堡,000000058699071
110100016174012,32,刘斌堡西站,000000058699071
110100016174049,33,刘斌堡,000000058699071
110100016174014,34,刘斌堡东站,000000058699071
110100016174054,35,刘斌堡村东,000000058699071
110100016174015,36,山东沟,000000058699071
110100016174016,37,山西沟,000000058699071
110100016174017,38,马道梁,000000058699071
110100016174055,39,马道梁村南,000000058699071
110100016174018,40,营盘,000000058699071
110100016174060,41,柏木井,000000058699071
110100016174019,42,干沟,000000058699071
110100016174020,43,大窑,000000058699071
110100016174021,44,六道河,000000058699071
110100016174022,45,秀水湾,000000058699071
110100016174023,46,河东,000000058699071
110100016174024,47,河口,000000058699071
110100016174025,48,河口新村,000000058699071
110100016174026,49,延庆车道沟,000000058699071
110100016174056,50,延庆车道沟西,000000058699071
110100016174027,51,红旗甸,000000058699071
110100016174057,52,红旗甸北,000000058699071
110100016174063,53,半沟村,000000058699071
110100016174064,54,水头村,000000058699071
110100016174028,55,熊洞沟,000000058699071
110100016174029,56,延庆张家湾,000000058699071
110100016174061,57,大石窑村口,000000058699071
110100016174030,58,大石窑,000000058699071
