stationId,stopNumber,stopName,lineId
110100015862002,1,西直门公交场站,000000058189130
110100015862003,2,地铁西直门站,000000058189130
110100015862004,3,高梁桥,000000058189130
110100015862005,4,交大东路,000000058189130
110100015862006,5,北京交通大学东门,000000058189130
110100015862007,6,交大东路北口,000000058189130
110100015862008,7,皂君庙,000000058189130
110100015862009,8,皂君庙西站,000000058189130
110100015862010,9,中国农业科学院南门,000000058189130
110100015862011,10,中国农业科学院,000000058189130
110100015862012,11,四通桥西,000000058189130
110100015862013,12,三义庙,000000058189130
110100015862014,13,万泉河桥南,000000058189130
110100015862015,14,肖家河,000000058189130
110100015862016,15,中国农业大学西校区,000000058189130
110100015862017,16,梅园,000000058189130
110100015862018,17,圆明园西路北口,000000058189130
110100015862019,18,百旺家苑,000000058189130
110100015862020,19,西北旺,000000058189130
110100015862021,20,亮甲店,000000058189130
110100015862022,21,亮甲店西站,000000058189130
110100015862023,22,屯佃大桥,000000058189130
110100015862037,23,冷泉村北,000000058189130
110100015862024,24,太舟坞,000000058189130
110100015862025,25,温泉路东口,000000058189130
110100015862026,26,杨家庄,000000058189130
110100015862027,27,白家疃东口,000000058189130
110100015862028,28,白家疃西口,000000058189130
110100015862029,29,温泉苗圃,000000058189130
110100015862030,30,温泉,000000058189130
110100015862031,31,温泉北站,000000058189130
110100015862032,32,温泉辛庄,000000058189130
110100015862033,33,高里掌,000000058189130
110100015862034,34,西小营南站,000000058189130
110100015862035,35,西小营,000000058189130
110100015862036,36,柳林村,000000058189130
