stationId,stopNumber,stopName,lineId
110100010641028,1,永丰公交场站,000000058486600
110100010641029,2,丰贤中路西站,000000058486600
110100010641030,3,丰贤中路,000000058486600
110100010641031,4,丰贤路口南,000000058486600
110100010641032,5,地铁永丰站,000000058486600
110100010641033,6,永澄路口西,000000058486600
110100010641034,7,上庄路口东,000000058486600
110100010641035,8,上庄路口北,000000058486600
110100010641041,9,永丰屯,000000058486600
110100010641042,10,永丰屯北,000000058486600
110100010641036,11,上庄镇南站,000000058486600
110100010641017,12,上庄镇,000000058486600
110100010641018,13,上庄水库南站,000000058486600
110100010641019,14,上庄水库,000000058486600
110100010641020,15,上庄南口,000000058486600
110100010641021,16,上庄卫生院,000000058486600
110100010641022,17,上庄东小营,000000058486600
110100010641037,18,馨悦南街,000000058486600
110100010641038,19,馨瑞东路,000000058486600
110100010641023,20,上庄永泰庄,000000058486600
110100010641024,21,皂甲屯,000000058486600
110100010641025,22,梅所屯,000000058486600
