stationId,stopNumber,stopName,lineId
900000028380001,1,丰台北路,000004341213840
900000028380015,2,地铁西局站,000004341213840
900000028380016,3,丰益桥南,000004341213840
900000028380002,4,夏家胡同,000004341213840
900000028380003,5,玉泉营桥西,000004341213840
900000028380004,6,高米店,000004341213840
900000028380005,7,康庄路东口,000004341213840
900000028380006,8,滨河东里,000004341213840
900000028380007,9,清源路东口,000004341213840
900000028380008,10,团河路西口,000004341213840
900000028380009,11,黄村东大街东口南,000004341213840
900000028380010,12,兴政街东口,000004341213840
900000028380011,13,大兴桥东,000004341213840
900000028380012,14,海子角北口,000004341213840
900000028380013,15,海子角东口,000004341213840
900000028380017,16,绿色庄园,000004341213840
900000028380014,17,海子角,000004341213840
