stationId,stopNumber,stopName,lineId
900000096637001,1,地铁同济南路站,000000000022720
900000096637002,2,永昌南路南站,000000000022720
900000096637052,3,凉水河桥南,000000000022720
900000096637004,4,通州第二医院,000000000022720
900000096637005,5,金桥北门,000000000022720
900000096637006,6,马驹桥一号桥,000000000022720
900000096637007,7,珠江逸景,000000000022720
900000096637008,8,温馨家园北区,000000000022720
900000096637059,9,晶彩小区,000000000022720
900000096637066,10,通州姚村东,000000000022720
900000096637064,11,小周易村西,000000000022720
900000096637065,12,小周易村,000000000022720
900000096637012,13,史村,000000000022720
900000096637013,14,西田阳,000000000022720
900000096637014,15,牛坊路口,000000000022720
900000096637015,16,东田阳西口,000000000022720
900000096637072,17,东田阳村西,000000000022720
900000096637016,18,东田阳,000000000022720
900000096637053,19,陵园路口,000000000022720
900000096637017,20,大杜社村,000000000022720
900000096637071,21,大杜社村东,000000000022720
900000096637018,22,小杜社村,000000000022720
900000096637019,23,牛堡屯南站,000000000022720
900000096637020,24,小耕垡村,000000000022720
900000096637021,25,于家务一桥,000000000022720
900000096637022,26,东马各庄村,000000000022720
900000096637060,27,于家务村西口,000000000022720
900000096637024,28,于家务村东口,000000000022720
900000096637025,29,神仙村路口,000000000022720
900000096637061,30,神仙村,000000000022720
900000096637027,31,北堤寺村,000000000022720
900000096637028,32,新西庄村,000000000022720
900000096637029,33,永乐店西口,000000000022720
900000096637030,34,永乐店路口西,000000000022720
900000096637031,35,永乐店北口,000000000022720
900000096637032,36,黄厂铺,000000000022720
900000096637033,37,黄厂铺北口,000000000022720
900000096637034,38,通州田村,000000000022720
900000096637035,39,漷县村南口,000000000022720
900000096637055,40,漷兴三街西站,000000000022720
900000096637047,41,漷兴三街,000000000022720
900000096637036,42,绿荫小区,000000000022720
900000096637037,43,漷县中学,000000000022720
900000096637038,44,漷县村,000000000022720
900000096637056,45,漷城西三路路口,000000000022720
900000096637067,46,人民医院通州院区,000000000022720
900000096637039,47,翟各庄村西口,000000000022720
900000096637040,48,马务村委会,000000000022720
900000096637068,49,漷兴西三街,000000000022720
900000096637051,50,漷城西四路,000000000022720
900000096637069,51,漷县公交场站,000000000022720
