stationId,stopNumber,stopName,lineId
110100011655023,1,西辛房西,000000058449490
110100011655002,2,西辛房,000000058449490
110100011655003,3,东辛房西,000000058449490
110100011655004,4,东辛房,000000058449490
110100011655005,5,增产路,000000058449490
110100011655006,6,矿建街,000000058449490
110100011655007,7,龙泉西公交场站,000000058449490
110100011655008,8,小黑山,000000058449490
110100011655009,9,河滩,000000058449490
110100011655010,10,新桥大街,000000058449490
110100011655011,11,双峪,000000058449490
110100011655012,12,滨河西区,000000058449490
110100011655013,13,承泽苑,000000058449490
110100011655014,14,德露苑,000000058449490
110100011655029,15,大峪中学西门,000000058449490
110100011655015,16,葡东小区,000000058449490
110100011655028,17,葡萄嘴路口北,000000058449490
110100011655016,18,葡萄嘴路口南,000000058449490
110100011655017,19,永定中学,000000058449490
110100011655018,20,冯村,000000058449490
110100011655019,21,石龙工业区,000000058449490
110100011655020,22,永定镇何各庄,000000058449490
110100011655021,23,石门营,000000058449490
110100011655025,24,小园路口西,000000058449490
110100011655024,25,紫金路,000000058449490
110100011655022,26,石厂村,000000058449490
