stationId,stopNumber,stopName,lineId
110100013792002,1,阜成门内,000000058350880
110100013792003,2,阜成门南,000000058350880
110100013792004,3,月坛体育场,000000058350880
110100013792005,4,北京儿童医院,000000058350880
110100013792006,5,复兴门南,000000058350880
110100013792007,6,西便门,000000058350880
110100013792008,7,槐柏树街西口,000000058350880
110100013792031,8,核桃园,000000058350880
110100013792009,9,北线阁,000000058350880
110100013792010,10,南线阁,000000058350880
110100013792011,11,南线阁街南口,000000058350880
110100013792012,12,建功北里,000000058350880
110100013792013,13,南菜园,000000058350880
110100013792014,14,白纸坊桥南,000000058350880
110100013792015,15,菜户营桥北,000000058350880
110100013792016,16,玉泉营桥北,000000058350880
110100013792017,17,玉泉营桥,000000058350880
110100013792018,18,玉泉营桥南,000000058350880
110100013792019,19,马家楼桥北,000000058350880
110100013792020,20,新发地北,000000058350880
110100013792021,21,新发地北桥西,000000058350880
110100013792022,22,银地家园东,000000058350880
110100013792023,23,银地家园南,000000058350880
110100013792024,24,天伦锦城南门,000000058350880
110100013792025,25,陈留村,000000058350880
110100013792026,26,兴华公园,000000058350880
110100013792027,27,高立庄,000000058350880
110100013792028,28,樊羊路口东,000000058350880
110100013792030,29,羊坊村南口,000000058350880
110100013792029,30,明春苑,000000058350880
