stationId,stopNumber,stopName,lineId
110100014914053,1,西马各庄村,000000000022621
110100014914067,2,西马各庄村口,000000000022621
110100014914076,3,西马各庄村西口,000000000022621
110100014914074,4,西马各庄村北口,000000000022621
110100014914055,5,通州六郎庄南口,000000000022621
110100014914045,6,通州六郎庄西口,000000000022621
110100014914039,7,漷柏路北口,000000000022621
110100014914075,8,小杜社村东口,000000000022621
110100014914072,9,通州六郎庄北口,000000000022621
110100014914011,10,牛堡屯中街路口,000000000022621
110100014914048,11,牛堡屯,000000000022621
110100014914058,12,牛堡屯北站,000000000022621
110100014914063,13,坨堤,000000000022621
110100014914014,14,大北关,000000000022621
110100014914077,15,大北关北口,000000000022621
110100014914016,16,潞关村,000000000022621
110100014914017,17,三间房村,000000000022621
110100014914060,18,齐善庄南站,000000000022621
110100014914019,19,齐善庄,000000000022621
110100014914020,20,牌楼营村,000000000022621
110100014914021,21,祥和乐园小区,000000000022621
110100014914078,22,张家湾,000000000022621
110100014914023,23,太玉园小区,000000000022621
110100014914049,24,太玉园北口,000000000022621
110100014914080,25,巨星桥北,000000000022621
110100014914079,26,土桥村,000000000022621
110100014914027,27,地铁土桥站,000000000022621
110100014914040,28,地铁临河里站,000000000022621
110100014914029,29,通州小街桥东,000000000022621
110100014914030,30,地铁梨园站,000000000022621
110100014914052,31,杨家洼,000000000022621
110100014914032,32,九棵树站,000000000022621
110100014914033,33,地铁九棵树站,000000000022621
