stationId,stopNumber,stopName,lineId
110100013743002,1,鹿海园五里东门,000013324636580
110100013743003,2,南海家园七里,000013324636580
110100013743004,3,四合路,000013324636580
110100013743030,4,南海家园五里,000013324636580
110100013743006,5,南海家园二里,000013324636580
110100013743031,6,南海家园三里,000013324636580
110100013743008,7,泰河路口南,000013324636580
110100013743009,8,亦庄医院南院,000013324636580
110100013743010,9,泰河园一里,000013324636580
110100013743011,10,西五号村,000013324636580
110100013743012,11,博兴十一路北口,000013324636580
110100013743036,12,西五号村北,000013324636580
110100013743014,13,地泽南街西口,000013324636580
110100013743015,14,地泽南街,000013324636580
110100013743032,15,锦绣街,000013324636580
110100013743017,16,隆盛产业园,000013324636580
110100013743028,17,开发区交通服务中心,000013324636580
110100013743019,18,地铁荣昌东街站,000013324636580
110100013743033,19,景园北街,000013324636580
110100013743021,20,同仁医院亦庄分院,000013324636580
110100013743022,21,青年公寓,000013324636580
110100013743023,22,中芯花园,000013324636580
110100013743034,23,博兴六路公交场站,000013324636580
110100013743025,24,北京奔驰西,000013324636580
110100013743026,25,鹿海园四里南门,000013324636580
