stationId,stopNumber,stopName,lineId
110100014246002,1,万盛北街,000000058195951
110100014246003,2,大稿新村,000000058195951
110100014246004,3,旗舰凯旋小区,000000058195951
110100014246031,4,西小马庄园,000000058195951
110100014246005,5,翠屏西路,000000058195951
110100014246006,6,格瑞雅居小区,000000058195951
110100014246007,7,翠屏北里,000000058195951
110100014246033,8,新华联家园东,000000058195951
110100014246008,9,新华联家园,000000058195951
110100014246009,10,李老新村,000000058195951
110100014246032,11,通广嘉园,000000058195951
110100014246018,12,郭家场桥,000000058195951
110100014246019,13,杜仲公园,000000058195951
110100014246020,14,朝阳半壁店,000000058195951
110100014246021,15,唐家村,000000058195951
110100014246022,16,大郊亭桥东,000000058195951
110100014246023,17,大郊亭桥西,000000058195951
110100014246029,18,九龙山路口东,000000058195951
110100014246024,19,九龙山路口西,000000058195951
110100014246030,20,九龙花园,000000058195951
110100014246025,21,双井桥东,000000058195951
110100014246026,22,双井桥北,000000058195951
110100014246028,23,大北窑南,000000058195951
