stationId,stopNumber,stopName,lineId
900000076573001,1,于家园,000005815190911
900000076573044,2,于家园一区,000005815190911
900000076573002,3,迎宾路北口,000005815190911
900000076573003,4,大中富乐村口,000005815190911
900000076573004,5,中富乐,000005815190911
900000076573053,6,雁栖镇南口,000005815190911
900000076573005,7,雁栖镇,000005815190911
900000076573054,8,雁栖镇北口,000005815190911
900000076573006,9,顶秀美泉小镇,000005815190911
900000076573007,10,北台下,000005815190911
900000076573008,11,怀北镇,000005815190911
900000076573009,12,雁栖湖,000005815190911
900000076573055,13,怀北庄南,000005815190911
900000076573010,14,怀北庄,000005815190911
900000076573056,15,河防口南,000005815190911
900000076573011,16,河防口,000005815190911
900000076573012,17,青龙峡道口,000005815190911
900000076573013,18,九谷口,000005815190911
900000076573045,19,冷水峪,000005815190911
900000076573046,20,干河峪,000005815190911
900000076573047,21,石门山,000005815190911
900000076573014,22,峪道河,000005815190911
900000076573058,23,怀北镇北台子南,000005815190911
900000076573015,24,怀北镇北台子,000005815190911
900000076573048,25,椴树岭南,000005815190911
900000076573016,26,椴树岭,000005815190911
900000076573017,27,怀北镇八亩地,000005815190911
900000076573059,28,怀北镇八亩地北,000005815190911
900000076573018,29,幽谷神潭,000005815190911
900000076573019,30,怀北镇黄土梁,000005815190911
900000076573049,31,刘家店,000005815190911
900000076573020,32,后山铺,000005815190911
900000076573021,33,七道沟,000005815190911
900000076573022,34,梧桐豪,000005815190911
900000076573023,35,柏查子,000005815190911
900000076573060,36,怀柔龙泉峪,000005815190911
900000076573050,37,四道沟,000005815190911
900000076573025,38,南台,000005815190911
900000076573061,39,琉璃庙,000005815190911
900000076573062,40,琉璃庙北,000005815190911
900000076573027,41,琉璃庙镇转山子,000005815190911
900000076573028,42,安洲坝,000005815190911
900000076573057,43,水碾子,000005815190911
900000076573029,44,前安岭,000005815190911
900000076573030,45,双文铺,000005815190911
900000076573031,46,八宝堂,000005815190911
900000076573032,47,小河口,000005815190911
900000076573074,48,白河口(招呼站),000005815190911
900000076573070,49,青石岭,000005815190911
900000076573071,50,白河北,000005815190911
900000076573035,51,狼虎哨,000005815190911
900000076573037,52,东湾子,000005815190911
900000076573073,53,后安岭,000005815190911
900000076573051,54,后安岭路口,000005815190911
900000076573039,55,小黄塘,000005815190911
900000076573064,56,大黄塘南,000005815190911
900000076573040,57,大黄塘,000005815190911
900000076573065,58,大黄塘北,000005815190911
900000076573075,59,汤河口东,000005815190911
900000076573076,60,汤河口镇政府南,000005815190911
900000076573077,61,汤河口镇政府,000005815190911
900000076573078,62,汤河口十字街,000005815190911
900000076573043,63,汤河口,000005815190911
