stationId,stopNumber,stopName,lineId
900000048251001,1,昌平东关,000003674449391
900000048251002,2,亢山广场,000003674449391
900000048251003,3,石油大学,000003674449391
900000048251004,4,东关南里小区南门,000003674449391
900000048251005,5,南环东路,000003674449391
900000048251006,6,润杰经典小区,000003674449391
900000048251007,7,创新路,000003674449391
900000048251008,8,超前路,000003674449391
900000048251028,9,昌平永安路南口,000003674449391
900000048251010,10,石油化工科学院,000003674449391
900000048251011,11,水屯桥西,000003674449391
900000048251012,12,水屯家园,000003674449391
900000048251013,13,百泉庄东,000003674449391
900000048251014,14,百泉庄西,000003674449391
900000048251015,15,百泉庄一桥西,000003674449391
900000048251016,16,黄瓜园村,000003674449391
900000048251017,17,上念头村,000003674449391
900000048251018,18,奤夿屯南口,000003674449391
900000048251019,19,西北地村,000003674449391
900000048251029,20,昌平辛店,000003674449391
900000048251030,21,昌平北小营村北,000003674449391
900000048251034,22,昌平北小营村,000003674449391
900000048251035,23,神牛路口北,000003674449391
900000048251036,24,神牛路口东,000003674449391
900000048251023,25,红冶钢厂,000003674449391
900000048251024,26,红冶钢厂东,000003674449391
900000048251025,27,下念头村,000003674449391
