stationId,stopNumber,stopName,lineId
110100016090044,1,李县坟,000000058289611
110100016090010,2,东洲家园,000000058289611
110100016090011,3,东洲家园南,000000058289611
110100016090012,4,奶子房,000000058289611
110100016090046,5,刘各庄北,000000058289611
110100016090045,6,刘各庄,000000058289611
110100016090014,7,来广营路口西,000000058289611
110100016090015,8,广顺桥南,000000058289611
110100016090016,9,利泽中街西口,000000058289611
110100016090017,10,望京花园西区,000000058289611
110100016090030,11,河荫西路,000000058289611
110100016090031,12,南湖中园一区北门,000000058289611
110100016090032,13,世安家园,000000058289611
110100016090033,14,南湖西园,000000058289611
110100016090034,15,望京西路,000000058289611
110100016090029,16,南湖西里,000000058289611
110100016090023,17,望京桥北,000000058289611
110100016090024,18,地铁太阳宫站,000000058289611
110100016090035,19,曙光里小区,000000058289611
110100016090036,20,尚家楼路,000000058289611
110100016090037,21,太阳宫北街东口,000000058289611
110100016090038,22,三元桥东站,000000058289611
