stationId,stopNumber,stopName,lineId
110100013839002,1,北官厅,000000058368001
110100013839003,2,东直门北,000000058368001
110100013839004,3,东四十条桥南,000000058368001
110100013839005,4,朝阳门南,000000058368001
110100013839006,5,雅宝路,000000058368001
110100013839007,6,建国门南,000000058368001
110100013839008,7,东便门,000000058368001
110100013839027,8,崇文门东,000000058368001
110100013839009,9,崇文门西,000000058368001
110100013839010,10,台基厂路口西,000000058368001
110100013839011,11,前门东,000000058368001
110100013839012,12,前门西,000000058368001
110100013839013,13,和平门东,000000058368001
110100013839014,14,宣武门东,000000058368001
110100013839015,15,长椿街路口西,000000058368001
110100013839016,16,复兴门南,000000058368001
110100013839017,17,北京儿童医院,000000058368001
110100013839018,18,阜成门北,000000058368001
110100013839019,19,西直门南,000000058368001
110100013839020,20,玉桃园,000000058368001
110100013839021,21,新街口豁口,000000058368001
110100013839022,22,德胜门西,000000058368001
110100013839023,23,鼓楼桥西,000000058368001
110100013839024,24,安定门西,000000058368001
110100013839025,25,雍和宫桥东,000000058368001
110100013839026,26,北官厅,000000058368001
