stationId,stopNumber,stopName,lineId
110100014643003,1,天开,000011574151131
110100014643059,2,天开东站,000011574151131
110100014643058,3,天开村口,000011574151131
110100014643053,4,西周各庄,000011574151131
110100014643007,5,尤家坟,000011574151131
110100014643008,6,东周各庄,000011574151131
110100014643009,7,石瓦路口,000011574151131
110100014643010,8,瓦井,000011574151131
110100014643011,9,南韩继,000011574151131
110100014643012,10,龙宝峪,000011574151131
110100014643062,11,新街,000011574151131
110100014643050,12,周口店镇辛庄,000011574151131
110100014643015,13,大韩继,000011574151131
110100014643048,14,龙乡苑,000011574151131
110100014643016,15,周口店路口,000011574151131
110100014643017,16,周口村路口,000011574151131
110100014643051,17,房山云峰寺路口,000011574151131
110100014643052,18,顾册西,000011574151131
110100014643018,19,顾册,000011574151131
110100014643019,20,牛口峪路口,000011574151131
110100014643020,21,房山南关立交桥南,000011574151131
110100014643021,22,房山南关,000011574151131
110100014643022,23,房山中医医院,000011574151131
110100014643023,24,房山南大街,000011574151131
110100014643024,25,房山大角南,000011574151131
110100014643025,26,仓房小区,000011574151131
110100014643026,27,房山北大街,000011574151131
110100014643027,28,万宁桥,000011574151131
110100014643041,29,房山北关北,000011574151131
110100014643028,30,富燕新村东门,000011574151131
110100014643029,31,燕山二一八公交场站,000011574151131
110100014643030,32,燕化动力厂,000011574151131
110100014643045,33,丁家洼,000011574151131
110100014643047,34,羊头岗村,000011574151131
110100014643049,35,羊头岗,000011574151131
110100014643064,36,八十亩地,000011574151131
110100014643065,37,八十亩地北,000011574151131
110100014643066,38,南观村口,000011574151131
110100014643067,39,南观村东,000011574151131
110100014643068,40,南观村,000011574151131
