stationId,stopNumber,stopName,lineId
110100016253123,1,薛庄村口,000011574150661
110100016253130,2,南白村,000011574150661
110100016253116,3,南白路口,000011574150661
110100016253111,4,路村小学,000011574150661
110100016253112,5,路村,000011574150661
110100016253113,6,保兴庄,000011574150661
110100016253114,7,西南召,000011574150661
110100016253115,8,东南召西站,000011574150661
110100016253011,9,东南召,000011574150661
110100016253087,10,东南召东站,000011574150661
110100016253012,11,石村,000011574150661
110100016253013,12,常舍,000011574150661
110100016253100,13,务滋小学,000011574150661
110100016253101,14,务滋村,000011574150661
110100016253102,15,务滋村北,000011574150661
110100016253103,16,辛庄户路口,000011574150661
110100016253104,17,房山兴隆庄,000011574150661
110100016253117,18,房山兴隆庄北,000011574150661
110100016253125,19,张谢桥,000011574150661
110100016253126,20,张谢,000011574150661
110100016253127,21,张谢北,000011574150661
110100016253128,22,下禅坊南站,000011574150661
110100016253129,23,下禅坊,000011574150661
110100016253026,24,江村路口,000011574150661
110100016253027,25,南庄子,000011574150661
110100016253057,26,官道,000011574150661
110100016253082,27,邢家坞路口,000011574150661
110100016253059,28,房山小营路口,000011574150661
110100016253031,29,房山白房子,000011574150661
110100016253032,30,黑古台,000011574150661
110100016253033,31,黑古台北,000011574150661
110100016253034,32,常庄路口,000011574150661
110100016253083,33,瑞雪春堂,000011574150661
110100016253035,34,昊天嘉园,000011574150661
110100016253060,35,地铁良乡南关站东,000011574150661
110100016253037,36,拱辰南大街,000011574150661
110100016253061,37,良乡大角,000011574150661
110100016253062,38,良乡医院,000011574150661
110100016253071,39,良乡北关,000011574150661
110100016253086,40,良乡北关北,000011574150661
110100016253042,41,房山区政府,000011574150661
110100016253076,42,行宫小区南门,000011574150661
110100016253093,43,送变电公司路口西,000011574150661
110100016253077,44,行宫小区东门,000011574150661
110100016253084,45,吴店西里,000011574150661
110100016253085,46,黄辛庄东里,000011574150661
110100016253048,47,龙华苑小区,000011574150661
110100016253049,48,黄辛庄路口西,000011574150661
110100016253069,49,原香小镇,000011574150661
110100016253098,50,长阳一村西,000011574150661
110100016253097,51,碧桂园东,000011574150661
110100016253094,52,金域公园小区,000011574150661
110100016253095,53,芭蕾雨悦都小区,000011574150661
110100016253096,54,篱笆房客运站,000011574150661
