stationId,stopNumber,stopName,lineId
110100016098067,1,安贞桥西,000000058293630
110100016098068,2,安贞桥北,000000058293630
110100016098069,3,五路居,000000058293630
110100016098070,4,小关,000000058293630
110100016098071,5,小关东里,000000058293630
110100016098072,6,惠新西街,000000058293630
110100016098073,7,惠新里,000000058293630
110100016098074,8,对外经贸大学北,000000058293630
110100016098075,9,惠新东桥南,000000058293630
110100016098035,10,育慧里,000000058293630
110100016098036,11,望和桥,000000058293630
110100016098037,12,望和桥东,000000058293630
110100016098038,13,望京桥西,000000058293630
110100016098039,14,望京桥北,000000058293630
110100016098077,15,阜通西大街西口,000000058293630
110100016098040,16,花家地南街,000000058293630
110100016098041,17,花家地南里,000000058293630
110100016098042,18,花家地北里,000000058293630
110100016098043,19,南湖南路,000000058293630
110100016098044,20,南湖南路北口,000000058293630
110100016098045,21,南湖东园,000000058293630
110100016098046,22,侯庄路口北,000000058293630
110100016098047,23,望京花园西区,000000058293630
110100016098048,24,利泽中街西口,000000058293630
110100016098049,25,广顺桥南,000000058293630
110100016098050,26,来广营路口南,000000058293630
110100016098051,27,善各庄西站,000000058293630
110100016098064,28,望京火车站,000000058293630
110100016098052,29,善各庄,000000058293630
110100016098053,30,地铁崔各庄站,000000058293630
110100016098065,31,崔各庄,000000058293630
110100016098055,32,崔各庄东,000000058293630
110100016098076,33,马泉营村西口,000000058293630
110100016098058,34,何各庄,000000058293630
110100016098059,35,何各庄西口,000000058293630
110100016098060,36,奶东工业区,000000058293630
110100016098061,37,奶东村,000000058293630
110100016098062,38,奶西村南,000000058293630
110100016098063,39,奶子房公交场站,000000058293630
