stationId,stopNumber,stopName,lineId
110100014930086,1,隆盛产业园,000000000022490
110100014930114,2,开发区交通服务中心,000000000022490
110100014930087,3,地铁荣昌东街站,000000000022490
110100014930118,4,景园北街,000000000022490
110100014930081,5,同仁医院亦庄分院,000000000022490
110100014930122,6,亦庄西环南路北站,000000000022490
110100014930120,7,亦庄西环南路,000000000022490
110100014930121,8,亦庄西环南路南站,000000000022490
110100014930076,9,凉水河桥南,000000000022490
110100014930088,10,通州第二医院,000000000022490
110100014930123,11,兴华中街,000000000022490
110100014930034,12,马驹桥商业街,000000000022490
110100014930089,13,马驹桥邮局,000000000022490
110100014930083,14,马驹桥北门口,000000000022490
110100014930105,15,北门口村路口,000000000022490
110100014930108,16,兴贸北街西口,000000000022490
110100014930127,17,融商六路北口,000000000022490
110100014930125,18,融商六路北站,000000000022490
110100014930111,19,融商六路,000000000022490
110100014930116,20,兴贸二街,000000000022490
110100014930117,21,兴贸三街,000000000022490
110100014930097,22,马驹桥六号桥北,000000000022490
110100014930095,23,马大路西口,000000000022490
110100014930126,24,后银子村北口,000000000022490
110100014930042,25,后银子村,000000000022490
110100014930043,26,前银子村,000000000022490
