stationId,stopNumber,stopName,lineId
110100016158010,1,地铁苹果园站,000000058698621
110100016158016,2,金顶南路,000000058698621
110100016158017,3,金安桥西,000000058698621
110100016158018,4,首钢小西门,000000058698621
110100016158019,5,广宁村,000000058698621
110100016158020,6,石景山火车站,000000058698621
110100016158021,7,麻峪北口,000000058698621
110100016158022,8,侯庄子,000000058698621
110100016158023,9,龙泉花园,000000058698621
110100016158024,10,绿岛家园,000000058698621
110100016158025,11,河滩北站,000000058698621
110100016158026,12,城子,000000058698621
110100016158027,13,城子北站,000000058698621
110100016158028,14,琉璃渠,000000058698621
110100016158029,15,龙泉务,000000058698621
110100016158030,16,龙泉务北口,000000058698621
110100016158031,17,陈家庄,000000058698621
110100016158032,18,野溪,000000058698621
110100016158033,19,嬉水湾,000000058698621
110100016158034,20,陇驾庄东口,000000058698621
110100016158035,21,陇驾庄,000000058698621
110100016158036,22,陇驾庄西口,000000058698621
110100016158037,23,丁家滩,000000058698621
110100016158038,24,下苇甸桥,000000058698621
110100016158039,25,石古岩,000000058698621
110100016158040,26,西石古岩,000000058698621
110100016158041,27,色树坟,000000058698621
110100016158042,28,色树坟西,000000058698621
110100016158043,29,王平村,000000058698621
110100016158044,30,王平村北,000000058698621
110100016158045,31,惠和新苑西口,000000058698621
110100016158046,32,落坡岭,000000058698621
110100016158047,33,清水涧,000000058698621
110100016158048,34,清水涧北,000000058698621
110100016158049,35,安家庄,000000058698621
110100016158050,36,十八潭,000000058698621
110100016158051,37,河南台,000000058698621
110100016158052,38,雁翅,000000058698621
110100016158053,39,芹峪口,000000058698621
110100016158054,40,下马岭,000000058698621
110100016158055,41,太子墓,000000058698621
110100016158056,42,付家台东,000000058698621
110100016158057,43,珍珠湖路口,000000058698621
110100016158058,44,青白口,000000058698621
110100016158059,45,法城口,000000058698621
110100016158060,46,桑峪口,000000058698621
110100016158061,47,军响,000000058698621
110100016158062,48,门头沟东胡林,000000058698621
110100016158063,49,门头沟西胡林,000000058698621
110100016158094,50,高铺新村,000000058698621
110100016158064,51,火村口,000000058698621
110100016158065,52,斋堂公交场站,000000058698621
110100016158090,53,斋堂,000000058698621
110100016158096,54,斋堂西口,000000058698621
110100016158095,55,西斋堂,000000058698621
110100016158069,56,爨底下路口,000000058698621
110100016158070,57,高铺,000000058698621
110100016158071,58,达摩口,000000058698621
110100016158072,59,下清水,000000058698621
110100016158073,60,清水,000000058698621
110100016158074,61,上清水,000000058698621
110100016158075,62,清水镇新村,000000058698621
110100016158076,63,清水镇政府,000000058698621
110100016158077,64,百花山路口,000000058698621
110100016158093,65,梁家铺,000000058698621
110100016158079,66,塔河村,000000058698621
110100016158080,67,龙王口,000000058698621
110100016158081,68,黄塔,000000058698621
110100016158082,69,八亩堰,000000058698621
110100016158083,70,简昌村路口,000000058698621
110100016158084,71,双涧子路口,000000058698621
110100016158085,72,张家铺,000000058698621
110100016158086,73,百花山站,000000058698621
