stationId,stopNumber,stopName,lineId
110100013482020,1,北京南站,000000058402570
110100013482006,2,永定门汽车站,000000058402570
110100013482007,3,永定门西,000000058402570
110100013482008,4,沙子口东,000000058402570
110100013482009,5,安乐林,000000058402570
110100013482021,6,景泰路口东,000000058402570
110100013482010,7,安乐林路东口,000000058402570
110100013482011,8,蒲方路西口,000000058402570
110100013482012,9,方庄环岛西,000000058402570
110100013482013,10,方庄环岛南,000000058402570
110100013482022,11,方庄南口,000000058402570
110100013482014,12,东铁营桥东,000000058402570
110100013482015,13,成寿寺路北口,000000058402570
110100013482016,14,成寿寺,000000058402570
110100013482017,15,地铁成寿寺站,000000058402570
110100013482018,16,郭家村,000000058402570
110100013482023,17,郭家村南站,000000058402570
110100013482019,18,肖村桥北,000000058402570
