stationId,stopNumber,stopName,lineId
110100015348114,1,张坊村南,000011574150921
110100015348118,2,张坊村,000011574150921
110100015348135,3,张坊公交场站,000011574150921
110100015348004,4,张坊镇政府,000011574150921
110100015348005,5,下寺,000011574150921
110100015348006,6,大峪沟,000011574150921
110100015348133,7,蔡家口新村,000011574150921
110100015348007,8,蔡家口,000011574150921
110100015348124,9,蔡家口村东,000011574150921
110100015348008,10,云居滑雪场,000011574150921
110100015348134,11,云居寺村南,000011574150921
110100015348009,12,云居寺,000011574150921
110100015348128,13,房山下庄,000011574150921
110100015348011,14,后石门,000011574150921
110100015348012,15,三座庵,000011574150921
110100015348125,16,黄元井村北口,000011574150921
110100015348013,17,六甲房,000011574150921
110100015348115,18,甘池路口,000011574150921
110100015348019,19,坟庄,000011574150921
110100015348126,20,长海御墅,000011574150921
110100015348020,21,云居寺路东口,000011574150921
110100015348021,22,长沟沿村,000011574150921
110100015348082,23,长沟检查站,000011574150921
110100015348023,24,二龙岗,000011574150921
110100015348024,25,五侯路口,000011574150921
110100015348025,26,房山岳各庄,000011574150921
110100015348026,27,育才学校房山分校,000011574150921
110100015348027,28,尤家坟,000011574150921
110100015348028,29,东周各庄,000011574150921
110100015348029,30,石瓦路口,000011574150921
110100015348030,31,瓦井,000011574150921
110100015348031,32,南韩继,000011574150921
110100015348032,33,龙宝峪,000011574150921
110100015348033,34,新街,000011574150921
110100015348129,35,周口店镇辛庄,000011574150921
110100015348035,36,大韩继,000011574150921
110100015348121,37,龙乡苑,000011574150921
110100015348036,38,周口店路口,000011574150921
110100015348083,39,周口村路口,000011574150921
110100015348122,40,房山云峰寺路口,000011574150921
110100015348038,41,顾册,000011574150921
110100015348039,42,牛口峪路口,000011574150921
110100015348084,43,房山南关立交桥南,000011574150921
110100015348041,44,房山南关,000011574150921
110100015348085,45,房山中医医院,000011574150921
110100015348043,46,房山南大街,000011574150921
110100015348044,47,房山大角南,000011574150921
110100015348109,48,房山大角东,000011574150921
110100015348046,49,房山东大街,000011574150921
110100015348047,50,房山东大桥,000011574150921
110100015348087,51,饶乐府,000011574150921
110100015348049,52,城关街道办事处,000011574150921
110100015348050,53,房山马各庄,000011574150921
110100015348051,54,大于路北口,000011574150921
110100015348052,55,大石河,000011574150921
110100015348053,56,大董村,000011574150921
110100015348088,57,绿城百合路口,000011574150921
110100015348089,58,紫草坞路口,000011574150921
110100015348056,59,阎村,000011574150921
110100015348057,60,炒米店路口,000011574150921
110100015348090,61,阎村桥,000011574150921
110100015348110,62,蓝光海悦城小区,000011574150921
110100015348111,63,良乡西路,000011574150921
110100015348061,64,苏庄东街北口,000011574150921
110100015348091,65,良乡西门,000011574150921
110100015348092,66,良乡大角,000011574150921
110100015348093,67,良乡医院,000011574150921
110100015348094,68,昊天温泉家园,000011574150921
110100015348066,69,昊蓝温泉家园,000011574150921
110100015348130,70,梅花庄新村西,000011574150921
110100015348067,71,梅花庄新村,000011574150921
110100015348112,72,智汇城创业园,000011574150921
110100015348113,73,中国社会科学院(良乡),000011574150921
110100015348097,74,地铁良乡大学城北站,000011574150921
110100015348073,75,地铁良乡大学城站东,000011574150921
110100015348074,76,梨村路口,000011574150921
110100015348132,77,燕保阜盛家园南门,000011574150921
110100015348076,78,葫芦垡,000011574150921
110100015348131,79,葫芦垡南站,000011574150921
