stationId,stopNumber,stopName,lineId
110100015783002,1,和平东桥,000000058306440
110100015783003,2,和平西桥北,000000058306440
110100015783004,3,樱花园西街,000000058306440
110100015783005,4,惠新西街,000000058306440
110100015783027,5,惠新西桥,000000058306440
110100015783006,6,安慧里五区,000000058306440
110100015783007,7,慧忠路东口,000000058306440
110100015783008,8,北苑路大屯,000000058306440
110100015783009,9,北苑路大屯北站,000000058306440
110100015783010,10,辛店村,000000058306440
110100015783011,11,北苑,000000058306440
110100015783012,12,大羊坊,000000058306440
110100015783013,13,立水桥,000000058306440
110100015783014,14,立水桥北站,000000058306440
110100015783015,15,地铁立水桥站,000000058306440
110100015783016,16,东小口,000000058306440
110100015783017,17,天通苑西门,000000058306440
110100015783018,18,丽水园,000000058306440
110100015783019,19,天通苑太平庄,000000058306440
110100015783020,20,地铁天通苑站,000000058306440
110100015783021,21,天通西苑三区北门,000000058306440
110100015783025,22,半截塔村,000000058306440
110100015783022,23,都市芳园,000000058306440
110100015783026,24,九台庄园东站,000000058306440
110100015783023,25,九台庄园,000000058306440
110100015783024,26,回南家园,000000058306440
