stationId,stopNumber,stopName,lineId
900000113383028,1,延庆火车站北广场,000007444772141
900000113383029,2,司家营,000007444772141
900000113383030,3,延庆南菜园,000007444772141
900000113383031,4,延庆东关,000007444772141
900000113383001,5,川北小区南门,000007444772141
900000113383002,6,石河营,000007444772141
900000113383003,7,京张路口东,000007444772141
900000113383004,8,延庆东桥东,000007444772141
900000113383005,9,延庆八中,000007444772141
900000113383006,10,八里店,000007444772141
900000113383007,11,八里店东口站,000007444772141
900000113383008,12,王化营路口,000007444772141
900000113383009,13,东王化营,000007444772141
900000113383010,14,东王化营路口,000007444772141
900000113383011,15,前吕庄,000007444772141
900000113383012,16,后吕庄,000007444772141
900000113383013,17,常家营,000007444772141
900000113383014,18,大柏老,000007444772141
900000113383015,19,大柏老东口,000007444772141
900000113383016,20,小柏老,000007444772141
900000113383017,21,西龙湾,000007444772141
900000113383018,22,东龙湾,000007444772141
900000113383019,23,延庆有机蔬菜研究所,000007444772141
900000113383020,24,团山,000007444772141
900000113383027,25,团山北站,000007444772141
900000113383021,26,盆窑南站,000007444772141
900000113383022,27,盆窑,000007444772141
900000113383023,28,延庆旧县南站,000007444772141
900000113383024,29,延庆旧县建雄小区,000007444772141
900000113383025,30,东羊坊,000007444772141
900000113383026,31,三里庄村,000007444772141
