stationId,stopNumber,stopName,lineId
900000123770001,1,金安桥东,000010522051140
900000123770002,2,金安桥西,000010522051140
900000123770018,3,铸造村,000010522051140
900000123770016,4,首钢小西门,000010522051140
900000123770003,5,广宁村,000010522051140
900000123770017,6,石景山火车站,000010522051140
900000123770004,7,麻峪站,000010522051140
900000123770005,8,电厂路,000010522051140
900000123770006,9,高井路口南,000010522051140
900000123770007,10,高井路口西,000010522051140
900000123770008,11,石景山高井,000010522051140
900000123770009,12,黑石头,000010522051140
900000123770014,13,五里坨东街,000010522051140
900000123770015,14,石门南路,000010522051140
900000123770010,15,五里坨西街,000010522051140
900000123770019,16,五里坨西街北口,000010522051140
900000123770011,17,隆恩寺路南口,000010522051140
900000123770012,18,隆恩寺路,000010522051140
900000123770013,19,隆恩寺,000010522051140
900000123770020,20,隆恩寺北,000010522051140
