stationId,stopNumber,stopName,lineId
110100015926051,1,菜户营桥西,000000058236390
110100015926004,2,菜户营西站,000000058236390
110100015926050,3,中国戏曲学院(临时站),000000058236390
110100015926052,4,三路居(临时站),000000058236390
110100015926006,5,地铁西局站,000000058236390
110100015926007,6,丰台北路,000000058236390
110100015926008,7,七里庄,000000058236390
110100015926009,8,大井南里,000000058236390
110100015926010,9,大井,000000058236390
110100015926011,10,双楼村,000000058236390
110100015926012,11,双林南路,000000058236390
110100015926013,12,双林苑,000000058236390
110100015926014,13,梅市口南站,000000058236390
110100015926049,14,梅市口西站,000000058236390
110100015926040,15,新丰路北口,000000058236390
110100015926037,16,张仪村东站,000000058236390
110100015926015,17,地铁园博园站,000000058236390
110100015926016,18,地铁张郭庄站,000000058236390
110100015926017,19,太子峪,000000058236390
110100015926018,20,太子峪南,000000058236390
110100015926048,21,珠光逸景小区,000000058236390
110100015926019,22,吕村北站,000000058236390
110100015926020,23,吕村,000000058236390
110100015926021,24,珠江御景小区北门,000000058236390
110100015926022,25,辛庄南路南口,000000058236390
110100015926023,26,镇岗塔路南口,000000058236390
110100015926024,27,云岗北区,000000058236390
110100015926025,28,云岗,000000058236390
110100015926026,29,南宫北站,000000058236390
110100015926027,30,东王佐,000000058236390
110100015926028,31,王佐学校,000000058236390
110100015926029,32,西王佐,000000058236390
110100015926038,33,怪村村委会,000000058236390
110100015926039,34,鑫湖家园,000000058236390
110100015926041,35,王佐桥西,000000058236390
110100015926047,36,怪村,000000058236390
110100015926035,37,怪村公交场站,000000058236390
