stationId,stopNumber,stopName,lineId
110100016138002,1,西台子,000005815190720
110100016138056,2,兰旗栅子,000005815190720
110100016138004,3,大北湾,000005815190720
110100016138065,4,大北湾西,000005815190720
110100016138006,5,崎峰茶,000005815190720
110100016138064,6,孙胡沟门,000005815190720
110100016138042,7,横河子,000005815190720
110100016138043,8,大河口,000005815190720
110100016138007,9,大地,000005815190720
110100016138059,10,琉璃庙镇南湾子,000005815190720
110100016138008,11,皮条沟,000005815190720
110100016138009,12,西沟门,000005815190720
110100016138072,13,西岗子,000005815190720
110100016138011,14,碾子湾,000005815190720
110100016138073,15,招呼站,000005815190720
110100016138012,16,后河套,000005815190720
110100016138013,17,朱营子,000005815190720
110100016138014,18,偏道子,000005815190720
110100016138045,19,桥头,000005815190720
110100016138070,20,琉璃庙,000005815190720
110100016138017,21,南台,000005815190720
110100016138046,22,怀柔龙泉峪,000005815190720
110100016138018,23,柏查子,000005815190720
110100016138019,24,梧桐豪,000005815190720
110100016138020,25,七道沟,000005815190720
110100016138021,26,后山铺,000005815190720
110100016138047,27,刘家店,000005815190720
110100016138024,28,怀北镇黄土梁,000005815190720
110100016138025,29,幽谷神潭,000005815190720
110100016138063,30,怀北镇八亩地北,000005815190720
110100016138026,31,怀北镇八亩地,000005815190720
110100016138027,32,椴树岭,000005815190720
110100016138062,33,椴树岭南,000005815190720
110100016138028,34,怀北镇北台子,000005815190720
110100016138029,35,峪道河,000005815190720
110100016138030,36,干河峪,000005815190720
110100016138069,37,冷水峪,000005815190720
110100016138031,38,青龙峡道口,000005815190720
110100016138049,39,河防口,000005815190720
110100016138050,40,河防口南,000005815190720
110100016138032,41,怀北庄,000005815190720
110100016138060,42,怀北庄南,000005815190720
110100016138033,43,雁栖湖,000005815190720
110100016138034,44,怀北镇,000005815190720
110100016138035,45,北台下,000005815190720
110100016138052,46,顶秀美泉小镇,000005815190720
110100016138053,47,雁栖镇北口,000005815190720
110100016138036,48,雁栖镇,000005815190720
110100016138054,49,雁栖镇南口,000005815190720
110100016138037,50,中富乐,000005815190720
110100016138038,51,大中富乐村口,000005815190720
110100016138039,52,迎宾路北口,000005815190720
110100016138055,53,于家园一区,000005815190720
110100016138040,54,于家园,000005815190720
