stationId,stopNumber,stopName,lineId
110100016451017,1,北街家园五区,000000058632521
110100016451018,2,高教园北二街,000000058632521
110100016451019,3,北街家园八区南,000000058632521
110100016451002,4,北街家园八区北,000000058632521
110100016451005,5,北街家园二区东门,000000058632521
110100016451016,6,北街家园一区,000000058632521
110100016451007,7,高教园中街东站,000000058632521
110100016451008,8,高教园中街,000000058632521
110100016451009,9,北沙河西三路,000000058632521
110100016451010,10,满井路东口,000000058632521
110100016451011,11,满井桥,000000058632521
110100016451012,12,满井,000000058632521
110100016451013,13,路庄桥南,000000058632521
110100016451014,14,沙河北大桥,000000058632521
110100016451015,15,沙河站,000000058632521
