stationId,stopNumber,stopName,lineId
900000110749001,1,海子角,000009466780680
900000110749073,2,绿色庄园,000009466780680
900000110749002,3,海子角东口,000009466780680
900000110749003,4,海子角北口站,000009466780680
900000110749063,5,大兴桥西,000009466780680
900000110749054,6,林校北路,000009466780680
900000110749055,7,黄村火车站东,000009466780680
900000110749069,8,义和庄东里,000009466780680
900000110749070,9,义和庄,000009466780680
900000110749019,10,地铁义和庄站,000009466780680
900000110749020,11,念坛公园,000009466780680
900000110749064,12,盛源桥北,000009466780680
900000110749021,13,天水大街北口,000009466780680
900000110749022,14,念坛,000009466780680
900000110749057,15,罗奇营,000009466780680
900000110749023,16,罗奇营西,000009466780680
900000110749058,17,新立村,000009466780680
900000110749076,18,新立村西,000009466780680
900000110749025,19,马村,000009466780680
900000110749059,20,六合庄路南口,000009466780680
900000110749026,21,葫芦垡,000009466780680
900000110749060,22,燕保阜盛家园南门,000009466780680
900000110749071,23,燕保阜盛家园,000009466780680
900000110749027,24,知兴东路,000009466780680
900000110749074,25,地铁良乡大学城站东,000009466780680
900000110749028,26,地铁良乡大学城站,000009466780680
900000110749065,27,理工睿府,000009466780680
900000110749075,28,阳光南大街,000009466780680
900000110749029,29,东羊庄新村,000009466780680
900000110749030,30,良乡伟业嘉园,000009466780680
900000110749031,31,良乡东关,000009466780680
900000110749032,32,良乡大角,000009466780680
900000110749033,33,良乡西门,000009466780680
900000110749034,34,苏庄东街,000009466780680
900000110749035,35,苏庄中路,000009466780680
900000110749062,36,苏庄大街,000009466780680
900000110749067,37,地铁苏庄站,000009466780680
900000110749066,38,苏庄西街南口,000009466780680
900000110749036,39,阎村,000009466780680
900000110749037,40,紫草坞路口,000009466780680
900000110749038,41,大董村,000009466780680
900000110749039,42,大窦桥南,000009466780680
900000110749040,43,西坟村,000009466780680
900000110749041,44,昊腾家园,000009466780680
900000110749042,45,开古庄,000009466780680
900000110749077,46,水墨林溪北,000009466780680
900000110749078,47,水墨林溪公交场站,000009466780680
