stationId,stopNumber,stopName,lineId
110100011686002,1,十里河桥南,000000058460600
110100011686020,2,亦庄北环东路,000000058460600
110100011686019,3,万源街西口,000000058460600
110100011686004,4,永昌北路南口,000000058460600
110100011686005,5,隆盛产业园,000000058460600
110100011686006,6,永昌南路南站,000000058460600
110100011686007,7,凉水河桥南,000000058460600
110100011686008,8,通州第二医院,000000058460600
110100011686017,9,马驹桥一号桥,000000058460600
110100011686010,10,小白村,000000058460600
110100011686011,11,温馨家园,000000058460600
110100011686012,12,通州姚村南,000000058460600
110100011686013,13,小古二路,000000058460600
110100011686014,14,周营北口,000000058460600
110100011686015,15,杨秀店北,000000058460600
110100011686016,16,杨秀店,000000058460600
110100011686022,17,杨秀店公交场站,000000058460600
