stationId,stopNumber,stopName,lineId
110100014949101,1,翠屏西路,000000000022510
110100014949047,2,格瑞雅居小区,000000000022510
110100014949109,3,翠屏北里,000000000022510
110100014949110,4,翠屏西路北口,000000000022510
110100014949063,5,科印小区,000000000022510
110100014949142,6,通州北苑路口南,000000000022510
110100014949112,7,通州北苑路口东,000000000022510
110100014949113,8,通州西门路口北,000000000022510
110100014949143,9,通惠北路南口,000000000022510
110100014949144,10,二六三医院,000000000022510
110100014949069,11,永顺路南口,000000000022510
110100014949070,12,岳庄,000000000022510
110100014949116,13,通州佟麟阁大街,000000000022510
110100014949117,14,潞河医院路口东,000000000022510
110100014949118,15,通州车站路口西,000000000022510
110100014949119,16,通州南关西,000000000022510
110100014949120,17,北小园,000000000022510
110100014949151,18,玉桥中路北口,000000000022510
110100014949098,19,玉桥中路,000000000022510
110100014949099,20,乔庄北街,000000000022510
110100014949079,21,玉桥北里,000000000022510
110100014949103,22,玉桥东路,000000000022510
110100014949106,23,梨园北街,000000000022510
110100014949121,24,通州三间房,000000000022510
110100014949122,25,梨园东里南区,000000000022510
110100014949052,26,梨园南街西口,000000000022510
110100014949152,27,通州小街桥东,000000000022510
110100014949124,28,地铁临河里站,000000000022510
110100014949145,29,颐瑞中二路北口,000000000022510
110100014949146,30,颐瑞中二路,000000000022510
110100014949147,31,颐瑞中二路南口,000000000022510
110100014949153,32,地铁高楼金站,000000000022510
110100014949131,33,高楼金村,000000000022510
110100014949154,34,太玉园北口,000000000022510
110100014949155,35,太玉园小区,000000000022510
110100014949156,36,张家湾,000000000022510
110100014949157,37,祥和乐园小区,000000000022510
110100014949158,38,牌楼营村,000000000022510
110100014949159,39,齐善庄,000000000022510
110100014949160,40,齐善庄南站,000000000022510
110100014949161,41,三间房村,000000000022510
110100014949162,42,潞关村,000000000022510
110100014949163,43,南大化村,000000000022510
