stationId,stopNumber,stopName,lineId
110100014453002,1,大灰厂西站,000000058242971
110100014453003,2,大灰厂,000000058242971
110100014453004,3,丰台李家坟,000000058242971
110100014453005,4,大灰厂村,000000058242971
110100014453006,5,北宫森林公园,000000058242971
110100014453035,6,丰台辛庄,000000058242971
110100014453036,7,丰台辛庄东站,000000058242971
110100014453037,8,南营西站,000000058242971
110100014453038,9,南营,000000058242971
110100014453039,10,南营东站,000000058242971
110100014453040,11,槐树岭,000000058242971
110100014453041,12,槐树岭南站,000000058242971
110100014453012,13,张郭庄,000000058242971
110100014453013,14,张郭庄小区北,000000058242971
110100014453014,15,张郭庄小区东,000000058242971
110100014453015,16,装甲兵干休所,000000058242971
110100014453016,17,杜家坎,000000058242971
110100014453017,18,抗战雕塑园,000000058242971
110100014453018,19,西道口,000000058242971
110100014453019,20,六里桥北里,000000058242971
