stationId,stopNumber,stopName,lineId
110100015983055,1,洪水口,000000058268760
110100015983056,2,双塘涧北,000000058268760
110100015983002,3,双塘涧灵山景区,000000058268760
110100015983003,4,齐家庄,000000058268760
110100015983004,5,张家庄,000000058268760
110100015983071,6,张家庄南口,000000058268760
110100015983073,7,杜家庄西口,000000058268760
110100015983005,8,杜家庄,000000058268760
110100015983006,9,百花山路口,000000058268760
110100015983057,10,清水镇政府,000000058268760
110100015983007,11,清水镇新村,000000058268760
110100015983008,12,上清水,000000058268760
110100015983058,13,清水,000000058268760
110100015983009,14,下清水,000000058268760
110100015983010,15,达摩口,000000058268760
110100015983059,16,高铺,000000058268760
110100015983011,17,爨底下路口,000000058268760
110100015983080,18,西斋堂,000000058268760
110100015983081,19,斋堂西口,000000058268760
110100015983082,20,斋堂,000000058268760
110100015983072,21,斋堂公交场站,000000058268760
110100015983016,22,火村口,000000058268760
110100015983075,23,高铺新村,000000058268760
110100015983017,24,门头沟西胡林,000000058268760
110100015983018,25,门头沟东胡林,000000058268760
110100015983019,26,军响,000000058268760
110100015983060,27,桑峪口,000000058268760
110100015983020,28,法城口,000000058268760
110100015983021,29,青白口,000000058268760
110100015983022,30,珍珠湖路口,000000058268760
110100015983076,31,付家台东,000000058268760
110100015983023,32,太子墓,000000058268760
110100015983024,33,下马岭,000000058268760
110100015983025,34,芹峪口,000000058268760
110100015983026,35,雁翅,000000058268760
110100015983061,36,河南台,000000058268760
110100015983027,37,十八潭,000000058268760
110100015983028,38,安家庄,000000058268760
110100015983062,39,清水涧北,000000058268760
110100015983029,40,清水涧,000000058268760
110100015983030,41,落坡岭,000000058268760
110100015983063,42,惠和新苑西口,000000058268760
110100015983064,43,王平村北,000000058268760
110100015983031,44,王平村,000000058268760
110100015983065,45,色树坟西,000000058268760
110100015983032,46,色树坟,000000058268760
110100015983066,47,西石古岩,000000058268760
110100015983033,48,石古岩,000000058268760
110100015983034,49,下苇甸桥,000000058268760
110100015983070,50,丁家滩北口,000000058268760
110100015983035,51,丁家滩,000000058268760
110100015983036,52,陇驾庄西口,000000058268760
110100015983037,53,陇驾庄,000000058268760
110100015983067,54,陇驾庄东口,000000058268760
110100015983038,55,嬉水湾,000000058268760
110100015983039,56,野溪,000000058268760
110100015983068,57,陈家庄,000000058268760
110100015983069,58,龙泉务北口,000000058268760
110100015983040,59,龙泉务,000000058268760
110100015983041,60,琉璃渠,000000058268760
110100015983074,61,城子北站,000000058268760
110100015983043,62,城子,000000058268760
110100015983044,63,河滩北站,000000058268760
110100015983045,64,绿岛家园,000000058268760
110100015983046,65,龙泉花园,000000058268760
110100015983047,66,侯庄子,000000058268760
110100015983048,67,麻峪北口,000000058268760
110100015983049,68,石景山火车站,000000058268760
110100015983050,69,广宁村,000000058268760
110100015983051,70,首钢小西门,000000058268760
110100015983079,71,金安桥西,000000058268760
110100015983052,72,金安桥东,000000058268760
110100015983053,73,金顶南路,000000058268760
110100015983054,74,地铁苹果园站,000000058268760
