stationId,stopNumber,stopName,lineId
110100016060062,1,千军台,000000058284400
110100016060063,2,北台,000000058284400
110100016060068,3,千军台村,000000058284400
110100016060069,4,千军台小学,000000058284400
110100016060005,5,庄户,000000058284400
110100016060057,6,板桥,000000058284400
110100016060006,7,玉皇庙,000000058284400
110100016060007,8,灰地,000000058284400
110100016060008,9,三孔桥,000000058284400
110100016060053,10,大台西洼,000000058284400
110100016060009,11,大台,000000058284400
110100016060065,12,大台火车站,000000058284400
110100016060010,13,桃园,000000058284400
110100016060058,14,桃园小道,000000058284400
110100016060011,15,菜台,000000058284400
110100016060066,16,菜台小道,000000058284400
110100016060012,17,北京人民轴承厂,000000058284400
110100016060013,18,清水涧,000000058284400
110100016060014,19,落坡岭,000000058284400
110100016060015,20,惠和新苑西口,000000058284400
110100016060044,21,王平村北,000000058284400
110100016060016,22,王平村,000000058284400
110100016060017,23,色树坟西,000000058284400
110100016060045,24,色树坟,000000058284400
110100016060059,25,西石古岩,000000058284400
110100016060018,26,石古岩,000000058284400
110100016060019,27,下苇甸桥,000000058284400
110100016060056,28,丁家滩北口,000000058284400
110100016060020,29,丁家滩,000000058284400
110100016060047,30,陇驾庄西口,000000058284400
110100016060022,31,陇驾庄,000000058284400
110100016060048,32,陇驾庄东口,000000058284400
110100016060023,33,嬉水湾,000000058284400
110100016060024,34,野溪,000000058284400
110100016060049,35,陈家庄,000000058284400
110100016060050,36,龙泉务北口,000000058284400
110100016060025,37,龙泉务,000000058284400
110100016060026,38,琉璃渠,000000058284400
110100016060051,39,城子北站,000000058284400
110100016060028,40,城子,000000058284400
110100016060029,41,河滩北站,000000058284400
110100016060030,42,新桥大街,000000058284400
110100016060031,43,双峪,000000058284400
110100016060032,44,侯庄子,000000058284400
110100016060052,45,麻峪北口,000000058284400
110100016060033,46,麻峪,000000058284400
110100016060034,47,石景山火车站,000000058284400
110100016060035,48,广宁村,000000058284400
110100016060036,49,首钢小西门,000000058284400
110100016060067,50,铸造村,000000058284400
110100016060037,51,金安桥东,000000058284400
110100016060038,52,金顶南路,000000058284400
110100016060039,53,地铁苹果园站,000000058284400
