stationId,stopNumber,stopName,lineId
110100015487050,1,怀柔区新医院公交场站,000007714718660
110100015487004,2,怀柔区新医院,000007714718660
110100015487036,3,张各长东,000007714718660
110100015487043,4,永泰街,000007714718660
110100015487037,5,地和路北口,000007714718660
110100015487051,6,南房村口,000007714718660
110100015487046,7,南房村南,000007714718660
110100015487034,8,南房,000007714718660
110100015487038,9,黄吉营,000007714718660
110100015487039,10,小周各庄北,000007714718660
110100015487035,11,新房子路口,000007714718660
110100015487044,12,黄吉营北,000007714718660
110100015487011,13,驸马庄园,000007714718660
110100015487012,14,金泰丽富馨园,000007714718660
110100015487013,15,北房中学,000007714718660
110100015487014,16,幸福东园东站,000007714718660
110100015487015,17,幸福东园西站,000007714718660
110100015487040,18,北房镇政府,000007714718660
110100015487041,19,北房村北,000007714718660
110100015487048,20,北房站,000007714718660
110100015487042,21,安各庄南,000007714718660
110100015487017,22,安各庄,000007714718660
110100015487018,23,宰相庄,000007714718660
110100015487019,24,宰相庄西口,000007714718660
110100015487033,25,杨雁东二路北口,000007714718660
110100015487020,26,乐园大街路口东,000007714718660
110100015487055,27,乐园庄东,000007714718660
110100015487021,28,乐园庄,000007714718660
110100015487022,29,怀柔陈各庄,000007714718660
110100015487023,30,光织谷东,000007714718660
110100015487024,31,光织谷,000007714718660
110100015487025,32,中富乐,000007714718660
110100015487026,33,怀柔劳动大厦,000007714718660
110100015487027,34,怀柔农发地,000007714718660
110100015487052,35,于家园北,000007714718660
110100015487028,36,于家园,000007714718660
110100015487029,37,下元,000007714718660
110100015487045,38,兴怀大街东口,000007714718660
110100015487032,39,怀柔区新医院北,000007714718660
