stationId,stopNumber,stopName,lineId
110100014414066,1,采四小区,000000058234231
110100014414067,2,万怡小区,000000058234231
110100014414088,3,中石油廊坊分院,000000058234231
110100014414089,4,万乐小区东门,000000058234231
110100014414090,5,文化路北,000000058234231
110100014414091,6,万庄小区路口,000000058234231
110100014414092,7,万庄,000000058234231
110100014414083,8,侯孙洼,000000058234231
110100014414084,9,李孙洼南,000000058234231
110100014414085,10,李孙洼北,000000058234231
110100014414086,11,伊指挥营南,000000058234231
110100014414087,12,伊指挥营东,000000058234231
110100014414078,13,大兴韩营,000000058234231
110100014414060,14,再城营,000000058234231
110100014414015,15,下黎城村,000000058234231
110100014414016,16,采育,000000058234231
110100014414017,17,朱庄,000000058234231
110100014414018,18,马朱路口,000000058234231
110100014414063,19,永和庄村东口,000000058234231
110100014414019,20,郑二营,000000058234231
110100014414079,21,窦营村,000000058234231
110100014414020,22,靳七营,000000058234231
110100014414048,23,长子营开发区,000000058234231
110100014414021,24,杨秀店,000000058234231
110100014414022,25,古庄,000000058234231
110100014414023,26,温馨家园,000000058234231
110100014414024,27,小白村,000000058234231
110100014414025,28,马驹桥一号桥,000000058234231
110100014414026,29,通州第二医院,000000058234231
110100014414027,30,凉水河桥南,000000058234231
110100014414064,31,同仁医院亦庄分院,000000058234231
110100014414065,32,地铁荣昌东街站,000000058234231
