stationId,stopNumber,stopName,lineId
110100014001019,1,万柳中路北口,000000058502540
110100014001004,2,万柳中路,000000058502540
110100014001005,3,汇新家园,000000058502540
110100014001006,4,万柳中路南口,000000058502540
110100014001007,5,远大路东口,000000058502540
110100014001008,6,蓝靛厂中路,000000058502540
110100014001009,7,空军指挥学院南门,000000058502540
110100014001010,8,四海桥,000000058502540
110100014001022,9,四海桥北,000000058502540
110100014001011,10,北营门,000000058502540
110100014001012,11,中坞,000000058502540
110100014001013,12,玉泉园,000000058502540
110100014001014,13,北坞村西站,000000058502540
110100014001015,14,北坞村,000000058502540
110100014001016,15,颐和园西门,000000058502540
