stationId,stopNumber,stopName,lineId
900000083568001,1,福苑小区,000006955771891
900000083568002,2,福苑西区,000006955771891
900000083568003,3,福苑东区,000006955771891
900000083568015,4,金苑路,000006955771891
900000083568005,5,泰中花园东门,000006955771891
900000083568006,6,高米店,000006955771891
900000083568007,7,郁花园,000006955771891
900000083568017,8,西红门南站,000006955771891
900000083568009,9,宏福路东口,000006955771891
900000083568010,10,兴海学校,000006955771891
900000083568011,11,兴海公园,000006955771891
900000083568012,12,宏福路,000006955771891
900000083568013,13,地铁西红门站,000006955771891
900000083568014,14,西红门西站,000006955771891
