stationId,stopNumber,stopName,lineId
110100013598025,1,德茂桥东,000000058440201
110100013598010,2,德茂庄,000000058440201
110100013598027,3,地铁德茂站,000000058440201
110100013598026,4,忠兴庄,000000058440201
110100013598012,5,瀛海庄,000000058440201
110100013598028,6,地铁瀛海站,000000058440201
110100013598013,7,三槐堂,000000058440201
110100013598031,8,同心庄,000000058440201
110100013598014,9,笃庆堂,000000058440201
110100013598015,10,北普陀影视城,000000058440201
110100013598016,11,大兴南宫村,000000058440201
110100013598017,12,南大红门,000000058440201
110100013598018,13,曹村,000000058440201
110100013598019,14,垡上,000000058440201
110100013598020,15,青云店敬老院,000000058440201
110100013598021,16,青云市场,000000058440201
110100013598022,17,花园新区,000000058440201
110100013598030,18,青云店(临时站),000000058440201
110100013598024,19,青云店公交场站,000000058440201
