stationId,stopNumber,stopName,lineId
110100014104032,1,刘娘府北街北口,000000058540270
110100014104033,2,金府北路,000000058540270
110100014104034,3,银保产业园,000000058540270
110100014104035,4,金府南路东站,000000058540270
110100014104036,5,实兴北街北口,000000058540270
110100014104004,6,杏石口,000000058540270
110100014104005,7,西下庄南,000000058540270
110100014104006,8,西黄村北站,000000058540270
110100014104007,9,苹果园南路东口,000000058540270
110100014104008,10,黄南苑小区南,000000058540270
110100014104009,11,杨庄路东口,000000058540270
110100014104010,12,杨庄小区,000000058540270
110100014104011,13,八角西街北口,000000058540270
110100014104012,14,石景山科技馆,000000058540270
110100014104013,15,八角西街,000000058540270
110100014104014,16,京燕饭店,000000058540270
110100014104015,17,京原路口东,000000058540270
110100014104016,18,京原东站,000000058540270
110100014104017,19,银河大街,000000058540270
110100014104018,20,永乐西小区,000000058540270
110100014104019,21,焦家坟路口南,000000058540270
110100014104020,22,莲芳桥北,000000058540270
110100014104021,23,吴庄,000000058540270
110100014104042,24,吴庄南,000000058540270
110100014104038,25,张仪村北站,000000058540270
110100014104039,26,张仪村,000000058540270
110100014104040,27,张仪村南站,000000058540270
110100014104043,28,大瓦窑公交场站,000000058540270
