stationId,stopNumber,stopName,lineId
110100013514024,1,西苑枢纽站,000000058411181
110100013514025,2,西苑北站,000000058411181
110100013514026,3,颐和园,000000058411181
110100013514023,4,地铁北宫门站,000000058411181
110100013514002,5,颐和园北宫门,000000058411181
110100013514027,6,红山口,000000058411181
110100013514028,7,国防大学,000000058411181
110100013514003,8,黑山扈,000000058411181
110100013514029,9,黑山扈北口,000000058411181
110100013514004,10,西北旺,000000058411181
110100013514005,11,画眉山路东,000000058411181
110100013514006,12,画眉山路,000000058411181
110100013514007,13,屯佃,000000058411181
110100013514021,14,上庄路口北,000000058411181
110100013514008,15,永丰屯,000000058411181
110100013514032,16,永丰屯北,000000058411181
110100013514031,17,上庄镇南站,000000058411181
110100013514011,18,上庄镇,000000058411181
110100013514012,19,上庄水库南站,000000058411181
110100013514013,20,上庄水库,000000058411181
110100013514014,21,上庄南口,000000058411181
110100013514015,22,上庄卫生院,000000058411181
110100013514016,23,上庄东小营,000000058411181
110100013514020,24,上庄馨悦家园,000000058411181
110100013514017,25,白水洼,000000058411181
110100013514018,26,白水洼北站,000000058411181
110100013514019,27,西闸,000000058411181
