stationId,stopNumber,stopName,lineId
900000158883001,1,地铁九棵树站,000000000022480
900000158883002,2,九棵树,000000000022480
900000158883003,3,杨家洼,000000000022480
900000158883004,4,地铁梨园站,000000000022480
900000158883005,5,通州小街桥东,000000000022480
900000158883006,6,地铁临河里站,000000000022480
900000158883007,7,地铁土桥站,000000000022480
900000158883008,8,土桥村,000000000022480
900000158883009,9,土桥欣村,000000000022480
900000158883010,10,土桥新桥东,000000000022480
900000158883011,11,北许场村,000000000022480
900000158883012,12,张家湾开发区,000000000022480
900000158883013,13,张辛庄村西,000000000022480
900000158883014,14,张辛庄村,000000000022480
900000158883015,15,梁各庄村,000000000022480
900000158883016,16,武兴路口,000000000022480
900000158883017,17,大运河森林公园南门,000000000022480
900000158883018,18,大甘棠村西口,000000000022480
900000158883019,19,大甘棠村,000000000022480
900000158883020,20,武窑村北,000000000022480
900000158883021,21,小甘棠村,000000000022480
900000158883022,22,小豆各庄,000000000022480
900000158883023,23,大豆各庄,000000000022480
900000158883024,24,大豆各庄东口,000000000022480
900000158883025,25,曹坨村,000000000022480
900000158883026,26,甘棠桥西,000000000022480
900000158883027,27,大东各庄村,000000000022480
900000158883028,28,小东各庄村,000000000022480
900000158883029,29,谢家楼村,000000000022480
900000158883030,30,谢家楼村南,000000000022480
900000158883031,31,通州马坊村,000000000022480
900000158883032,32,通州马坊村桥,000000000022480
900000158883033,33,杜柳棵村,000000000022480
900000158883034,34,望君疃村,000000000022480
900000158883035,35,武辛庄村,000000000022480
900000158883036,36,西集,000000000022480
900000158883037,37,西集村西口,000000000022480
900000158883038,38,西集村,000000000022480
900000158883039,39,西集村东口,000000000022480
900000158883040,40,前东仪村,000000000022480
900000158883041,41,侯东仪村,000000000022480
900000158883042,42,史东仪村,000000000022480
900000158883043,43,黄东仪村,000000000022480
900000158883044,44,侯各庄路口,000000000022480
900000158883045,45,侯各庄村,000000000022480
