stationId,stopNumber,stopName,lineId
900000066559001,1,武夷花园,000005276657851
900000066559002,2,三元村,000005276657851
900000066559003,3,百合湾小区,000005276657851
900000066559004,4,东关大桥,000005276657851
900000066559005,5,通州东关西,000005276657851
900000066559006,6,新华大街,000005276657851
900000066559007,7,西大街路口东,000005276657851
900000066559008,8,西大街路口西,000005276657851
900000066559009,9,通州西门路口东,000005276657851
900000066559010,10,通州北苑路口东,000005276657851
900000066559011,11,通州北苑路口西,000005276657851
900000066559012,12,八里桥,000005276657851
900000066559030,13,重兴寺,000005276657851
900000066559031,14,杨闸路口东,000005276657851
900000066559032,15,杨闸路口西,000005276657851
900000066559033,16,杨闸中学,000005276657851
900000066559034,17,杨闸西站,000005276657851
900000066559035,18,双桥东,000005276657851
900000066559036,19,双桥西,000005276657851
900000066559037,20,茶家坟,000005276657851
900000066559038,21,梆子井,000005276657851
900000066559039,22,高碑店桥东,000005276657851
900000066559040,23,四惠东站,000005276657851
900000066559024,24,陈家林,000005276657851
900000066559025,25,四惠站,000005276657851
900000066559026,26,八王坟东,000005276657851
900000066559027,27,八王坟西,000005276657851
900000066559028,28,郎家园,000005276657851
900000066559029,29,大北窑东,000005276657851
