stationId,stopNumber,stopName,lineId
900000128524001,1,木樨园桥,000010858354230
900000128524002,2,木樨园桥东,000010858354230
900000128524003,3,赵公口桥西,000010858354230
900000128524004,4,赵公口桥南,000010858354230
900000128524005,5,石榴园,000010858354230
900000128524006,6,石榴园南,000010858354230
900000128524007,7,彩虹城小区,000010858354230
900000128524008,8,榴乡桥西,000010858354230
900000128524009,9,榴乡桥南,000010858354230
900000128524017,10,庑殿桥,000010858354230
900000128524010,11,庑殿桥南,000010858354230
900000128524012,12,南场东街西口,000010858354230
900000128524013,13,南场东街,000010858354230
900000128524014,14,庑殿家苑,000010858354230
900000128524015,15,北空小区,000010858354230
900000128524016,16,成和园小区,000010858354230
