stationId,stopNumber,stopName,lineId
900000080916001,1,西店,000006607558020
900000080916006,2,兴华南街东口,000006607558020
900000080916007,3,兴华南街,000006607558020
900000080916018,4,新海南里南区,000006607558020
900000080916008,5,新凤河大桥东口,000006607558020
900000080916016,6,泰河路东口,000006607558020
900000080916012,7,博兴一路变电站,000006607558020
900000080916017,8,泰河一街东站,000006607558020
900000080916015,9,博兴三路,000006607558020
900000080916010,10,博兴三路口,000006607558020
900000080916011,11,博兴路口,000006607558020
900000080916004,12,鹿海园小区,000006607558020
900000080916013,13,泰河一街西口,000006607558020
900000080916014,14,泰河路口南,000006607558020
900000080916005,15,鹿海园公交场站,000006607558020
