stationId,stopNumber,stopName,lineId
110100015847002,1,康家沟,000014286687501
110100015847003,2,甘露园东,000014286687501
110100015847036,3,甘露园西,000014286687501
110100015847004,4,十里堡,000014286687501
110100015847005,5,东八里庄,000014286687501
110100015847006,6,慈云寺,000014286687501
110100015847007,7,英家坟,000014286687501
110100015847008,8,红庙路口北,000014286687501
110100015847044,9,金台路口南,000014286687501
110100015847009,10,金台路口北,000014286687501
110100015847010,11,甜水园北里,000014286687501
110100015847011,12,甜水园街北口,000014286687501
110100015847012,13,团结湖,000014286687501
110100015847013,14,农业展览馆,000014286687501
110100015847014,15,幸福三村,000014286687501
110100015847015,16,春秀路,000014286687501
110100015847016,17,东直门,000014286687501
110100015847017,18,东直门内,000014286687501
110100015847018,19,东内小街,000014286687501
110100015847019,20,北新桥路口西,000014286687501
110100015847020,21,交道口东,000014286687501
110100015847043,22,小经厂,000014286687501
110100015847021,23,宝钞胡同,000014286687501
110100015847022,24,鼓楼,000014286687501
110100015847039,25,铸钟厂,000014286687501
110100015847023,26,德内甘水桥,000014286687501
110100015847045,27,果子市,000014286687501
110100015847024,28,德胜门南站,000014286687501
110100015847040,29,德胜门,000014286687501
110100015847041,30,冰窖口胡同西口,000014286687501
110100015847026,31,小西天,000014286687501
110100015847042,32,北师大路口南,000014286687501
110100015847027,33,铁狮子坟,000014286687501
110100015847028,34,北太平桥北,000014286687501
110100015847029,35,牡丹园,000014286687501
110100015847030,36,牡丹园北,000014286687501
110100015847031,37,志新桥南,000014286687501
110100015847032,38,志新桥北,000014286687501
110100015847033,39,志新北里,000014286687501
110100015847034,40,二里庄南口,000014286687501
110100015847035,41,二里庄,000014286687501
