stationId,stopNumber,stopName,lineId
110100011918041,1,延庆南菜园公交场站,000011641772770
110100011918042,2,莲花苑小区,000011641772770
110100011918043,3,燕水佳园,000011641772770
110100011918005,4,南菜园经济开发区,000011641772770
110100011918006,5,国润家园,000011641772770
110100011918007,6,延庆四小,000011641772770
110100011918057,7,延庆中医院,000011641772770
110100011918058,8,延庆碧桂园小区,000011641772770
110100011918059,9,南辛堡新区,000011641772770
110100011918008,10,南菜园北二区,000011641772770
110100011918035,11,延庆法院,000011641772770
110100011918010,12,康安小区东门,000011641772770
110100011918011,13,延庆永安小区,000011641772770
110100011918012,14,延庆区医院,000011641772770
110100011918013,15,延庆一中,000011641772770
110100011918052,16,延庆二小路口,000011641772770
110100011918053,17,尚书苑东门,000011641772770
110100011918054,18,延庆镇社区卫生服务中心,000011641772770
110100011918055,19,樾熙府小区,000011641772770
110100011918056,20,延庆四中,000011641772770
110100011918019,21,体育场小区,000011641772770
110100011918044,22,京张路口北,000011641772770
110100011918036,23,京张路口南,000011641772770
110100011918022,24,日上批发市场,000011641772770
110100011918047,25,延庆莲花池路口,000011641772770
110100011918048,26,延庆五中,000011641772770
110100011918049,27,湖南小区,000011641772770
110100011918050,28,延庆南菜园,000011641772770
110100011918051,29,延庆南菜园公交场站,000011641772770
