stationId,stopNumber,stopName,lineId
110100016105002,1,地铁八宝山站,000000058298140
110100016105003,2,鲁谷西站,000000058298140
110100016105004,3,焦家坟路口东,000000058298140
110100016105005,4,焦家坟路口南,000000058298140
110100016105006,5,芳园西街南口,000000058298140
110100016105073,6,河堤,000000058298140
110100016105074,7,燕山水泥厂,000000058298140
110100016105075,8,漫水桥东,000000058298140
110100016105009,9,漫水桥,000000058298140
110100016105010,10,园博园六号门,000000058298140
110100016105011,11,芦井,000000058298140
110100016105056,12,芦井村,000000058298140
110100016105012,13,八一射击场,000000058298140
110100016105067,14,南营北站,000000058298140
110100016105068,15,南营东站,000000058298140
110100016105069,16,槐树岭,000000058298140
110100016105070,17,槐树岭南站,000000058298140
110100016105057,18,太子峪,000000058298140
110100016105016,19,太子峪南,000000058298140
110100016105062,20,珠光逸景小区,000000058298140
110100016105017,21,吕村北站,000000058298140
110100016105018,22,吕村,000000058298140
110100016105019,23,珠江御景小区北门,000000058298140
110100016105020,24,辛庄南路南口,000000058298140
110100016105021,25,镇岗塔路南口,000000058298140
110100016105022,26,云岗北区,000000058298140
110100016105023,27,云岗,000000058298140
110100016105024,28,南宫北站,000000058298140
110100016105025,29,南宫,000000058298140
110100016105026,30,王佐镇政府,000000058298140
110100016105027,31,世界地热博览园,000000058298140
110100016105050,32,南宫迎宾路,000000058298140
110100016105028,33,南宫迎宾路南站,000000058298140
110100016105063,34,南宫铁匠营东,000000058298140
110100016105058,35,篱笆房,000000058298140
110100016105059,36,昊天北桥东,000000058298140
110100016105060,37,昊天北桥南,000000058298140
110100016105030,38,长阳碧桂园,000000058298140
110100016105031,39,黄辛庄路口,000000058298140
110100016105032,40,送变电公司,000000058298140
110100016105064,41,送变电公司南,000000058298140
110100016105033,42,良乡火车站路口,000000058298140
110100016105034,43,昊天温泉家园,000000058298140
110100016105035,44,良乡东关,000000058298140
110100016105036,45,良乡大角,000000058298140
110100016105037,46,良乡西门,000000058298140
110100016105038,47,苏庄东街北口,000000058298140
110100016105039,48,良乡西路,000000058298140
110100016105040,49,蝶翠苑路口,000000058298140
110100016105041,50,阎村,000000058298140
110100016105042,51,北京理工大学分校,000000058298140
110100016105043,52,大紫草坞村,000000058298140
110100016105044,53,房山吴庄,000000058298140
110100016105045,54,新镇,000000058298140
110100016105051,55,北坊村,000000058298140
110100016105047,56,原子能研究院,000000058298140
110100016105052,57,大苑上南,000000058298140
110100016105053,58,大苑上村,000000058298140
110100016105048,59,房山沙窝,000000058298140
110100016105054,60,房山沙窝北站,000000058298140
110100016105055,61,坨里村口,000000058298140
110100016105049,62,坨里,000000058298140
