stationId,stopNumber,stopName,lineId
110100014585002,1,地铁阜通站,000011531333680
110100014585003,2,大西洋新城南门,000011531333680
110100014585004,3,花家地北里西站,000011531333680
110100014585005,4,花家地北里,000011531333680
110100014585006,5,望京医院,000011531333680
110100014585007,6,丽都饭店,000011531333680
110100014585008,7,高家园,000011531333680
110100014585009,8,将台路口西,000011531333680
110100014585010,9,酒仙桥,000011531333680
110100014585011,10,酒仙桥商场,000011531333680
110100014585012,11,东风北桥东,000011531333680
110100014585013,12,朝阳公园北门,000011531333680
110100014585043,13,安家楼东,000011531333680
110100014585014,14,安家楼,000011531333680
110100014585015,15,燕莎桥东,000011531333680
110100014585016,16,亮马桥,000011531333680
110100014585017,17,农业展览馆,000011531333680
110100014585018,18,白家庄,000011531333680
110100014585019,19,呼家楼南,000011531333680
110100014585020,20,光华桥南,000011531333680
110100014585021,21,大北窑南,000011531333680
110100014585022,22,双井桥北,000011531333680
110100014585023,23,双井桥南,000011531333680
110100014585024,24,劲松桥南,000011531333680
110100014585025,25,潘家园桥,000011531333680
110100014585026,26,十里河桥北,000011531333680
110100014585027,27,十里河桥南,000011531333680
110100014585028,28,方庄桥东,000011531333680
110100014585029,29,方庄桥西,000011531333680
110100014585030,30,刘家窑桥东,000011531333680
110100014585031,31,刘家窑桥西,000011531333680
110100014585032,32,赵公口桥西,000011531333680
110100014585033,33,木樨园桥东,000011531333680
110100014585044,34,地铁海户屯站,000011531333680
110100014585034,35,南苑路果园,000011531333680
110100014585035,36,大红门西里,000011531333680
110100014585036,37,大红门,000011531333680
110100014585037,38,大李窑,000011531333680
110100014585038,39,西马场,000011531333680
110100014585039,40,西马场北口,000011531333680
110100014585040,41,角门北路东口,000011531333680
110100014585041,42,马家堡公交场站,000011531333680
