stationId,stopNumber,stopName,lineId
110100015959002,1,定慧寺东,000000058256051
110100015959003,2,西钓鱼台,000000058256051
110100015959027,3,航天桥西(东行),000000058256051
110100015959028,4,航天桥西(西行),000000058256051
110100015959006,5,北洼路南口,000000058256051
110100015959007,6,岭南路西口,000000058256051
110100015959008,7,七贤村路口南,000000058256051
110100015959009,8,七贤村路口北,000000058256051
110100015959010,9,北洼西里,000000058256051
110100015959011,10,北洼路北口,000000058256051
110100015959012,11,紫竹院南门,000000058256051
110100015959033,12,白石桥西,000000058256051
110100015959013,13,白石桥东,000000058256051
110100015959014,14,动物园,000000058256051
110100015959015,15,西直门外,000000058256051
110100015959016,16,地铁西直门站,000000058256051
110100015959017,17,高梁桥,000000058256051
110100015959018,18,交大东路,000000058256051
110100015959019,19,北京交通大学东门,000000058256051
110100015959020,20,交大东路北口,000000058256051
110100015959021,21,皂君庙,000000058256051
110100015959022,22,皂君东里,000000058256051
110100015959023,23,联想桥南,000000058256051
110100015959031,24,大钟寺,000000058256051
110100015959029,25,地铁大钟寺站,000000058256051
110100015959035,26,蓟门桥西,000000058256051
110100015959034,27,蓟门桥,000000058256051
