stationId,stopNumber,stopName,lineId
110100014637002,1,房山侯庄,000011574150940
110100014637003,2,房山侯庄西,000011574150940
110100014637083,3,下禅坊路口,000011574150940
110100014637004,4,江村路口,000011574150940
110100014637006,5,南庄子,000011574150940
110100014637092,6,官道,000011574150940
110100014637007,7,官道村东,000011574150940
110100014637008,8,西石羊路口,000011574150940
110100014637093,9,东石羊,000011574150940
110100014637094,10,后石羊路口,000011574150940
110100014637010,11,后石羊村,000011574150940
110100014637095,12,后石羊村北,000011574150940
110100014637011,13,房山南刘庄西口,000011574150940
110100014637060,14,房山小营东站,000011574150940
110100014637084,15,房山小营村,000011574150940
110100014637096,16,房山小营路口,000011574150940
110100014637062,17,房山白房子,000011574150940
110100014637015,18,黑古台,000011574150940
110100014637086,19,黑古台北,000011574150940
110100014637016,20,富庄,000011574150940
110100014637063,21,良乡机动车检测场,000011574150940
110100014637064,22,良乡大南关村,000011574150940
110100014637065,23,良乡经济开发区东门,000011574150940
110100014637020,24,地铁良乡南关站西,000011574150940
110100014637021,25,西潞南大街,000011574150940
110100014637081,26,良乡西门,000011574150940
110100014637023,27,苏庄东街北口,000011574150940
110100014637082,28,良乡西路,000011574150940
110100014637080,29,蝶翠苑路口,000011574150940
110100014637091,30,蓝光海悦城小区,000011574150940
110100014637067,31,阎村桥,000011574150940
110100014637027,32,炒米店路口,000011574150940
110100014637028,33,阎村路口,000011574150940
110100014637029,34,前沿村,000011574150940
110100014637030,35,后沿村,000011574150940
110100014637031,36,小紫草坞路口,000011574150940
110100014637032,37,房山张庄,000011574150940
110100014637033,38,南上岗路口,000011574150940
110100014637034,39,大马村,000011574150940
110100014637035,40,小马村,000011574150940
110100014637036,41,西庄户路口,000011574150940
110100014637037,42,房山果各庄村,000011574150940
110100014637068,43,房山果各庄北站,000011574150940
110100014637087,44,高家川,000011574150940
110100014637069,45,房山豆各庄路口,000011574150940
110100014637088,46,岗上村东,000011574150940
110100014637070,47,岗上村,000011574150940
110100014637041,48,上岗上,000011574150940
110100014637071,49,房山马家沟,000011574150940
110100014637043,50,韩家沟,000011574150940
110100014637085,51,东沟路口,000011574150940
110100014637045,52,青龙湖镇政府,000011574150940
110100014637073,53,坨里北站,000011574150940
110100014637097,54,化工厂家属区,000011574150940
110100014637048,55,石梯,000011574150940
110100014637098,56,青龙湖镇水峪,000011574150940
110100014637099,57,青龙湖镇水峪东,000011574150940
110100014637100,58,少年军校,000011574150940
110100014637101,59,上万南站,000011574150940
110100014637102,60,上万村,000011574150940
110100014637053,61,上万学校,000011574150940
110100014637078,62,上万西站,000011574150940
110100014637055,63,北车营东,000011574150940
110100014637089,64,尹家坟路口,000011574150940
110100014637056,65,北车营村口,000011574150940
110100014637079,66,北车营,000011574150940
110100014637105,67,北车营七队东(临时站),000011574150940
