stationId,stopNumber,stopName,lineId
110100016088002,1,香河总站,000000058288751
110100016088003,2,香河白庙村南口,000000058288751
110100016088004,3,安抚寨村,000000058288751
110100016088017,4,香河新开街东口,000000058288751
110100016088016,5,香河家具城东口,000000058288751
110100016088020,6,香河迎宾路南口,000000058288751
110100016088022,7,香河家具城西口,000000058288751
110100016088009,8,香河公安局,000000058288751
110100016088026,9,淑阳大街西口,000000058288751
110100016088027,10,香河新华大街西口,000000058288751
110100016088028,11,五一路北口,000000058288751
110100016088029,12,白鹭岛,000000058288751
110100016088031,13,香河北收费站,000000058288751
110100016088032,14,松榆东里南门,000000058288751
110100016088034,15,潘家园桥北,000000058288751
110100016088035,16,双井桥南,000000058288751
110100016088024,17,大北窑南,000000058288751
