stationId,stopNumber,stopName,lineId
110100014431047,1,河北镇辛庄,000000058238171
110100014431040,2,山河南村口(临时站),000000058238171
110100014431003,3,河北镇邮局,000000058238171
110100014431004,4,李各庄,000000058238171
110100014431052,5,东庄子,000000058238171
110100014431053,6,东庄子南(临时站),000000058238171
110100014431060,7,河东村,000000058238171
110100014431055,8,三福村,000000058238171
110100014431056,9,三福村路口,000000058238171
110100014431057,10,石花洞路口,000000058238171
110100014431065,11,磁家务(临时站),000000058238171
110100014431034,12,惠景新苑小区,000000058238171
110100014431013,13,漫水河,000000058238171
110100014431014,14,辛开口,000000058238171
110100014431051,15,辛开口东(临时站),000000058238171
110100014431015,16,化工厂路口,000000058238171
110100014431016,17,坨里北站,000000058238171
110100014431043,18,坨里,000000058238171
110100014431017,19,坨里村口,000000058238171
110100014431035,20,房山沙窝北站,000000058238171
110100014431018,21,房山沙窝,000000058238171
110100014431036,22,大苑上村,000000058238171
110100014431044,23,大苑上南,000000058238171
110100014431019,24,原子能研究院,000000058238171
110100014431020,25,北坊村,000000058238171
110100014431021,26,新镇,000000058238171
110100014431022,27,房山吴庄,000000058238171
110100014431023,28,大紫草坞村,000000058238171
110100014431024,29,北京理工大学分校,000000058238171
110100014431025,30,阎村,000000058238171
110100014431026,31,苏庄西街南口,000000058238171
110100014431027,32,地铁苏庄站,000000058238171
110100014431028,33,苏庄东街南口,000000058238171
110100014431029,34,地铁良乡南关站西,000000058238171
110100014431030,35,西潞南大街,000000058238171
110100014431031,36,良乡西门,000000058238171
110100014431032,37,西潞园,000000058238171
110100014431049,38,良坨路口,000000058238171
110100014431046,39,良乡北关东,000000058238171
110100014431037,40,行宫南门路口,000000058238171
110100014431038,41,送变电公司路口西,000000058238171
