stationId,stopNumber,stopName,lineId
900000040920021,1,六圈路西口,000000072843840
900000040920006,2,六圈,000000072843840
900000040920007,3,总部基地六区,000000072843840
900000040920008,4,海鹰路口,000000072843840
900000040920009,5,航丰路口,000000072843840
900000040920010,6,中核路口东,000000072843840
900000040920011,7,内环西路北口,000000072843840
900000040920012,8,杜家坎,000000072843840
900000040920013,9,长辛店北口,000000072843840
900000040920014,10,长辛店南口,000000072843840
900000040920015,11,北京十中,000000072843840
900000040920016,12,赵辛店,000000072843840
900000040920017,13,朱家坟,000000072843840
900000040920018,14,佃起村,000000072843840
900000040920019,15,云岗北区,000000072843840
900000040920020,16,云岗,000000072843840
