stationId,stopNumber,stopName,lineId
110100015910034,1,通州西站,000012742748480
110100015910002,2,通州北苑路口西,000012742748480
110100015910037,3,日光清城,000012742748480
110100015910003,4,果园西,000012742748480
110100015910018,5,地铁九棵树站,000012742748480
110100015910019,6,地铁梨园站,000012742748480
110100015910020,7,地铁土桥站,000012742748480
110100015910021,8,张家湾开发区,000012742748480
110100015910022,9,武窑村,000012742748480
110100015910023,10,姚辛庄北口,000012742748480
110100015910024,11,漷县镇政府,000012742748480
110100015910025,12,马头村,000012742748480
110100015910028,13,凌庄,000012742748480
110100015910026,14,觅子店路口,000012742748480
110100015910035,15,觅子店,000012742748480
110100015910004,16,通州军庄村,000012742748480
110100015910005,17,边槐庄村,000012742748480
110100015910006,18,罗庄村,000012742748480
110100015910007,19,后元化村,000012742748480
110100015910008,20,通州后营村,000012742748480
110100015910009,21,鲁城村,000012742748480
110100015910042,22,漷老路口,000012742748480
110100015910010,23,大务路口,000012742748480
110100015910036,24,小务村东,000012742748480
110100015910012,25,小务村,000012742748480
110100015910043,26,小务路口,000012742748480
110100015910013,27,后马坊村,000012742748480
110100015910014,28,前马坊村,000012742748480
110100015910027,29,前马坊村南站,000012742748480
110100015910044,30,半截河村东口,000012742748480
110100015910016,31,半截河村,000012742748480
110100015910045,32,半截河村西口,000012742748480
110100015910040,33,柴厂屯东口,000012742748480
110100015910017,34,柴厂屯,000012742748480
