stationId,stopNumber,stopName,lineId
900000128024001,1,房山西苑村,000010858354190
900000128024020,2,东边岭,000010858354190
900000128024022,3,董家台岭,000010858354190
900000128024024,4,房山西苑村三队,000010858354190
900000128024025,5,房山西苑村二队,000010858354190
900000128024023,6,董家岭,000010858354190
900000128024021,7,房山西苑村一队,000010858354190
900000128024019,8,桃儿岭,000010858354190
900000128024027,9,寺尚村,000010858354190
900000128024002,10,寺尚村路口,000010858354190
900000128024003,11,大安山小学,000010858354190
900000128024004,12,大安山村西口,000010858354190
900000128024005,13,大安山村,000010858354190
900000128024006,14,大北河,000010858354190
900000128024007,15,瞧煤涧路口,000010858354190
900000128024008,16,万顷园路口,000010858354190
900000128024009,17,中山,000010858354190
900000128024010,18,大安山乡水峪,000010858354190
900000128024011,19,西流水,000010858354190
900000128024012,20,教军场,000010858354190
900000128024013,21,黄土台,000010858354190
900000128024014,22,黄土台东,000010858354190
900000128024015,23,红煤厂,000010858354190
900000128024016,24,红煤厂路口,000010858354190
900000128024017,25,南窖路口,000010858354190
900000128024018,26,红煤厂公交场站,000010858354190
