stationId,stopNumber,stopName,lineId
900000147324001,1,紫峰九院城,000000000022661
900000147324002,2,通州富各庄村,000000000022661
900000147324003,3,南三间房村,000000000022661
900000147324004,4,新通联合驾校,000000000022661
900000147324015,5,德仁务村北口,000000000022661
900000147324006,6,永乐店粮库,000000000022661
900000147324007,7,西河各庄村,000000000022661
900000147324016,8,东河各庄村,000000000022661
900000147324009,9,小务路口北,000000000022661
900000147324010,10,坚村,000000000022661
900000147324011,11,孔庄村,000000000022661
900000147324018,12,通州邓庄村,000000000022661
900000147324012,13,东张各庄,000000000022661
900000147324013,14,永乐店卫生院,000000000022661
900000147324017,15,永乐店路口东,000000000022661
900000147324014,16,永乐店,000000000022661
