stationId,stopNumber,stopName,lineId
900000031478057,1,延庆火车站北广场,000000058699241
900000031478058,2,司家营,000000058699241
900000031478059,3,延庆南菜园,000000058699241
900000031478060,4,湖南小区,000000058699241
900000031478061,5,延庆五中,000000058699241
900000031478039,6,日上批发市场,000000058699241
900000031478040,7,京张路口南,000000058699241
900000031478008,8,石河营,000000058699241
900000031478009,9,川北小区南门,000000058699241
900000031478010,10,延庆东关,000000058699241
900000031478056,11,康安小区,000000058699241
900000031478012,12,世园五号门,000000058699241
900000031478037,13,世园四号门,000000058699241
900000031478038,14,世园三号门,000000058699241
900000031478015,15,下屯中学,000000058699241
900000031478016,16,下屯,000000058699241
900000031478017,17,军营道口,000000058699241
900000031478018,18,东红寺,000000058699241
900000031478043,19,东官坊,000000058699241
900000031478044,20,延庆大营,000000058699241
900000031478045,21,延庆太平庄北,000000058699241
900000031478046,22,延庆太平庄,000000058699241
900000031478047,23,延庆马坊村,000000058699241
900000031478024,24,刁营,000000058699241
900000031478025,25,康庄镇政府,000000058699241
900000031478026,26,姬庄子,000000058699241
900000031478027,27,北曹营,000000058699241
900000031478028,28,小王庄,000000058699241
900000031478029,29,大王庄,000000058699241
900000031478030,30,康西草原南门,000000058699241
