stationId,stopNumber,stopName,lineId
110100013541019,1,小稿村南站,000000058420870
110100013541020,2,万盛中一街,000000058420870
110100013541021,3,万盛北街,000000058420870
110100013541002,4,大稿新村,000000058420870
110100013541030,5,大稿南站,000000058420870
110100013541003,6,大稿北站,000000058420870
110100013541023,7,通州半壁店新村,000000058420870
110100013541004,8,通州半壁店,000000058420870
110100013541005,9,北探小区,000000058420870
110100013541006,10,怡乐中路北口,000000058420870
110100013541037,11,新华联家园,000000058420870
110100013541031,12,翠屏西路北口,000000058420870
110100013541008,13,科印小区,000000058420870
110100013541009,14,通州北苑路口南,000000058420870
110100013541010,15,通州北苑路口东,000000058420870
110100013541011,16,通州西门路口东,000000058420870
110100013541012,17,西大街路口西,000000058420870
110100013541013,18,岳庄,000000058420870
110100013541014,19,皇木厂,000000058420870
110100013541015,20,耿庄桥北,000000058420870
110100013541032,21,小潞邑,000000058420870
110100013541024,22,小潞邑北站,000000058420870
110100013541036,23,潞邑西路,000000058420870
110100013541025,24,潞邑西路北站,000000058420870
110100013541038,25,疃里新村,000000058420870
110100013541039,26,疃里一区,000000058420870
110100013541040,27,疃里二区,000000058420870
110100013541029,28,疃里公交场站,000000058420870
