stationId,stopNumber,stopName,lineId
900000118392001,1,铁矿峪,000010012776370
900000118392002,2,铁矿峪南,000010012776370
900000118392003,3,洞台,000010012776370
900000118392004,4,响水湖路口,000010012776370
900000118392005,5,南冶村北,000010012776370
900000118392006,6,南冶,000010012776370
900000118392007,7,南冶村东,000010012776370
900000118392008,8,渤海镇政府,000010012776370
900000118392009,9,沙峪村西,000010012776370
900000118392010,10,沙峪,000010012776370
900000118392011,11,沙峪村东,000010012776370
900000118392012,12,景峪路口站,000010012776370
900000118392013,13,白木,000010012776370
900000118392014,14,渤海卫生院,000010012776370
900000118392015,15,渤海所路口,000010012776370
900000118392016,16,小范马峪,000010012776370
900000118392017,17,八道河岭漫水桥,000010012776370
900000118392018,18,八道河岭,000010012776370
900000118392019,19,磨石峪,000010012776370
900000118392020,20,六渡河西,000010012776370
900000118392021,21,六渡河,000010012776370
900000118392022,22,五渡河,000010012776370
900000118392023,23,东四渡河,000010012776370
900000118392024,24,三渡河村口,000010012776370
900000118392025,25,三亩园,000010012776370
900000118392026,26,关渡河,000010012776370
900000118392027,27,口头,000010012776370
900000118392028,28,西三村口,000010012776370
900000118392029,29,小东庄,000010012776370
900000118392030,30,郭家坞,000010012776370
900000118392031,31,怀柔北大街,000010012776370
900000118392032,32,怀柔学管中心,000010012776370
900000118392033,33,于家园一区,000010012776370
900000118392034,34,于家园,000010012776370
