stationId,stopNumber,stopName,lineId
110100015513002,1,金蝉西路南口,000000058672991
110100015513003,2,金蝉西路,000000058672991
110100015513004,3,紫南家园,000000058672991
110100015513037,4,世纪东方嘉园,000000058672991
110100015513005,5,工大桥,000000058672991
110100015513006,6,窑洼湖桥北,000000058672991
110100015513007,7,大郊亭桥南,000000058672991
110100015513008,8,百子湾桥南,000000058672991
110100015513009,9,四惠桥,000000058672991
110100015513038,10,八王坟东,000000058672991
110100015513010,11,八王坟北,000000058672991
110100015513011,12,景辉街东口,000000058672991
110100015513044,13,光华路东口,000000058672991
110100015513012,14,针织路口西,000000058672991
110100015513039,15,光华桥北,000000058672991
110100015513013,16,呼家楼北,000000058672991
110100015513014,17,白家庄,000000058672991
110100015513015,18,长虹桥西,000000058672991
110100015513016,19,三里屯,000000058672991
110100015513017,20,工人体育场,000000058672991
110100015513018,21,工人体育馆,000000058672991
110100015513019,22,东四十条桥东,000000058672991
110100015513020,23,东四十条桥西,000000058672991
110100015513021,24,东四十条,000000058672991
110100015513022,25,张自忠路,000000058672991
110100015513023,26,宽街路口东,000000058672991
110100015513024,27,北兵马司,000000058672991
110100015513025,28,交道口南,000000058672991
110100015513026,29,方家胡同,000000058672991
110100015513027,30,安定门内,000000058672991
110100015513028,31,地坛西门,000000058672991
110100015513040,32,地坛体育馆,000000058672991
110100015513029,33,蒋宅口,000000058672991
110100015513030,34,安外甘水桥,000000058672991
110100015513031,35,安贞桥北,000000058672991
110100015513032,36,安贞里,000000058672991
110100015513041,37,五路居,000000058672991
110100015513033,38,奥体东门,000000058672991
110100015513034,39,安慧桥北,000000058672991
110100015513042,40,慧忠路西口,000000058672991
110100015513035,41,北辰东路,000000058672991
110100015513043,42,慧忠北路西口,000000058672991
110100015513036,43,慧忠里,000000058672991
