stationId,stopNumber,stopName,lineId
110100014162003,1,德胜门,000000058175490
110100014162004,2,德胜门外,000000058175490
110100014162005,3,德外关厢,000000058175490
110100014162006,4,马甸桥南,000000058175490
110100014162007,5,马甸桥北,000000058175490
110100014162008,6,健德门北,000000058175490
110100014162034,7,祁家豁子,000000058175490
110100014162035,8,中国音乐学院,000000058175490
110100014162009,9,安翔桥北,000000058175490
110100014162010,10,南沙滩,000000058175490
110100014162011,11,北沙滩桥北,000000058175490
110100014162032,12,双泉堡南,000000058175490
110100014162012,13,双泉堡,000000058175490
110100014162013,14,花虎沟,000000058175490
110100014162014,15,清河南镇,000000058175490
110100014162015,16,清河,000000058175490
110100014162016,17,清河小营桥北,000000058175490
110100014162017,18,四拨子,000000058175490
110100014162018,19,西三旗桥北,000000058175490
110100014162020,20,京昌路回龙观,000000058175490
110100014162021,21,地铁龙泽站,000000058175490
110100014162028,22,龙华园南,000000058175490
110100014162022,23,北郊农场桥东,000000058175490
110100014162023,24,北京人家小区,000000058175490
110100014162030,25,龙兴园北区,000000058175490
110100014162031,26,二拨子村委会,000000058175490
110100014162027,27,二拨子新村南,000000058175490
110100014162037,28,二拨子新村,000000058175490
