stationId,stopNumber,stopName,lineId
110100013526018,1,太子峪陵园,000000058414911
110100013526032,2,庄子,000000058414911
110100013526033,3,白草洼西,000000058414911
110100013526034,4,白草洼,000000058414911
110100013526031,5,白草洼东,000000058414911
110100013526035,6,太子峪村,000000058414911
110100013526036,7,太子峪,000000058414911
110100013526025,8,留霞峪,000000058414911
110100013526026,9,留霞峪东,000000058414911
110100013526030,10,崔村西,000000058414911
110100013526027,11,二七厂北,000000058414911
110100013526003,12,崔村,000000058414911
110100013526004,13,杜家坎,000000058414911
110100013526005,14,卢沟新桥,000000058414911
110100013526006,15,抗战雕塑园,000000058414911
110100013526007,16,西道口,000000058414911
110100013526028,17,岳各庄桥东,000000058414911
110100013526016,18,六里桥东,000000058414911
110100013526017,19,北京西站南广场,000000058414911
