stationId,stopNumber,stopName,lineId
110100014492002,1,四惠枢纽站,000000058253070
110100014492003,2,四惠桥,000000058253070
110100014492004,3,百子湾桥南,000000058253070
110100014492005,4,大郊亭桥南,000000058253070
110100014492006,5,窑洼湖桥北,000000058253070
110100014492007,6,工大桥,000000058253070
110100014492008,7,弘燕桥北,000000058253070
110100014492009,8,小武基桥北,000000058253070
110100014492010,9,小武基桥南,000000058253070
110100014492011,10,十八里店北桥,000000058253070
110100014492012,11,十八里店南桥东,000000058253070
110100014492013,12,恋日绿岛,000000058253070
110100014492014,13,恋日绿岛南门,000000058253070
110100014492015,14,牌坊村东口,000000058253070
110100014492016,15,小红门牌坊村,000000058253070
