stationId,stopNumber,stopName,lineId
110100010116036,1,安华桥北,000000058399930
110100010116035,2,安华桥北(北行),000000058399930
110100010116003,3,安贞西里,000000058399930
110100010116004,4,地铁北土城站,000000058399930
110100010116005,5,健德门东,000000058399930
110100010116006,6,健德门西,000000058399930
110100010116007,7,牡丹园东,000000058399930
110100010116008,8,牡丹园西,000000058399930
110100010116009,9,塔院小区南门,000000058399930
110100010116010,10,蓟门桥北,000000058399930
110100010116011,11,蓟门桥南,000000058399930
110100010116012,12,明光桥南,000000058399930
110100010116013,13,文慧桥南,000000058399930
110100010116014,14,索家坟,000000058399930
110100010116015,15,西直门南,000000058399930
110100010116016,16,车公庄南,000000058399930
110100010116017,17,阜成门北,000000058399930
110100010116018,18,阜成门南,000000058399930
110100010116019,19,月坛体育场,000000058399930
110100010116020,20,儿童医院路口西,000000058399930
110100010116021,21,二七剧场路北口,000000058399930
110100010116022,22,三里河东口,000000058399930
110100010116023,23,西城三里河,000000058399930
110100010116024,24,木樨地北,000000058399930
110100010116025,25,木樨地西,000000058399930
110100010116026,26,军事博物馆,000000058399930
110100010116032,27,皇亭子,000000058399930
110100010116033,28,北京世纪坛医院,000000058399930
110100010116029,29,北京西站,000000058399930
