stationId,stopNumber,stopName,lineId
110100012701086,1,通州北苑路口南,000000000023060
110100012701087,2,通州北苑路口东,000000000023060
110100012701088,3,通州西门路口东,000000000023060
110100012701068,4,西大街路口西,000000000023060
110100012701007,5,岳庄,000000000023060
110100012701045,6,皇木厂,000000000023060
110100012701067,7,耿庄桥北,000000000023060
110100012701107,8,小潞邑,000000000023060
110100012701110,9,新潮嘉园一区,000000000023060
110100012701111,10,新潮嘉园二区,000000000023060
110100012701137,11,新潮嘉园三区,000000000023060
110100012701018,12,六合村,000000000023060
110100012701020,13,小堡村西口,000000000023060
110100012701021,14,小堡村南口,000000000023060
110100012701022,15,宋庄,000000000023060
110100012701144,16,宋庄市场,000000000023060
110100012701145,17,通州大兴庄村南,000000000023060
110100012701146,18,通州大兴庄中街,000000000023060
110100012701147,19,通州大兴庄后街,000000000023060
110100012701089,20,喇嘛庄路口,000000000023060
110100012701090,21,通州辛店村,000000000023060
110100012701148,22,通州辛店村中街,000000000023060
110100012701149,23,通州辛店村北,000000000023060
110100012701150,24,通州第一职业学校,000000000023060
110100012701142,25,北寺市场,000000000023060
110100012701140,26,北寺村北口,000000000023060
110100012701143,27,小杨庄桥,000000000023060
110100012701036,28,南马庄西口,000000000023060
110100012701122,29,翟里,000000000023060
110100012701038,30,关辛庄,000000000023060
110100012701039,31,西赵村,000000000023060
110100012701053,32,港北村,000000000023060
110100012701112,33,郝各庄村,000000000023060
