stationId,stopNumber,stopName,lineId
110100011658037,1,朝凤庵村,000000058451451
110100011658038,2,昌平东关路口北,000000058451451
110100011658013,3,昌平东关路口东,000000058451451
110100011658014,4,北邵洼,000000058451451
110100011658015,5,小北哨,000000058451451
110100011658036,6,昌平何营,000000058451451
110100011658017,7,朝辛路口东,000000058451451
110100011658018,8,八家,000000058451451
110100011658019,9,崔村镇政府,000000058451451
110100011658020,10,昌平崔村,000000058451451
110100011658021,11,南庄营,000000058451451
110100011658022,12,南庄,000000058451451
110100011658023,13,昌平东庄,000000058451451
110100011658024,14,兴寿镇政府,000000058451451
110100011658025,15,兴寿镇政府东,000000058451451
110100011658026,16,沙坨,000000058451451
110100011658027,17,兴寿草莓园,000000058451451
110100011658028,18,沙坨村南,000000058451451
110100011658029,19,昌平西营村西,000000058451451
110100011658030,20,昌平西营村东,000000058451451
110100011658031,21,昌平东营村北,000000058451451
110100011658032,22,昌平麦庄,000000058451451
110100011658033,23,河庄村委会,000000058451451
110100011658034,24,河庄,000000058451451
110100011658035,25,解放村桥东,000000058451451
