stationId,stopNumber,stopName,lineId
110100011673096,1,莲花池南路,000000058455390
110100011673097,2,莲花池,000000058455390
110100011673098,3,六里桥东,000000058455390
110100011673099,4,六里桥南,000000058455390
110100011673100,5,西局,000000058455390
110100011673101,6,丽泽桥,000000058455390
110100011673102,7,夏家胡同,000000058455390
110100011673103,8,玉泉营桥西,000000058455390
110100011673104,9,高米店,000000058455390
110100011673050,10,康顺园小区,000000058455390
110100011673051,11,洪村,000000058455390
110100011673052,12,大兴小营,000000058455390
110100011673053,13,兴华园,000000058455390
110100011673054,14,清源西里,000000058455390
110100011673055,15,黄村公园,000000058455390
110100011673056,16,化纤俱乐部,000000058455390
110100011673057,17,黄村西大街,000000058455390
110100011673058,18,黄村火车站北,000000058455390
110100011673074,19,黄村火车站东,000000058455390
110100011673060,20,林校北路,000000058455390
110100011673061,21,大兴桥西,000000058455390
110100011673062,22,海子角北口,000000058455390
110100011673063,23,海子角东口,000000058455390
110100011673109,24,绿色庄园,000000058455390
110100011673064,25,海子角,000000058455390
