stationId,stopNumber,stopName,lineId
110100013746018,1,南十里居,000000058336370
110100013746019,2,南十里居北站,000000058336370
110100013746020,3,酒仙桥中心小学,000000058336370
110100013746021,4,酒仙桥南,000000058336370
110100013746003,5,酒仙桥,000000058336370
110100013746004,6,将台路口北,000000058336370
110100013746005,7,陈各庄,000000058336370
110100013746006,8,王爷坟,000000058336370
110100013746007,9,大山子路口南,000000058336370
110100013746008,10,西八间房,000000058336370
110100013746009,11,京密路丽都饭店,000000058336370
110100013746010,12,四元桥东,000000058336370
110100013746011,13,四元桥西,000000058336370
110100013746012,14,三元桥东站,000000058336370
110100013746013,15,三元桥,000000058336370
110100013746014,16,三元桥西站,000000058336370
110100013746015,17,左家庄,000000058336370
110100013746016,18,左家庄桥西,000000058336370
110100013746017,19,东直门枢纽站,000000058336370
