stationId,stopNumber,stopName,lineId
900000154811001,1,通州西站,000013684414811
900000154811002,2,通州北苑路口西,000013684414811
900000154811003,3,通州北苑路口南,000013684414811
900000154811004,4,科印小区,000013684414811
900000154811005,5,翠屏西路北口,000013684414811
900000154811006,6,翠屏北里,000013684414811
900000154811007,7,格瑞雅居小区,000013684414811
900000154811008,8,翠屏西路,000013684414811
900000154811009,9,怡乐南街公交场站,000013684414811
900000154811010,10,通州半壁店,000013684414811
900000154811011,11,通州半壁店新村,000013684414811
900000154811012,12,大稿北站,000013684414811
900000154811013,13,大稿南站,000013684414811
900000154811014,14,大稿新村,000013684414811
900000154811015,15,万盛北街,000013684414811
900000154811023,16,万盛中一街,000013684414811
900000154811016,17,万盛北里,000013684414811
900000154811017,18,通州孙庄,000013684414811
900000154811018,19,地铁万盛东站,000013684414811
900000154811025,20,群芳中一街西口,000013684414811
900000154811024,21,群芳中一街,000013684414811
900000154811026,22,群芳二路,000013684414811
900000154811030,23,荟萃南路,000013684414811
900000154811028,24,群芳二园东区,000013684414811
900000154811029,25,颐瑞中三路北口,000013684414811
900000154811027,26,瑞都公园世家北区,000013684414811
900000154811020,27,颐瑞中二路北口,000013684414811
900000154811021,28,地铁土桥站,000013684414811
900000154811022,29,土桥公交场站,000013684414811
