stationId,stopNumber,stopName,lineId
110100010452002,1,龙锦苑公交场站,000000058599071
110100010452021,2,和谐家园一区北门,000000058599071
110100010452003,3,龙锦苑一区,000000058599071
110100010452004,4,和谐家园一区西门,000000058599071
110100010452005,5,和谐家园一区南门,000000058599071
110100010452006,6,地铁回龙观东大街站,000000058599071
110100010452007,7,和谐家园,000000058599071
110100010452008,8,天龙苑小区,000000058599071
110100010452009,9,龙跃苑一区东门,000000058599071
110100010452010,10,龙跃苑三区东门,000000058599071
110100010452022,11,龙跃苑东五区西门,000000058599071
110100010452023,12,龙跃苑三区西门,000000058599071
110100010452011,13,龙跃苑四区东门,000000058599071
110100010452012,14,龙跃苑四区北门,000000058599071
110100010452013,15,龙跃苑二区西门,000000058599071
110100010452014,16,龙腾苑四区北门,000000058599071
110100010452017,17,龙腾苑二区南门,000000058599071
110100010452024,18,龙腾街西口,000000058599071
110100010452025,19,龙腾苑三区西门,000000058599071
110100010452026,20,龙华园,000000058599071
110100010452027,21,龙华园南,000000058599071
110100010452028,22,龙泽苑东区南门,000000058599071
110100010452032,23,临时站,000000058599071
110100010452029,24,地铁回龙观站,000000058599071
