stationId,stopNumber,stopName,lineId
900000027319159,1,南姚园村,000000000022851
900000027319160,2,齐善庄,000000000022851
900000027319161,3,牌楼营村,000000000022851
900000027319162,4,祥和乐园小区,000000000022851
900000027319163,5,张家湾,000000000022851
900000027319164,6,太玉园小区,000000000022851
900000027319165,7,太玉园北口,000000000022851
900000027319166,8,地铁高楼金站,000000000022851
900000027319167,9,颐瑞中二路南口,000000000022851
900000027319168,10,颐瑞中二路,000000000022851
900000027319177,11,地铁临河里站,000000000022851
900000027319170,12,通州小街桥东,000000000022851
900000027319171,13,地铁梨园站,000000000022851
900000027319172,14,杨家洼,000000000022851
900000027319173,15,九棵树,000000000022851
900000027319174,16,地铁九棵树站,000000000022851
900000027319175,17,果园西,000000000022851
900000027319071,18,翠屏北里北,000000000022851
900000027319106,19,翠屏北里,000000000022851
900000027319119,20,格瑞雅居小区,000000000022851
900000027319128,21,翠屏西路,000000000022851
900000027319053,22,西小马庄园,000000000022851
900000027319004,23,旗舰凯旋小区,000000000022851
900000027319121,24,小稿村西口,000000000022851
900000027319036,25,大稿新村,000000000022851
900000027319113,26,大稿村南口,000000000022851
900000027319008,27,万盛南街西口,000000000022851
900000027319114,28,铺头村路口,000000000022851
900000027319009,29,四合庄路口,000000000022851
900000027319010,30,口子村,000000000022851
900000027319158,31,口子村南,000000000022851
900000027319011,32,江场村,000000000022851
900000027319012,33,大鲁店北口,000000000022851
900000027319110,34,大鲁店南口,000000000022851
900000027319132,35,东石村桥北,000000000022851
900000027319133,36,东石村桥南,000000000022851
900000027319095,37,泰禾一号小区,000000000022851
900000027319134,38,铺西路西口,000000000022851
900000027319135,39,次渠西口,000000000022851
900000027319157,40,定海园二里,000000000022851
900000027319143,41,定海园东,000000000022851
900000027319144,42,经海七路南口,000000000022851
900000027319145,43,科创十一街东站,000000000022851
900000027319146,44,地铁经海路站,000000000022851
900000027319105,45,科创十五街,000000000022851
900000027319147,46,兴贸北街,000000000022851
900000027319123,47,兴贸北街西口,000000000022851
900000027319102,48,北门口村路口,000000000022851
900000027319103,49,北门口村,000000000022851
900000027319155,50,凉水河桥南,000000000022851
900000027319109,51,通州第二医院,000000000022851
900000027319149,52,金桥北门,000000000022851
900000027319150,53,马驹桥一号桥,000000000022851
900000027319151,54,珠江逸景,000000000022851
900000027319152,55,小白村,000000000022851
900000027319156,56,温馨家园西站,000000000022851
900000027319035,57,温馨家园,000000000022851
900000027319176,58,温馨家园北站,000000000022851
