stationId,stopNumber,stopName,lineId
110100014069018,1,京原路口东,000000058524311
110100014069019,2,京原东站,000000058524311
110100014069020,3,老山,000000058524311
110100014069004,4,地铁八宝山站,000000058524311
110100014069005,5,远洋山水小区西,000000058524311
110100014069006,6,莲芳东桥北,000000058524311
110100014069007,7,莲芳东桥南,000000058524311
110100014069008,8,吴庄南,000000058524311
110100014069009,9,张仪村北站,000000058524311
110100014069010,10,张仪村,000000058524311
110100014069011,11,地铁园博园站,000000058524311
110100014069012,12,地铁张郭庄站,000000058524311
110100014069041,13,槐树岭南站,000000058524311
110100014069042,14,槐树岭,000000058524311
110100014069043,15,南营东站,000000058524311
110100014069044,16,南营,000000058524311
110100014069045,17,南营西站,000000058524311
110100014069046,18,丰台辛庄东站,000000058524311
110100014069047,19,丰台辛庄,000000058524311
110100014069021,20,北宫森林公园,000000058524311
110100014069022,21,大灰厂村,000000058524311
110100014069023,22,丰台李家坟,000000058524311
110100014069024,23,大灰厂,000000058524311
