stationId,stopNumber,stopName,lineId
110100016367002,1,城南嘉园北,000014286687271
110100016367060,2,嘉园三里(北行),000014286687271
110100016367003,3,嘉园三里北,000014286687271
110100016367004,4,欣园小区东(西行),000014286687271
110100016367005,5,欣园小区北(北行),000014286687271
110100016367006,6,草桥东路北口(北行),000014286687271
110100016367007,7,洋桥西,000014286687271
110100016367008,8,木樨园桥西,000014286687271
110100016367009,9,木樨园桥东,000014286687271
110100016367010,10,刘家窑桥,000014286687271
110100016367011,11,方庄桥西,000014286687271
110100016367012,12,方庄桥东,000014286687271
110100016367013,13,十里河桥北,000014286687271
110100016367014,14,华威桥南,000014286687271
110100016367015,15,潘家园桥北,000014286687271
110100016367016,16,劲松桥北,000014286687271
110100016367056,17,双井桥南,000014286687271
110100016367017,18,双井桥北,000014286687271
110100016367057,19,大北窑南,000014286687271
110100016367018,20,大北窑北,000014286687271
110100016367019,21,呼家楼北,000014286687271
110100016367020,22,白家庄,000014286687271
110100016367021,23,亮马桥,000014286687271
110100016367022,24,三元桥南,000014286687271
110100016367023,25,静安庄,000014286687271
110100016367024,26,西坝河,000014286687271
110100016367058,27,太阳宫桥,000014286687271
110100016367025,28,和平东桥,000014286687271
110100016367026,29,和平西桥,000014286687271
110100016367027,30,安贞桥东,000014286687271
110100016367028,31,安贞桥西,000014286687271
110100016367029,32,安华桥西,000014286687271
110100016367030,33,马甸桥东,000014286687271
110100016367031,34,北太平桥西,000014286687271
110100016367032,35,蓟门桥西,000014286687271
110100016367059,36,地铁大钟寺站,000014286687271
110100016367033,37,大钟寺,000014286687271
110100016367034,38,四通桥东,000014286687271
110100016367055,39,四通桥西,000014286687271
110100016367036,40,三义庙,000014286687271
110100016367062,41,苏州桥南,000014286687271
110100016367037,42,为公桥,000014286687271
110100016367038,43,万寿寺,000014286687271
110100016367039,44,紫竹桥南,000014286687271
110100016367040,45,花园桥南,000014286687271
110100016367041,46,航天桥南,000014286687271
110100016367042,47,八一湖,000014286687271
110100016367043,48,公主坟南,000014286687271
110100016367044,49,六里桥北里,000014286687271
110100016367045,50,六里桥南,000014286687271
110100016367046,51,西局,000014286687271
110100016367047,52,丽泽桥,000014286687271
110100016367048,53,夏家胡同,000014286687271
110100016367049,54,玉泉营桥西,000014286687271
110100016367050,55,草桥东路北口(南行),000014286687271
110100016367051,56,欣园小区北(南行),000014286687271
110100016367052,57,欣园小区东(东行),000014286687271
110100016367053,58,嘉园三里北(南行),000014286687271
110100016367061,59,嘉园三里(南行),000014286687271
110100016367054,60,城南嘉园北,000014286687271
