stationId,stopNumber,stopName,lineId
900000027382081,1,田府北街西口,000000000022590
900000027382085,2,文旅路,000000000022590
900000027382072,3,曹园逸家小区,000000000022590
900000027382073,4,通州孙庄,000000000022590
900000027382083,5,万盛北里,000000000022590
900000027382075,6,万盛中一街,000000000022590
900000027382077,7,阿尔法社区,000000000022590
900000027382057,8,小稿村,000000000022590
900000027382047,9,日新路北口,000000000022590
900000027382058,10,龙鼎家园,000000000022590
900000027382042,11,西小马,000000000022590
900000027382043,12,翠屏南里,000000000022590
900000027382062,13,蓝调沙龙小区,000000000022590
900000027382056,14,果园南,000000000022590
900000027382059,15,果园北,000000000022590
900000027382022,16,潞河医院,000000000022590
900000027382023,17,通州佟麟阁大街,000000000022590
900000027382060,18,西大街路口东,000000000022590
900000027382061,19,新华大街,000000000022590
900000027382026,20,通州东关西站,000000000022590
900000027382027,21,故城东路北口,000000000022590
900000027382054,22,西上园小区西门,000000000022590
900000027382029,23,西上园,000000000022590
900000027382082,24,东上园,000000000022590
900000027382031,25,运河明珠家园,000000000022590
900000027382032,26,运河湾小区,000000000022590
900000027382033,27,三元村南,000000000022590
900000027382034,28,荔景园南口,000000000022590
900000027382063,29,荔景园小区,000000000022590
900000027382049,30,荔景园东区,000000000022590
900000027382050,31,桦秀路北口,000000000022590
