stationId,stopNumber,stopName,lineId
900000021213001,1,田仙峪,000005815190970
900000021213032,2,临时站,000005815190970
900000021213027,3,辛营村,000005815190970
900000021213005,4,慕田峪环岛,000005815190970
900000021213006,5,苇店北,000005815190970
900000021213028,6,苇店,000005815190970
900000021213029,7,苇店南,000005815190970
900000021213030,8,马道峪北,000005815190970
900000021213010,9,马道峪,000005815190970
900000021213011,10,马道峪南,000005815190970
900000021213012,11,花台子,000005815190970
900000021213013,12,三渡河,000005815190970
900000021213014,13,三渡河村口,000005815190970
900000021213015,14,三亩园,000005815190970
900000021213016,15,关渡河,000005815190970
900000021213017,16,口头,000005815190970
900000021213031,17,东峪(临时站),000005815190970
900000021213019,18,西三村口,000005815190970
900000021213020,19,小东庄,000005815190970
900000021213021,20,郭家坞,000005815190970
900000021213022,21,怀柔北大街,000005815190970
900000021213023,22,怀柔学管中心,000005815190970
900000021213024,23,于家园一区,000005815190970
900000021213025,24,于家园,000005815190970
