stationId,stopNumber,stopName,lineId
900000035212001,1,耿辛庄,000011089126330
900000035212002,2,怀柔张各庄,000011089126330
900000035212040,3,怀柔张各庄西,000011089126330
900000035212044,4,怀柔太平庄北,000011089126330
900000035212049,5,怀柔太平庄,000011089126330
900000035212045,6,怀柔南站南广场,000011089126330
900000035212047,7,怀柔花园村南,000011089126330
900000035212048,8,怀柔花园村,000011089126330
900000035212039,9,怀柔郭庄,000011089126330
900000035212006,10,安乐庄,000011089126330
900000035212032,11,杨宋大槐树,000011089126330
900000035212035,12,凤翔公园,000011089126330
900000035212018,13,中影基地,000011089126330
900000035212038,14,雁栖河桥东,000011089126330
900000035212029,15,高两河,000011089126330
900000035212034,16,高两河西,000011089126330
900000035212019,17,庙城检测场,000011089126330
900000035212050,18,华欣湾小区,000011089126330
900000035212020,19,南华,000011089126330
900000035212030,20,南华大街东口,000011089126330
900000035212021,21,南华园三区,000011089126330
900000035212022,22,青春路南口,000011089126330
900000035212043,23,怀柔南大街,000011089126330
900000035212024,24,康馨家园,000011089126330
900000035212025,25,怀柔东关村,000011089126330
900000035212026,26,怀柔五中,000011089126330
900000035212027,27,怀柔汽车站,000011089126330
900000035212028,28,怀柔招商局,000011089126330
900000035212016,29,下元,000011089126330
900000035212017,30,于家园,000011089126330
