stationId,stopNumber,stopName,lineId
900000055878078,1,延庆南菜园公交场站,000003077454771
900000055878119,2,延庆南菜园,000003077454771
900000055878002,3,延庆东关,000003077454771
900000055878003,4,川北小区南门,000003077454771
900000055878004,5,石河营,000003077454771
900000055878005,6,京张路口东,000003077454771
900000055878115,7,延庆东桥东,000003077454771
900000055878006,8,延庆八中,000003077454771
900000055878095,9,八里店站,000003077454771
900000055878101,10,八里店东口站,000003077454771
900000055878113,11,新合营,000003077454771
900000055878114,12,沈家营镇政府,000003077454771
900000055878010,13,沈家营,000003077454771
900000055878117,14,连家营,000003077454771
900000055878012,15,魏家营,000003077454771
900000055878118,16,兴安堡路口,000003077454771
900000055878014,17,北老君堂路口,000003077454771
900000055878102,18,香村营西站,000003077454771
900000055878016,19,香村营,000003077454771
900000055878017,20,西小庄科,000003077454771
900000055878018,21,吴坊营,000003077454771
900000055878111,22,吴坊营东站,000003077454771
900000055878103,23,吴坊营村东,000003077454771
900000055878112,24,新华营西,000003077454771
900000055878021,25,新华营,000003077454771
900000055878110,26,三里墩,000003077454771
900000055878023,27,永宁西关,000003077454771
900000055878024,28,永宁车站,000003077454771
900000055878025,29,永宁,000003077454771
900000055878061,30,延庆狮子营,000003077454771
900000055878062,31,永新堡,000003077454771
900000055878082,32,刘斌堡西站,000003077454771
900000055878064,33,刘斌堡,000003077454771
900000055878083,34,刘斌堡东站,000003077454771
900000055878104,35,刘斌堡村东,000003077454771
900000055878031,36,山南沟,000003077454771
900000055878032,37,小观头,000003077454771
900000055878033,38,大观头,000003077454771
900000055878096,39,周四沟村西,000003077454771
900000055878035,40,周四沟,000003077454771
900000055878036,41,红果寺,000003077454771
900000055878085,42,小吉祥,000003077454771
900000055878086,43,大吉祥,000003077454771
900000055878039,44,黑汉岭,000003077454771
900000055878040,45,王顺沟路口,000003077454771
900000055878041,46,四海南湾,000003077454771
900000055878042,47,大胜岭,000003077454771
900000055878043,48,天门关,000003077454771
900000055878044,49,四海,000003077454771
900000055878045,50,北口子,000003077454771
900000055878046,51,永红村,000003077454771
900000055878106,52,珍珠泉,000003077454771
900000055878107,53,珍珠泉北站,000003077454771
900000055878088,54,称沟湾,000003077454771
900000055878049,55,水沟门,000003077454771
900000055878050,56,东方红,000003077454771
900000055878097,57,珍珠泉山东沟,000003077454771
900000055878098,58,珍珠泉八亩地,000003077454771
900000055878053,59,杏叶沟,000003077454771
900000055878099,60,水泉子村南,000003077454771
900000055878054,61,水泉子,000003077454771
900000055878108,62,珍珠泉南湾,000003077454771
900000055878055,63,双金草,000003077454771
900000055878105,64,小寒露沟,000003077454771
900000055878056,65,小川南口,000003077454771
900000055878057,66,小川北口,000003077454771
900000055878058,67,柳条湾,000003077454771
900000055878116,68,双窑沟,000003077454771
900000055878066,69,小铺,000003077454771
900000055878068,70,菜树底下村,000003077454771
900000055878069,71,菜树西沟,000003077454771
900000055878059,72,高家梁,000003077454771
900000055878070,73,前仓米道,000003077454771
900000055878073,74,田仓米道村,000003077454771
900000055878109,75,滴水壶景区,000003077454771
900000055878075,76,滴水壶,000003077454771
900000055878076,77,四潭沟,000003077454771
900000055878077,78,三潭沟,000003077454771
900000055878100,79,沙梁子村南,000003077454771
900000055878072,80,沙梁子,000003077454771
