stationId,stopNumber,stopName,lineId
110100015565001,1,十里河桥北,000000058671721
110100015565051,2,华威桥南,000000058671721
110100015565052,3,潘家园桥,000000058671721
110100015565002,4,劲松桥南,000000058671721
110100015565053,5,劲松桥北,000000058671721
110100015565054,6,双井桥南,000000058671721
110100015565003,7,双井桥北,000000058671721
110100015565055,8,双花园,000000058671721
110100015565004,9,大北窑南,000000058671721
110100015565056,10,大北窑北,000000058671721
110100015565005,11,光华桥南,000000058671721
110100015565057,12,光华桥北,000000058671721
110100015565007,13,呼家楼北,000000058671721
110100015565008,14,白家庄,000000058671721
110100015565058,15,长虹桥北,000000058671721
110100015565009,16,农业展览馆,000000058671721
110100015565010,17,亮马桥,000000058671721
110100015565059,18,燕莎桥南,000000058671721
110100015565060,19,燕莎桥北,000000058671721
110100015565011,20,三元桥南,000000058671721
110100015565012,21,静安庄,000000058671721
110100015565013,22,西坝河,000000058671721
110100015565014,23,太阳宫桥,000000058671721
110100015565015,24,和平东桥,000000058671721
110100015565016,25,和平西桥,000000058671721
110100015565017,26,安贞桥东,000000058671721
110100015565018,27,安贞桥西,000000058671721
110100015565019,28,安华桥西,000000058671721
110100015565020,29,马甸桥东,000000058671721
110100015565021,30,马甸桥西,000000058671721
110100015565022,31,北太平桥西,000000058671721
110100015565061,32,蓟门桥东,000000058671721
110100015565023,33,蓟门桥西,000000058671721
110100015565024,34,地铁大钟寺站,000000058671721
110100015565025,35,大钟寺,000000058671721
110100015565062,36,红民村,000000058671721
110100015565026,37,四通桥东,000000058671721
110100015565063,38,四通桥西,000000058671721
110100015565027,39,三义庙,000000058671721
110100015565064,40,苏州桥南,000000058671721
110100015565028,41,为公桥,000000058671721
110100015565029,42,万寿寺,000000058671721
110100015565065,43,紫竹桥北,000000058671721
110100015565030,44,紫竹桥南,000000058671721
110100015565031,45,花园桥南,000000058671721
110100015565032,46,航天桥北,000000058671721
110100015565066,47,航天桥南,000000058671721
110100015565033,48,八一湖,000000058671721
110100015565034,49,公主坟北,000000058671721
110100015565035,50,公主坟,000000058671721
110100015565067,51,公主坟南,000000058671721
110100015565036,52,六里桥北里,000000058671721
110100015565037,53,六里桥南,000000058671721
110100015565038,54,西局,000000058671721
110100015565039,55,丽泽桥南,000000058671721
110100015565068,56,丰益桥南,000000058671721
110100015565040,57,夏家胡同,000000058671721
110100015565041,58,玉泉营桥西,000000058671721
110100015565069,59,玉泉营桥东,000000058671721
110100015565042,60,草桥,000000058671721
110100015565070,61,万芳桥东,000000058671721
110100015565071,62,北京戏曲学校,000000058671721
110100015565043,63,洋桥东,000000058671721
110100015565044,64,木樨园桥西,000000058671721
110100015565072,65,木樨园桥,000000058671721
110100015565045,66,木樨园桥东,000000058671721
110100015565073,67,赵公口桥西,000000058671721
110100015565046,68,刘家窑桥西,000000058671721
110100015565074,69,刘家窑桥东,000000058671721
110100015565075,70,东铁营桥东,000000058671721
110100015565076,71,分钟寺桥西,000000058671721
110100015565049,72,十里河桥西,000000058671721
