stationId,stopNumber,stopName,lineId
110100013985022,1,靛厂新村,000000058490391
110100013985023,2,靛厂村,000000058490391
110100013985024,3,莲宝路口东,000000058490391
110100013985025,4,马官营西,000000058490391
110100013985026,5,马官营,000000058490391
110100013985027,6,六里桥北,000000058490391
110100013985004,7,公主坟南,000000058490391
110100013985005,8,公主坟东,000000058490391
110100013985020,9,军事博物馆,000000058490391
110100013985006,10,木樨地东,000000058490391
110100013985007,11,工会大楼,000000058490391
110100013985008,12,南礼士路,000000058490391
110100013985009,13,复兴门内,000000058490391
110100013985021,14,民族文化宫,000000058490391
110100013985010,15,西单路口东,000000058490391
110100013985011,16,天安门西,000000058490391
110100013985012,17,天安门东,000000058490391
110100013985029,18,王府井,000000058490391
110100013985028,19,东单路口东,000000058490391
110100013985031,20,北京站口东,000000058490391
110100013985014,21,北京站东街,000000058490391
110100013985015,22,广渠门,000000058490391
110100013985016,23,光明桥东,000000058490391
110100013985030,24,劲松中街,000000058490391
110100013985017,25,劲松桥东,000000058490391
110100013985018,26,南磨房,000000058490391
110100013985019,27,平乐园,000000058490391
