stationId,stopNumber,stopName,lineId
110100013809002,1,西苑枢纽站,000000058356750
110100013809050,2,西苑,000000058356750
110100013809003,3,颐和园路东口,000000058356750
110100013809004,4,圆明园南门,000000058356750
110100013809005,5,圆明园东路,000000058356750
110100013809006,6,清华附中,000000058356750
110100013809007,7,圆明园东门,000000058356750
110100013809008,8,北京体育大学,000000058356750
110100013809009,9,正白旗,000000058356750
110100013809010,10,上地南口,000000058356750
110100013809011,11,上地西里,000000058356750
110100013809012,12,上地三街东口,000000058356750
110100013809013,13,上地桥东,000000058356750
110100013809014,14,清河大楼,000000058356750
110100013809015,15,安宁庄东路南口,000000058356750
110100013809016,16,安宁里南站,000000058356750
110100013809017,17,安宁里,000000058356750
110100013809018,18,西三旗桥西,000000058356750
110100013809019,19,西三旗桥东,000000058356750
110100013809020,20,邮政研究院,000000058356750
110100013809021,21,育新小区北口,000000058356750
110100013809022,22,地铁育新站,000000058356750
110100013809023,23,新都,000000058356750
110100013809024,24,枫丹丽舍小区南,000000058356750
110100013809025,25,建材城东路西口,000000058356750
110100013809026,26,硅谷小区,000000058356750
110100013809027,27,建材城东里,000000058356750
110100013809028,28,森林大第,000000058356750
110100013809029,29,贺村,000000058356750
110100013809030,30,中滩,000000058356750
110100013809031,31,天通西苑南,000000058356750
110100013809032,32,地铁天通苑南站,000000058356750
110100013809033,33,天通苑太平庄,000000058356750
110100013809034,34,天通北苑一区南,000000058356750
110100013809052,35,天通北苑二区南,000000058356750
110100013809036,36,天通北苑三区南,000000058356750
110100013809037,37,天通苑塔楼,000000058356750
110100013809038,38,天通东苑一区,000000058356750
110100013809049,39,天通东苑二区北门,000000058356750
110100013809047,40,天通东苑三区,000000058356750
110100013809048,41,天通东苑三区北站,000000058356750
110100013809042,42,天通北苑,000000058356750
