stationId,stopNumber,stopName,lineId
900000174717001,1,地铁角门西站,000000000009261
900000174717002,2,四顷三村,000000000009261
900000174717003,3,地铁公益西桥站,000000000009261
900000174717004,4,公益西桥北,000000000009261
900000174717005,5,公益西桥西,000000000009261
900000174717006,6,黄土岗,000000000009261
900000174717007,7,花乡桥东,000000000009261
900000174717008,8,花乡桥南,000000000009261
900000174717009,9,四合欣园北门,000000000009261
900000174717010,10,五圈路,000000000009261
900000174717011,11,五圈路西站,000000000009261
900000174717012,12,地铁丰台科技园站,000000000009261
900000174717013,13,总部基地金融港,000000000009261
900000174717014,14,六圈,000000000009261
