stationId,stopNumber,stopName,lineId
110100016093002,1,莲花池南路,000000058290490
110100016093003,2,莲花池,000000058290490
110100016093004,3,六里桥东,000000058290490
110100016093005,4,六里桥西,000000058290490
110100016093006,5,小井桥东,000000058290490
110100016093007,6,白塔村,000000058290490
110100016093008,7,莲宝路口南,000000058290490
110100016093009,8,莲宝路口北,000000058290490
110100016093010,9,金家村桥北,000000058290490
110100016093011,10,太平路东口,000000058290490
110100016093012,11,西翠路口东,000000058290490
110100016093013,12,西翠路口西,000000058290490
110100016093015,13,沙窝桥东,000000058290490
110100016093052,14,沙窝桥北,000000058290490
110100016093017,15,北太平路东口,000000058290490
110100016093018,16,北太平路口西,000000058290490
110100016093075,17,北太平路西口,000000058290490
110100016093019,18,玉泉路口南,000000058290490
110100016093020,19,玉泉路口西,000000058290490
110100016093021,20,八宝山,000000058290490
110100016093022,21,地铁八宝山站,000000058290490
110100016093023,22,老山,000000058290490
110100016093024,23,京原东站,000000058290490
110100016093026,24,京原路口东,000000058290490
110100016093027,25,京原路口西,000000058290490
110100016093028,26,京燕饭店,000000058290490
110100016093029,27,八角,000000058290490
110100016093030,28,石景山古城,000000058290490
110100016093081,29,老古城,000000058290490
110100016093082,30,首钢厂东门,000000058290490
110100016093083,31,田顺庄,000000058290490
110100016093090,32,地铁北辛安站,000000058290490
110100016093084,33,北辛安,000000058290490
110100016093035,34,石景山,000000058290490
110100016093036,35,首钢小区,000000058290490
110100016093037,36,模式口西里,000000058290490
110100016093038,37,高井路口西,000000058290490
110100016093039,38,石景山高井,000000058290490
110100016093040,39,黑石头,000000058290490
110100016093058,40,五里坨,000000058290490
110100016093059,41,石景山南宫,000000058290490
110100016093074,42,三家店东口,000000058290490
110100016093060,43,三家店,000000058290490
110100016093061,44,三家店西口,000000058290490
110100016093062,45,城子北站,000000058290490
110100016093063,46,城子,000000058290490
110100016093064,47,河滩北站,000000058290490
110100016093065,48,新桥大街,000000058290490
110100016093066,49,双峪,000000058290490
110100016093067,50,滨河西区,000000058290490
110100016093068,51,德露苑公交场站,000000058290490
110100016093069,52,大峪中学,000000058290490
110100016093088,53,永安小区路口南,000000058290490
110100016093070,54,侯庄子新村,000000058290490
110100016093086,55,增胜庄东,000000058290490
110100016093085,56,翡翠长安小区东,000000058290490
110100016093071,57,梧桐苑西,000000058290490
110100016093076,58,莲石湖西路东,000000058290490
110100016093072,59,石龙西公交场站,000000058290490
