stationId,stopNumber,stopName,lineId
110100013488002,1,天宁寺桥东,000000058403200
110100013488036,2,天宁寺桥北,000000058403200
110100013488003,3,天宁寺桥西,000000058403200
110100013488004,4,白云观,000000058403200
110100013488005,5,白云路,000000058403200
110100013488006,6,三里河东路南口,000000058403200
110100013488007,7,月坛南街北站,000000058403200
110100013488008,8,月坛北街北站,000000058403200
110100013488009,9,展览路口南,000000058403200
110100013488010,10,百万庄东口,000000058403200
110100013488011,11,二里沟东口,000000058403200
110100013488012,12,北京展览馆,000000058403200
110100013488013,13,西直门外,000000058403200
110100013488014,14,地铁西直门站,000000058403200
110100013488015,15,北下关,000000058403200
110100013488016,16,北京交通大学,000000058403200
110100013488017,17,大柳树南站,000000058403200
110100013488018,18,大慧寺,000000058403200
110100013488019,19,魏公村,000000058403200
110100013488020,20,中国农业科学院,000000058403200
110100013488021,21,四通桥西,000000058403200
110100013488022,22,三义庙,000000058403200
110100013488023,23,万泉庄,000000058403200
110100013488024,24,人民大学西门,000000058403200
110100013488025,25,北京市地震局,000000058403200
110100013488026,26,海淀桥东,000000058403200
110100013488027,27,中关村一街,000000058403200
110100013488028,28,保福寺桥西,000000058403200
110100013488029,29,北京城市学院,000000058403200
110100013488030,30,成府路口南,000000058403200
110100013488031,31,学院路北口,000000058403200
110100013488032,32,中国农业大学东校区,000000058403200
110100013488033,33,二里庄北口,000000058403200
110100013488034,34,二里庄,000000058403200
