stationId,stopNumber,stopName,lineId
110100013500002,1,北京站东街,000000058405220
110100013500003,2,广渠门,000000058405220
110100013500021,3,光明桥,000000058405220
110100013500004,4,光明桥东,000000058405220
110100013500005,5,劲松中街,000000058405220
110100013500023,6,劲松桥东,000000058405220
110100013500024,7,农光东里,000000058405220
110100013500025,8,武圣东里,000000058405220
110100013500026,9,武圣路,000000058405220
110100013500010,10,松榆里,000000058405220
110100013500011,11,松榆东里南门,000000058405220
110100013500012,12,北京工业大学南门,000000058405220
110100013500013,13,四方桥西,000000058405220
110100013500014,14,弘燕桥北,000000058405220
110100013500015,15,小武基桥北,000000058405220
110100013500020,16,周家庄中路,000000058405220
110100013500022,17,西大望南路,000000058405220
110100013500017,18,弘燕公交场站,000000058405220
