stationId,stopNumber,stopName,lineId
110100015359101,1,大沙地村,000011574150880
110100015359102,2,上留财村,000011574150880
110100015359103,3,下留财村,000011574150880
110100015359104,4,天花板村,000011574150880
110100015359105,5,东湖港,000011574150880
110100015359079,6,平峪村,000011574150880
110100015359112,7,片南,000011574150880
110100015359003,8,北石门村,000011574150880
110100015359004,9,西石门村,000011574150880
110100015359113,10,房山瓦窑,000011574150880
110100015359005,11,十二渡,000011574150880
110100015359085,12,前头港村,000011574150880
110100015359007,13,西河村,000011574150880
110100015359008,14,十渡镇西庄,000011574150880
110100015359089,15,十渡,000011574150880
110100015359080,16,九渡,000011574150880
110100015359091,17,十渡卫生院,000011574150880
110100015359011,18,八渡,000011574150880
110100015359114,19,八渡北,000011574150880
110100015359115,20,七渡西,000011574150880
110100015359012,21,七渡村,000011574150880
110100015359092,22,七渡,000011574150880
110100015359013,23,六渡,000011574150880
110100015359093,24,六渡东,000011574150880
110100015359116,25,五渡,000011574150880
110100015359117,26,五渡村,000011574150880
110100015359118,27,五渡桥,000011574150880
110100015359015,28,四渡,000011574150880
110100015359119,29,四渡东,000011574150880
110100015359106,30,三渡西,000011574150880
110100015359120,31,三渡,000011574150880
110100015359121,32,三渡桥南,000011574150880
110100015359122,33,二渡,000011574150880
110100015359018,34,一渡,000011574150880
110100015359123,35,一渡南,000011574150880
110100015359124,36,片上村,000011574150880
110100015359125,37,下寺路口,000011574150880
110100015359021,38,张坊镇政府,000011574150880
110100015359095,39,张坊公交场站,000011574150880
110100015359022,40,张坊,000011574150880
110100015359024,41,房山史各庄村,000011574150880
110100015359025,42,西白岱西,000011574150880
110100015359096,43,西白岱,000011574150880
110100015359026,44,南白岱,000011574150880
110100015359027,45,广禄庄,000011574150880
110100015359028,46,塔照,000011574150880
110100015359107,47,南尚乐西站,000011574150880
110100015359029,48,南尚乐,000011574150880
110100015359030,49,北尚乐,000011574150880
110100015359088,50,惠南庄路口,000011574150880
110100015359090,51,大石窝镇辛庄,000011574150880
110100015359033,52,房山王庄道口,000011574150880
110100015359086,53,石窝,000011574150880
110100015359035,54,大石窝镇政府,000011574150880
110100015359036,55,大石窝镇纸房路口,000011574150880
110100015359037,56,大石窝镇半壁店,000011574150880
110100015359038,57,南正西,000011574150880
110100015359039,58,南正东,000011574150880
110100015359040,59,北正,000011574150880
110100015359097,60,北正东,000011574150880
110100015359087,61,北良各庄路口,000011574150880
110100015359098,62,长沟,000011574150880
110100015359126,63,长沟北站,000011574150880
110100015359042,64,长沟镇政府,000011574150880
110100015359044,65,长沟中学,000011574150880
110100015359045,66,云居寺路东口,000011574150880
110100015359046,67,长沟沿村,000011574150880
110100015359047,68,长沟检查站,000011574150880
110100015359048,69,二龙岗,000011574150880
110100015359049,70,五侯路口,000011574150880
110100015359050,71,房山岳各庄,000011574150880
110100015359051,72,育才学校房山分校,000011574150880
110100015359052,73,尤家坟,000011574150880
110100015359053,74,东周各庄,000011574150880
110100015359054,75,石瓦路口,000011574150880
110100015359055,76,瓦井,000011574150880
110100015359056,77,南韩继,000011574150880
110100015359057,78,龙宝峪,000011574150880
110100015359058,79,新街,000011574150880
110100015359059,80,周口店镇辛庄,000011574150880
110100015359060,81,大韩继,000011574150880
110100015359108,82,龙乡苑,000011574150880
110100015359061,83,周口店路口,000011574150880
110100015359062,84,周口村路口,000011574150880
110100015359099,85,房山云峰寺路口,000011574150880
110100015359063,86,顾册,000011574150880
110100015359064,87,牛口峪路口,000011574150880
110100015359065,88,房山南关立交桥南,000011574150880
110100015359066,89,房山南关,000011574150880
110100015359067,90,房山中医医院,000011574150880
110100015359068,91,房山南大街,000011574150880
110100015359069,92,房山大角南,000011574150880
110100015359070,93,仓房小区,000011574150880
110100015359071,94,房山北大街,000011574150880
110100015359072,95,万宁桥,000011574150880
110100015359073,96,房山北关,000011574150880
110100015359074,97,地铁房山城关站,000011574150880
110100015359075,98,房山体育场,000011574150880
110100015359109,99,房山东大桥,000011574150880
110100015359110,100,饶乐府,000011574150880
110100015359111,101,龙之乡公交场站,000011574150880
