stationId,stopNumber,stopName,lineId
110100015230069,1,丰台河西村,000000058463181
110100015230070,2,南宫南站,000000058463181
110100015230082,3,林家坟,000000058463181
110100015230071,4,王佐桥西,000000058463181
110100015230002,5,怪村公交场站,000000058463181
110100015230062,6,怪村,000000058463181
110100015230063,7,南洛平村,000000058463181
110100015230064,8,北洛平村,000000058463181
110100015230079,9,文林北街东口,000000058463181
110100015230072,10,栗园村西,000000058463181
110100015230073,11,栗园村,000000058463181
110100015230074,12,民族苑路,000000058463181
110100015230075,13,丰台瓦窑村东口,000000058463181
110100015230076,14,下庄村,000000058463181
110100015230077,15,西王佐北,000000058463181
110100015230078,16,王佐卫生院,000000058463181
110100015230009,17,王佐学校,000000058463181
110100015230010,18,东王佐,000000058463181
110100015230011,19,南宫北站,000000058463181
110100015230012,20,云岗,000000058463181
