stationId,stopNumber,stopName,lineId
110100013626002,1,富丰桥西,000000058149330
110100013626003,2,看丹桥,000000058149330
110100013626023,3,看丹桥东,000000058149330
110100013626004,4,韩庄子北,000000058149330
110100013626005,5,造甲村,000000058149330
110100013626024,6,造甲村东,000000058149330
110100013626006,7,新村,000000058149330
110100013626007,8,四合庄,000000058149330
110100013626022,9,花乡桥北,000000058149330
110100013626008,10,花乡桥东,000000058149330
110100013626009,11,银地家园,000000058149330
110100013626010,12,新发地北桥西,000000058149330
110100013626021,13,新宫村,000000058149330
110100013626020,14,地铁新宫站东,000000058149330
110100013626012,15,合顺家园,000000058149330
110100013626013,16,五爱屯,000000058149330
110100013626014,17,红房子路口东,000000058149330
110100013626015,18,新华路南口,000000058149330
110100013626016,19,三营门东,000000058149330
110100013626017,20,西洼地,000000058149330
110100013626018,21,东高地,000000058149330
110100013626019,22,万源路,000000058149330
