stationId,stopNumber,stopName,lineId
110100016239002,1,四马台北站,000011574150420
110100016239094,2,四马台村北(临时站),000011574150420
110100016239003,3,四马台,000011574150420
110100016239004,4,四马台南站,000011574150420
110100016239005,5,四马台水泉,000011574150420
110100016239006,6,杨树洼,000011574150420
110100016239007,7,龙门台村,000011574150420
110100016239008,8,龙门台路口,000011574150420
110100016239009,9,何家台,000011574150420
110100016239010,10,庄户台西,000011574150420
110100016239011,11,庄户台,000011574150420
110100016239012,12,鱼骨寺路口,000011574150420
110100016239013,13,台港沟路口,000011574150420
110100016239014,14,南直河,000011574150420
110100016239128,15,柳树沟桥,000011574150420
110100016239015,16,任家台,000011574150420
110100016239016,17,王家台,000011574150420
110100016239134,18,王家台东,000011574150420
110100016239017,19,三江堰,000011574150420
110100016239018,20,石板台西,000011574150420
110100016239019,21,石板台,000011574150420
110100016239020,22,郑家台西,000011574150420
110100016239021,23,郑家台东,000011574150420
110100016239022,24,四合北站,000011574150420
110100016239023,25,四合南站,000011574150420
110100016239113,26,霞云岭敬老院,000011574150420
110100016239024,27,霞云岭,000011574150420
110100016239025,28,霞云岭小学,000011574150420
110100016239026,29,下河,000011574150420
110100016239027,30,下河村口,000011574150420
110100016239028,31,凉水泉路口,000011574150420
110100016239108,32,凉水泉,000011574150420
110100016239114,33,凉水泉东,000011574150420
110100016239115,34,上石堡南,000011574150420
110100016239029,35,上石堡,000011574150420
110100016239030,36,立台岭,000011574150420
110100016239031,37,中石堡,000011574150420
110100016239032,38,下石堡,000011574150420
110100016239033,39,下石堡北,000011574150420
110100016239097,40,沙湖南,000011574150420
110100016239035,41,沙湖,000011574150420
110100016239116,42,佛子庄乡土洞,000011574150420
110100016239036,43,贾峪口,000011574150420
110100016239037,44,贾峪口东,000011574150420
110100016239135,45,六马堂桥南,000011574150420
110100016239117,46,九道河西,000011574150420
110100016239038,47,房山石板房路口,000011574150420
110100016239039,48,大港,000011574150420
110100016239040,49,山川,000011574150420
110100016239041,50,房山五道河,000011574150420
110100016239042,51,房山四道河,000011574150420
110100016239043,52,房山二道河,000011574150420
110100016239044,53,长操北,000011574150420
110100016239045,54,长操,000011574150420
110100016239099,55,长操桥,000011574150420
110100016239046,56,红煤厂路口,000011574150420
110100016239047,57,南窖路口,000011574150420
110100016239109,58,红煤厂公交场站,000011574150420
110100016239048,59,西大地,000011574150420
110100016239049,60,佛子庄西口,000011574150420
110100016239110,61,佛子庄桥,000011574150420
110100016239050,62,银狐洞路口,000011574150420
110100016239051,63,佛子庄乡南河,000011574150420
110100016239052,64,黑龙关,000011574150420
110100016239053,65,佛子庄乡政府,000011574150420
110100016239123,66,班各庄,000011574150420
110100016239124,67,陈家台,000011574150420
110100016239132,68,陈家台东,000011574150420
110100016239105,69,辛庄检查站,000011574150420
110100016239056,70,河北镇辛庄,000011574150420
110100016239091,71,房山河南村口,000011574150420
110100016239057,72,河北镇邮局,000011574150420
110100016239058,73,李各庄,000011574150420
110100016239106,74,河北法庭,000011574150420
110100016239059,75,东庄子,000011574150420
110100016239107,76,东庄子南,000011574150420
110100016239129,77,河东村,000011574150420
110100016239111,78,三福村西,000011574150420
110100016239061,79,三福村,000011574150420
110100016239062,80,三福村路口,000011574150420
110100016239063,81,石花洞路口,000011574150420
110100016239100,82,河北镇半壁店,000011574150420
110100016239126,83,河北镇半壁店村口,000011574150420
110100016239102,84,磁家务北站,000011574150420
110100016239103,85,磁家务,000011574150420
110100016239104,86,万佛堂路口,000011574150420
110100016239068,87,万佛堂,000011574150420
110100016239069,88,房山矿家属区北,000011574150420
110100016239070,89,房山矿家属区南,000011574150420
110100016239071,90,南观路口,000011574150420
110100016239072,91,燕山东岭,000011574150420
110100016239073,92,燕山羊耳峪,000011574150420
110100016239074,93,燕山东风街,000011574150420
110100016239119,94,东流水北,000011574150420
110100016239075,95,东流水,000011574150420
110100016239133,96,东流水村东,000011574150420
110100016239127,97,后朱各庄村北,000011574150420
110100016239112,98,燕山工业区南站,000011574150420
110100016239076,99,后朱各庄,000011574150420
110100016239077,100,前朱各庄,000011574150420
110100016239131,101,燕化动力厂北,000011574150420
110100016239079,102,燕化聚酯厂,000011574150420
110100016239080,103,燕山北庄,000011574150420
110100016239120,104,燕山体育馆,000011574150420
110100016239082,105,宏塔小区,000011574150420
110100016239083,106,富燕新村,000011574150420
110100016239084,107,房山北关,000011574150420
110100016239085,108,地铁房山城关站,000011574150420
110100016239086,109,房山体育场,000011574150420
110100016239087,110,房山医院路口,000011574150420
110100016239093,111,房山南关立交桥北,000011574150420
110100016239130,112,房山汽车站,000011574150420
