stationId,stopNumber,stopName,lineId
900000134023001,1,唐大庄村,000000000023041
900000134023025,2,东下营村,000000000023041
900000134023028,3,临时站,000000000023041
900000134023022,4,西下营村西口,000000000023041
900000134023017,5,玉甫上营东,000000000023041
900000134023004,6,玉甫上营村委会,000000000023041
900000134023005,7,玉甫上营,000000000023041
900000134023006,8,玉甫上营北,000000000023041
900000134023023,9,田家府,000000000023041
900000134023016,10,地铁万盛东站,000000000023041
900000134023024,11,大马庄,000000000023041
900000134023012,12,群芳园,000000000023041
900000134023013,13,云景里,000000000023041
900000134023018,14,云景东路,000000000023041
900000134023019,15,杨家洼路口南,000000000023041
900000134023020,16,杨家洼,000000000023041
900000134023014,17,九棵树,000000000023041
900000134023015,18,地铁九棵树站,000000000023041
