stationId,stopNumber,stopName,lineId
900000088521001,1,五里桥,000007525540051
900000088521016,2,五里桥路口北,000007525540051
900000088521002,3,地铁草房站东,000007525540051
900000088521003,4,地铁草房站,000007525540051
900000088521004,5,东十里堡村,000007525540051
900000088521005,6,五里桥一街,000007525540051
900000088521018,7,草房西路北口,000007525540051
900000088521006,8,常营中路东口,000007525540051
900000088521007,9,阳光美园北门,000007525540051
900000088521008,10,北辰福第小区,000007525540051
900000088521009,11,地铁常营站,000007525540051
900000088521017,12,常营体育公园,000007525540051
900000088521015,13,连心园西门,000007525540051
900000088521011,14,东十里堡路,000007525540051
900000088521012,15,北京新天地小区,000007525540051
900000088521013,16,杨闸环岛东,000007525540051
900000088521014,17,杨闸,000007525540051
900000088521021,18,杨闸环岛西(临时站),000007525540051
