stationId,stopNumber,stopName,lineId
900000069385027,1,小龙门林场,000000058698610
900000069385001,2,小龙门,000000058698610
900000069385018,3,小龙门村南,000000058698610
900000069385016,4,胜利村,000000058698610
900000069385028,5,双塘涧灵山景区,000000058698610
900000069385002,6,齐家庄,000000058698610
900000069385003,7,张家庄,000000058698610
900000069385004,8,张家庄南口,000000058698610
900000069385025,9,杜家庄西口,000000058698610
900000069385005,10,杜家庄,000000058698610
900000069385006,11,百花山路口,000000058698610
900000069385020,12,清水镇政府,000000058698610
900000069385029,13,清水镇新村,000000058698610
900000069385008,14,上清水,000000058698610
900000069385023,15,清水,000000058698610
900000069385024,16,下清水,000000058698610
900000069385010,17,达摩口,000000058698610
900000069385011,18,高铺,000000058698610
900000069385021,19,爨底下路口,000000058698610
900000069385012,20,西斋堂,000000058698610
900000069385013,21,斋堂西口,000000058698610
900000069385015,22,斋堂,000000058698610
900000069385017,23,斋堂公交场站,000000058698610
