stationId,stopNumber,stopName,lineId
900000020615001,1,农业展览馆,000000058206260
900000020615035,2,长虹桥东,000000058206260
900000020615003,3,团结湖,000000058206260
900000020615004,4,甜水园街北口,000000058206260
900000020615005,5,朝阳公园南门,000000058206260
900000020615006,6,朝阳公园桥南,000000058206260
900000020615007,7,红领巾桥北,000000058206260
900000020615008,8,红领巾桥南,000000058206260
900000020615009,9,慈云寺,000000058206260
900000020615010,10,东八里庄,000000058206260
900000020615011,11,十里堡,000000058206260
900000020615012,12,甘露园西,000000058206260
900000020615013,13,甘露园东,000000058206260
900000020615014,14,朝阳路太平庄,000000058206260
900000020615015,15,民航总医院,000000058206260
900000020615016,16,朝阳路高井,000000058206260
900000020615017,17,大黄庄桥东,000000058206260
900000020615018,18,定福庄,000000058206260
900000020615019,19,第二外国语学院,000000058206260
900000020615020,20,朝阳路三间房,000000058206260
900000020615021,21,周家井,000000058206260
900000020615022,22,管庄,000000058206260
900000020615023,23,杨闸环岛西,000000058206260
900000020615024,24,杨闸路口南,000000058206260
900000020615025,25,小寺,000000058206260
900000020615026,26,塔营,000000058206260
900000020615036,27,郭家场桥西,000000058206260
900000020615037,28,郭家场桥南,000000058206260
900000020615027,29,双桥医院,000000058206260
900000020615028,30,六号井小区,000000058206260
900000020615029,31,双桥农场,000000058206260
900000020615030,32,双桥农场南站,000000058206260
900000020615031,33,双桥南街东口,000000058206260
900000020615032,34,苏家屯,000000058206260
900000020615033,35,定辛庄村,000000058206260
900000020615034,36,定辛庄公交场站,000000058206260
