stationId,stopNumber,stopName,lineId
900000154812001,1,土桥公交场站,000013684414810
900000154812002,2,地铁土桥站,000013684414810
900000154812003,3,颐瑞中二路北口,000013684414810
900000154812024,4,瑞都公园世家北区,000013684414810
900000154812028,5,颐瑞中三路北口,000013684414810
900000154812029,6,群芳二园东区,000013684414810
900000154812030,7,荟萃南路,000013684414810
900000154812025,8,群芳二路,000013684414810
900000154812026,9,群芳中一街,000013684414810
900000154812027,10,群芳中一街西口,000013684414810
900000154812005,11,地铁万盛东站,000013684414810
900000154812006,12,通州孙庄,000013684414810
900000154812007,13,万盛北里,000013684414810
900000154812008,14,万盛中一街,000013684414810
900000154812009,15,万盛北街,000013684414810
900000154812010,16,大稿新村,000013684414810
900000154812011,17,大稿南站,000013684414810
900000154812012,18,大稿北站,000013684414810
900000154812013,19,通州半壁店新村,000013684414810
900000154812014,20,通州半壁店,000013684414810
900000154812015,21,怡乐南街公交场站,000013684414810
900000154812016,22,翠屏西路,000013684414810
900000154812017,23,格瑞雅居小区,000013684414810
900000154812018,24,翠屏北里,000013684414810
900000154812019,25,翠屏西路北口,000013684414810
900000154812020,26,科印小区,000013684414810
900000154812021,27,通州北苑路口南,000013684414810
900000154812022,28,通州北苑路口西,000013684414810
900000154812023,29,通州西站,000013684414810
