stationId,stopNumber,stopName,lineId
110100013652025,1,地铁西二旗公交场站,000000058150740
110100013652002,2,地铁西二旗站南,000000058150740
110100013652003,3,软件园东站,000000058150740
110100013652004,4,软件园南站,000000058150740
110100013652021,5,东北旺,000000058150740
110100013652006,6,东北旺中路,000000058150740
110100013652007,7,菊园,000000058150740
110100013652008,8,马连洼,000000058150740
110100013652009,9,马连洼西站,000000058150740
110100013652010,10,圆明园西路北口,000000058150740
110100013652011,11,梅园,000000058150740
110100013652012,12,中国农业大学西校区,000000058150740
110100013652013,13,肖家河,000000058150740
110100013652014,14,万泉河桥南,000000058150740
110100013652015,15,万寿寺,000000058150740
110100013652016,16,紫竹院南门,000000058150740
110100013652017,17,白石桥东,000000058150740
110100013652018,18,动物园,000000058150740
110100013652019,19,西直门外,000000058150740
110100013652020,20,西直门公交场站,000000058150740
