stationId,stopNumber,stopName,lineId
110100016428034,1,国防大学,000011531333801
110100016428035,2,黑山扈,000011531333801
110100016428036,3,黑山扈北口,000011531333801
110100016428037,4,百旺家苑,000011531333801
110100016428038,5,圆明园西路北口,000011531333801
110100016428039,6,梅园,000011531333801
110100016428040,7,中国农业大学西校区,000011531333801
110100016428041,8,农大南路西口,000011531333801
110100016428042,9,厢黄旗,000011531333801
110100016428043,10,树村,000011531333801
110100016428044,11,树村东口,000011531333801
110100016428007,12,正白旗,000011531333801
110100016428008,13,北京体育大学,000011531333801
110100016428009,14,圆明园东门,000011531333801
110100016428010,15,清华附中,000011531333801
110100016428011,16,圆明园东路,000011531333801
110100016428012,17,清华大学西门,000011531333801
110100016428013,18,中关园北站,000011531333801
110100016428014,19,中关园,000011531333801
110100016428015,20,中关村南,000011531333801
110100016428016,21,海淀黄庄北,000011531333801
110100016428045,22,海淀黄庄南,000011531333801
110100016428017,23,人民大学,000011531333801
110100016428018,24,中国农业科学院,000011531333801
110100016428019,25,魏公村,000011531333801
110100016428020,26,中央民族大学,000011531333801
110100016428021,27,国家图书馆,000011531333801
110100016428022,28,白石桥东,000011531333801
110100016428023,29,动物园,000011531333801
110100016428024,30,西直门外,000011531333801
110100016428025,31,地铁西直门站,000011531333801
110100016428026,32,北下关,000011531333801
110100016428030,33,北京交通大学,000011531333801
110100016428033,34,慈献寺桥,000011531333801
110100016428032,35,中苑宾馆,000011531333801
