stationId,stopNumber,stopName,lineId
110100013643002,1,首都机场路北口,000000058150650
110100013643003,2,机场道口,000000058150650
110100013643006,3,苇沟桥西,000000058150650
110100013643007,4,民航博物馆,000000058150650
110100013643008,5,和平农场,000000058150650
110100013643009,6,京顺东街,000000058150650
110100013643020,7,东郊农场,000000058150650
110100013643010,8,北皋,000000058150650
110100013643011,9,东辛店,000000058150650
110100013643012,10,望京村,000000058150650
110100013643013,11,大山桥西,000000058150650
110100013643021,12,西八间房,000000058150650
110100013643014,13,京密路丽都饭店,000000058150650
110100013643022,14,地铁三元桥站,000000058150650
110100013643015,15,三元桥,000000058150650
110100013643016,16,左家庄,000000058150650
110100013643017,17,东直门外,000000058150650
