stationId,stopNumber,stopName,lineId
110100016178002,1,延庆南菜园,000000058699111
110100016178003,2,延庆东关,000000058699111
110100016178004,3,川北小区南门,000000058699111
110100016178005,4,石河营,000000058699111
110100016178006,5,京张路口东,000000058699111
110100016178083,6,延庆东桥东,000000058699111
110100016178007,7,延庆八中,000000058699111
110100016178008,8,八里店,000000058699111
110100016178084,9,八里店东口,000000058699111
110100016178100,10,新合营,000000058699111
110100016178079,11,沈家营镇政府,000000058699111
110100016178101,12,沈家营,000000058699111
110100016178085,13,连家营,000000058699111
110100016178013,14,魏家营,000000058699111
110100016178086,15,兴安堡路口,000000058699111
110100016178015,16,北老君堂路口,000000058699111
110100016178095,17,香村营西站,000000058699111
110100016178017,18,香村营,000000058699111
110100016178018,19,西小庄科,000000058699111
110100016178019,20,吴坊营,000000058699111
110100016178087,21,吴坊营东站,000000058699111
110100016178088,22,吴坊营村东,000000058699111
110100016178096,23,新华营西,000000058699111
110100016178022,24,新华营,000000058699111
110100016178089,25,三里墩,000000058699111
110100016178024,26,永宁西关,000000058699111
110100016178025,27,永宁车站,000000058699111
110100016178026,28,永宁,000000058699111
110100016178027,29,延庆狮子营,000000058699111
110100016178028,30,永新堡,000000058699111
110100016178029,31,刘斌堡西站,000000058699111
110100016178068,32,刘斌堡,000000058699111
110100016178031,33,刘斌堡东站,000000058699111
110100016178097,34,刘斌堡村东,000000058699111
110100016178032,35,山东沟,000000058699111
110100016178033,36,山西沟,000000058699111
110100016178034,37,马道梁,000000058699111
110100016178098,38,马道梁村南,000000058699111
110100016178035,39,营盘,000000058699111
110100016178080,40,柏木井,000000058699111
110100016178062,41,干沟,000000058699111
110100016178063,42,大窑,000000058699111
110100016178064,43,六道河,000000058699111
110100016178065,44,秀水湾,000000058699111
110100016178066,45,河东,000000058699111
110100016178037,46,河口,000000058699111
110100016178043,47,河口新村路口,000000058699111
110100016178044,48,红石湾,000000058699111
110100016178045,49,碴底下,000000058699111
110100016178081,50,排子岭,000000058699111
110100016178092,51,朝阳寺,000000058699111
110100016178099,52,延庆西店,000000058699111
110100016178047,53,千家店卫生院,000000058699111
110100016178094,54,千家店镇政府,000000058699111
110100016178048,55,千家店,000000058699111
110100016178049,56,河南,000000058699111
110100016178050,57,上德龙湾,000000058699111
110100016178051,58,古家窑,000000058699111
110100016178052,59,下德龙湾,000000058699111
110100016178053,60,上奶山,000000058699111
110100016178054,61,下奶山,000000058699111
110100016178055,62,菜木沟,000000058699111
110100016178090,63,照山洼,000000058699111
110100016178056,64,滴水壶,000000058699111
110100016178057,65,四潭沟,000000058699111
110100016178058,66,三潭沟,000000058699111
110100016178093,67,沙梁子村南,000000058699111
110100016178059,68,沙梁子,000000058699111
