stationId,stopNumber,stopName,lineId
900000031510067,1,延庆火车站北广场,000000058699251
900000031510068,2,司家营,000000058699251
900000031510069,3,延庆南菜园,000000058699251
900000031510070,4,湖南小区,000000058699251
900000031510071,5,延庆五中,000000058699251
900000031510054,6,日上批发市场,000000058699251
900000031510055,7,京张路口南,000000058699251
900000031510007,8,石河营,000000058699251
900000031510008,9,川北小区南门,000000058699251
900000031510009,10,延庆东关,000000058699251
900000031510072,11,康安小区,000000058699251
900000031510036,12,世园五号门,000000058699251
900000031510046,13,世园四号门,000000058699251
900000031510047,14,世园三号门,000000058699251
900000031510014,15,下屯中学,000000058699251
900000031510015,16,下屯,000000058699251
900000031510016,17,军营道口,000000058699251
900000031510017,18,东红寺,000000058699251
900000031510018,19,康庄镇王家堡,000000058699251
900000031510019,20,郭家堡,000000058699251
900000031510020,21,西红寺,000000058699251
900000031510021,22,西桑园,000000058699251
900000031510066,23,刁营东口,000000058699251
900000031510063,24,大王庄小区,000000058699251
900000031510064,25,康庄小区东口,000000058699251
900000031510065,26,康庄小区,000000058699251
900000031510029,27,康庄,000000058699251
900000031510044,28,二五一站,000000058699251
900000031510032,29,康庄桥南,000000058699251
900000031510033,30,羊儿岭村,000000058699251
900000031510048,31,羊儿岭村西口,000000058699251
900000031510034,32,雅山园,000000058699251
900000031510035,33,三泉井村,000000058699251
900000031510030,34,八达岭孔雀城,000000058699251
