stationId,stopNumber,stopName,lineId
110100015539049,1,小马厂,000000058676750
110100015539002,2,北京西站,000000058676750
110100015539047,3,北京世纪坛医院,000000058676750
110100015539048,4,皇亭子,000000058676750
110100015539033,5,军事博物馆,000000058676750
110100015539034,6,木樨地西,000000058676750
110100015539004,7,木樨地东,000000058676750
110100015539035,8,工会大楼,000000058676750
110100015539005,9,南礼士路,000000058676750
110100015539046,10,南礼士路南口,000000058676750
110100015539006,11,北京儿童医院西门,000000058676750
110100015539037,12,月坛体育场,000000058676750
110100015539038,13,阜成门南,000000058676750
110100015539039,14,阜成门北,000000058676750
110100015539040,15,车公庄南,000000058676750
110100015539041,16,车公庄西,000000058676750
110100015539016,17,西直门公交场站,000000058676750
110100015539017,18,西直门外,000000058676750
110100015539018,19,动物园,000000058676750
110100015539019,20,白石桥东,000000058676750
110100015539042,21,国家图书馆,000000058676750
110100015539020,22,中央民族大学,000000058676750
110100015539021,23,魏公村,000000058676750
110100015539022,24,中国农业科学院,000000058676750
110100015539023,25,人民大学,000000058676750
110100015539043,26,海淀黄庄南,000000058676750
110100015539024,27,海淀黄庄北,000000058676750
110100015539044,28,中关村南,000000058676750
110100015539025,29,中关村西,000000058676750
110100015539045,30,海淀桥北,000000058676750
110100015539027,31,北京大学西门,000000058676750
110100015539028,32,颐和园路东口,000000058676750
110100015539029,33,西苑,000000058676750
110100015539051,34,颐和园,000000058676750
110100015539050,35,地铁北宫门站,000000058676750
