stationId,stopNumber,stopName,lineId
900000097319001,1,丽泽桥,000000058317450
900000097319002,2,地铁西局站,000000058317450
900000097319003,3,丰台北路,000000058317450
900000097319004,4,七里庄,000000058317450
900000097319024,5,丰北桥东,000000058317450
900000097319005,6,岔路口,000000058317450
900000097319006,7,北大地,000000058317450
900000097319007,8,正阳桥北,000000058317450
900000097319008,9,看丹桥,000000058317450
900000097319009,10,富丰桥南,000000058317450
900000097319010,11,科丰桥南,000000058317450
900000097319011,12,六圈,000000058317450
900000097319012,13,田何庄,000000058317450
900000097319013,14,世界公园,000000058317450
900000097319014,15,地铁大葆台站,000000058317450
900000097319015,16,小葆台,000000058317450
900000097319025,17,小葆台南,000000058317450
900000097319016,18,芦花路,000000058317450
900000097319017,19,芦花中路,000000058317450
900000097319018,20,公交驾校,000000058317450
900000097319019,21,长丰园一区,000000058317450
900000097319020,22,长丰园二区,000000058317450
900000097319021,23,狼垡东桥北,000000058317450
900000097319022,24,狼垡,000000058317450
900000097319023,25,明春苑,000000058317450
