stationId,stopNumber,stopName,lineId
900000119214001,1,怀柔区新医院北,000010012776381
900000119214002,2,开放路口东,000010012776381
900000119214016,3,怀柔招商局,000010012776381
900000119214003,4,怀柔汽车站,000010012776381
900000119214004,5,怀柔五中,000010012776381
900000119214005,6,怀柔东关村,000010012776381
900000119214006,7,康馨家园,000010012776381
900000119214007,8,怀柔南小街,000010012776381
900000119214008,9,青春路南口,000010012776381
900000119214017,10,南华园四区,000010012776381
900000119214009,11,丽湖馨居,000010012776381
900000119214010,12,怀柔石厂,000010012776381
900000119214011,13,庙城北,000010012776381
900000119214012,14,庙城村,000010012776381
900000119214013,15,融城花园,000010012776381
900000119214014,16,庙城南,000010012776381
900000119214015,17,庙城东,000010012776381
