stationId,stopNumber,stopName,lineId
110100013650033,1,巴沟村,000000058150731
110100013650003,2,海淀南路西口,000000058150731
110100013650004,3,人民大学西门,000000058150731
110100013650005,4,万泉庄,000000058150731
110100013650006,5,三义庙,000000058150731
110100013650007,6,四通桥东,000000058150731
110100013650008,7,红民村,000000058150731
110100013650009,8,大钟寺,000000058150731
110100013650010,9,地铁大钟寺站,000000058150731
110100013650011,10,蓟门桥西,000000058150731
110100013650012,11,蓟门桥东,000000058150731
110100013650013,12,北太平桥西,000000058150731
110100013650014,13,北太平桥东,000000058150731
110100013650015,14,马甸桥东,000000058150731
110100013650016,15,安华桥西,000000058150731
110100013650017,16,安贞桥西,000000058150731
110100013650034,17,安贞桥东,000000058150731
110100013650018,18,和平西桥北,000000058150731
110100013650019,19,樱花园西街,000000058150731
110100013650020,20,中日医院,000000058150731
110100013650021,21,对外经贸大学,000000058150731
110100013650022,22,惠新东桥东,000000058150731
110100013650035,23,育慧里,000000058150731
110100013650023,24,望和桥,000000058150731
110100013650024,25,望和桥东,000000058150731
110100013650025,26,望京桥西,000000058150731
110100013650026,27,花家地西里西站,000000058150731
110100013650027,28,南湖南路,000000058150731
110100013650036,29,南湖南路北口,000000058150731
110100013650028,30,南湖东园,000000058150731
110100013650029,31,侯庄路口北,000000058150731
110100013650030,32,望京西园二区,000000058150731
110100013650031,33,望京花园,000000058150731
110100013650032,34,望京科技创业园,000000058150731
