stationId,stopNumber,stopName,lineId
110100016256109,1,青龙湖公园,000011574151090
110100016256106,2,崇各庄,000011574151090
110100016256110,3,崇各庄南,000011574151090
110100016256107,4,房山豆各庄村北,000011574151090
110100016256082,5,房山豆各庄,000011574151090
110100016256094,6,房山豆各庄路口,000011574151090
110100016256045,7,庙儿岗,000011574151090
110100016256046,8,大苑村,000011574151090
110100016256047,9,小苑村,000011574151090
110100016256096,10,北刘庄村,000011574151090
110100016256049,11,芳菲小区,000011574151090
110100016256097,12,安庄村,000011574151090
110100016256051,13,固村村口,000011574151090
110100016256052,14,北潞园东门,000011574151090
110100016256085,15,西潞园,000011574151090
110100016256111,16,良乡西门,000011574151090
110100016256112,17,西潞南大街,000011574151090
110100016256113,18,地铁良乡南关站西,000011574151090
110100016256114,19,房山区政府第二办公区,000011574151090
110100016256115,20,苏庄东街南口,000011574151090
110100016256061,21,地铁苏庄站,000011574151090
110100016256062,22,苏庄西街南口,000011574151090
110100016256093,23,首发物流,000011574151090
