stationId,stopNumber,stopName,lineId
900000035218001,1,于家园,000004341214251
900000035218056,2,于家园一区,000004341214251
900000035218057,3,迎宾路北口,000004341214251
900000035218058,4,大中富乐村口,000004341214251
900000035218005,5,中富乐,000004341214251
900000035218076,6,雁栖镇南口,000004341214251
900000035218006,7,雁栖镇,000004341214251
900000035218086,8,雁栖镇北口,000004341214251
900000035218059,9,顶秀美泉小镇,000004341214251
900000035218007,10,北台下,000004341214251
900000035218008,11,怀北镇,000004341214251
900000035218009,12,雁栖湖,000004341214251
900000035218010,13,怀北庄南,000004341214251
900000035218061,14,怀北庄,000004341214251
900000035218062,15,河防口南,000004341214251
900000035218093,16,河防口,000004341214251
900000035218011,17,青龙峡道口,000004341214251
900000035218012,18,九谷口,000004341214251
900000035218072,19,冷水峪,000004341214251
900000035218073,20,干河峪,000004341214251
900000035218074,21,石门山,000004341214251
900000035218013,22,峪道河,000004341214251
900000035218087,23,怀北镇北台子南,000004341214251
900000035218014,24,怀北镇北台子,000004341214251
900000035218069,25,椴树岭南,000004341214251
900000035218015,26,椴树岭,000004341214251
900000035218016,27,怀北镇八亩地,000004341214251
900000035218079,28,怀北镇八亩地北,000004341214251
900000035218017,29,幽谷神潭,000004341214251
900000035218018,30,怀北镇黄土梁,000004341214251
900000035218019,31,刘家店,000004341214251
900000035218063,32,后山铺,000004341214251
900000035218020,33,七道沟,000004341214251
900000035218021,34,梧桐豪,000004341214251
900000035218022,35,柏查子,000004341214251
900000035218070,36,怀柔龙泉峪,000004341214251
900000035218071,37,四道沟,000004341214251
900000035218023,38,南台,000004341214251
900000035218024,39,琉璃庙,000004341214251
900000035218088,40,琉璃庙北,000004341214251
900000035218025,41,琉璃庙镇转山子,000004341214251
900000035218026,42,安洲坝,000004341214251
900000035218077,43,水碾子,000004341214251
900000035218027,44,前安岭,000004341214251
900000035218028,45,怀柔马圈,000004341214251
900000035218078,46,怀柔马圈北,000004341214251
900000035218075,47,后安岭路口,000004341214251
900000035218029,48,小黄塘,000004341214251
900000035218080,49,大黄塘南,000004341214251
900000035218030,50,大黄塘,000004341214251
900000035218081,51,大黄塘北,000004341214251
900000035218065,52,汤河口,000004341214251
900000035218089,53,汤河口十字街,000004341214251
900000035218082,54,汤河口镇政府,000004341214251
900000035218034,55,古石沟门,000004341214251
900000035218035,56,东黄梁,000004341214251
900000035218090,57,三道沟门,000004341214251
900000035218067,58,兰营,000004341214251
900000035218037,59,王四沟门,000004341214251
900000035218038,60,老西沟门,000004341214251
900000035218039,61,长哨营,000004341214251
900000035218040,62,杨树湾,000004341214251
900000035218041,63,二道河东沟,000004341214251
900000035218042,64,二道河,000004341214251
900000035218043,65,七道河,000004341214251
900000035218044,66,北八道河,000004341214251
900000035218045,67,对角沟门,000004341214251
900000035218046,68,大甸子,000004341214251
900000035218047,69,北甸子,000004341214251
900000035218091,70,喇叭沟门南,000004341214251
900000035218048,71,喇叭沟门,000004341214251
900000035218049,72,喇叭沟门乡下湾子,000004341214251
900000035218084,73,西府营,000004341214251
900000035218094,74,临时站,000004341214251
900000035218095,75,转山子路口(临时站),000004341214251
900000035218051,76,四道穴,000004341214251
900000035218052,77,头道穴,000004341214251
900000035218092,78,帽山沟门,000004341214251
900000035218096,79,下帽山(临时站),000004341214251
900000035218097,80,帽山,000004341214251
900000035218098,81,上帽山南(临时站),000004341214251
900000035218099,82,上帽山北(临时站),000004341214251
900000035218100,83,石洞子,000004341214251
