stationId,stopNumber,stopName,lineId
110100013833002,1,地铁上地站,000000058366041
110100013833003,2,上地南路,000000058366041
110100013833004,3,上地西里,000000058366041
110100013833005,4,上地五街,000000058366041
110100013833006,5,上地七街,000000058366041
110100013833012,6,软件园东站,000000058366041
110100013833013,7,软件园广场,000000058366041
110100013833014,8,东北旺北,000000058366041
110100013833015,9,土井东,000000058366041
110100013833016,10,唐家岭新城,000000058366041
110100013833017,11,航天城南站,000000058366041
110100013833018,12,航天城,000000058366041
110100013833019,13,航天城北站,000000058366041
110100013833009,14,小牛坊,000000058366041
110100013833023,15,小牛坊北,000000058366041
110100013833020,16,皇后店南路,000000058366041
110100013833021,17,皇后店南路西口,000000058366041
110100013833024,18,永玉东二路南口,000000058366041
110100013833025,19,永玉东二路,000000058366041
110100013833022,20,西玉河公交场站,000000058366041
