stationId,stopNumber,stopName,lineId
110100013295083,1,怀柔区新医院公交场站,000007714718690
110100013295015,2,怀柔区新医院,000007714718690
110100013295028,3,张各长东,000007714718690
110100013295069,4,永泰街,000007714718690
110100013295029,5,地和路北口,000007714718690
110100013295016,6,张自口,000007714718690
110100013295076,7,张自口南,000007714718690
110100013295017,8,杨宋镇政府,000007714718690
110100013295018,9,杨宋大槐树,000007714718690
110100013295030,10,凤瑞二园,000007714718690
110100013295031,11,凤瑞一园,000007714718690
110100013295032,12,瑞丰大街,000007714718690
110100013295019,13,仙台,000007714718690
110100013295068,14,仙台南口,000007714718690
110100013295071,15,北年丰路口东,000007714718690
110100013295020,16,解村,000007714718690
110100013295033,17,四季屯北,000007714718690
110100013295021,18,四季屯,000007714718690
110100013295079,19,四季屯路口,000007714718690
110100013295080,20,南年丰,000007714718690
110100013295081,21,北年丰南,000007714718690
110100013295082,22,北年丰,000007714718690
110100013295048,23,西树行,000007714718690
110100013295049,24,赵各庄,000007714718690
110100013295050,25,赵各庄路口西,000007714718690
110100013295074,26,高各庄南口,000007714718690
110100013295051,27,高各庄,000007714718690
110100013295052,28,高各庄北,000007714718690
110100013295070,29,汇源南口,000007714718690
110100013295075,30,汇源北口,000007714718690
110100013295077,31,郑重庄南,000007714718690
110100013295053,32,郑重庄,000007714718690
110100013295078,33,郑重庄北,000007714718690
110100013295054,34,金善名居,000007714718690
110100013295055,35,庙城村西口,000007714718690
110100013295056,36,庙城西,000007714718690
110100013295057,37,怀柔石厂,000007714718690
110100013295058,38,丽湖馨居,000007714718690
110100013295059,39,南华园四区,000007714718690
110100013295060,40,青春路南口,000007714718690
110100013295061,41,怀柔区中医院,000007714718690
110100013295062,42,青春路七院,000007714718690
110100013295063,43,兴怀大街西口,000007714718690
110100013295085,44,兴怀大街,000007714718690
110100013295086,45,金台园小区,000007714718690
110100013295087,46,兴怀大街东口,000007714718690
110100013295067,47,怀柔区新医院北,000007714718690
