stationId,stopNumber,stopName,lineId
110100016368152,1,地铁通州北苑站,000000000022900
110100016368021,2,科印小区,000000000022900
110100016368022,3,日光清城,000000000022900
110100016368126,4,果园西,000000000022900
110100016368127,5,果园南,000000000022900
110100016368024,6,蓝调沙龙小区,000000000022900
110100016368100,7,翠屏南里,000000000022900
110100016368094,8,西小马,000000000022900
110100016368160,9,旗舰凯旋小区,000000000022900
110100016368161,10,小稿村西口,000000000022900
110100016368029,11,大稿新村,000000000022900
110100016368084,12,大稿村南口,000000000022900
110100016368142,13,万盛南街西口,000000000022900
110100016368062,14,铺头村路口,000000000022900
110100016368101,15,四合庄路口,000000000022900
110100016368034,16,口子村,000000000022900
110100016368167,17,口子村南,000000000022900
110100016368035,18,江场村,000000000022900
110100016368036,19,大鲁店北口,000000000022900
110100016368162,20,大鲁店南口,000000000022900
110100016368154,21,东石村桥北,000000000022900
110100016368040,22,东石村桥南,000000000022900
110100016368165,23,泰禾一号小区,000000000022900
110100016368092,24,铺西路西口,000000000022900
110100016368044,25,次渠西口,000000000022900
110100016368134,26,定海园二里站,000000000022900
110100016368155,27,定海园东,000000000022900
110100016368136,28,定海园,000000000022900
110100016368153,29,科创十街,000000000022900
110100016368159,30,科创十街西站,000000000022900
110100016368156,31,天骥智谷东门,000000000022900
110100016368131,32,康定街东口,000000000022900
110100016368132,33,地铁同济南路站,000000000022900
110100016368164,34,永昌南路南站,000000000022900
110100016368109,35,凉水河桥南,000000000022900
110100016368110,36,通州第二医院,000000000022900
110100016368097,37,马驹桥商业街,000000000022900
110100016368166,38,马驹桥,000000000022900
110100016368112,39,马驹桥二号桥,000000000022900
110100016368117,40,通州姚村,000000000022900
110100016368157,41,小古二路,000000000022900
110100016368058,42,周营北口,000000000022900
110100016368059,43,小张湾,000000000022900
110100016368060,44,房辛店,000000000022900
