stationId,stopNumber,stopName,lineId
110100016440002,1,农业展览馆,000011531333600
110100016440003,2,长虹桥东,000011531333600
110100016440004,3,团结湖,000011531333600
110100016440005,4,甜水园街北口,000011531333600
110100016440006,5,朝阳公园南门,000011531333600
110100016440007,6,朝阳公园桥东,000011531333600
110100016440008,7,豆各庄路口西,000011531333600
110100016440009,8,姚家园西口,000011531333600
110100016440010,9,姚家园西,000011531333600
110100016440011,10,姚家园南,000011531333600
110100016440015,11,国美第一城小区,000011531333600
110100016440012,12,姚家园村,000011531333600
110100016440013,13,华纺易城小区,000011531333600
110100016440014,14,华纺易城公交场站,000011531333600
