stationId,stopNumber,stopName,lineId
110100014928107,1,郝各庄村,000000000023061
110100014928045,2,港北村,000000000023061
110100014928003,3,西赵村,000000000023061
110100014928062,4,关辛庄,000000000023061
110100014928113,5,翟里,000000000023061
110100014928063,6,南马庄西口,000000000023061
110100014928126,7,小杨庄桥,000000000023061
110100014928128,8,北寺村北口,000000000023061
110100014928127,9,北寺市场,000000000023061
110100014928129,10,通州第一职业学校,000000000023061
110100014928131,11,通州辛店村北,000000000023061
110100014928130,12,通州辛店村中街,000000000023061
110100014928096,13,通州辛店村,000000000023061
110100014928097,14,喇嘛庄路口,000000000023061
110100014928133,15,通州大兴庄后街,000000000023061
110100014928134,16,通州大兴庄中街,000000000023061
110100014928135,17,通州大兴庄村南,000000000023061
110100014928132,18,宋庄市场,000000000023061
110100014928020,19,宋庄,000000000023061
110100014928102,20,小堡村南口,000000000023061
110100014928110,21,小堡村西口,000000000023061
110100014928024,22,六合村,000000000023061
110100014928119,23,新潮嘉园三区,000000000023061
110100014928104,24,新潮嘉园二区,000000000023061
110100014928105,25,新潮嘉园一区,000000000023061
110100014928100,26,小潞邑,000000000023061
110100014928064,27,耿庄桥北,000000000023061
110100014928034,28,皇木厂,000000000023061
110100014928035,29,岳庄,000000000023061
110100014928068,30,西大街路口西,000000000023061
110100014928037,31,通州西门路口东,000000000023061
110100014928069,32,通州西门路口南,000000000023061
110100014928106,33,复兴里,000000000023061
110100014928040,34,通州北苑路口南,000000000023061
