stationId,stopNumber,stopName,lineId
110100013724002,1,西二旗北站,000000058156731
110100013724003,2,西二旗,000000058156731
110100013724026,3,安宁庄路,000000058156731
110100013724005,4,安宁里,000000058156731
110100013724006,5,安宁里南站,000000058156731
110100013724007,6,安宁庄东路南口,000000058156731
110100013724008,7,清河小营桥西,000000058156731
110100013724009,8,清河小营桥南,000000058156731
110100013724010,9,清河,000000058156731
110100013724028,10,双清路北口,000000058156731
110100013724029,11,后八家,000000058156731
110100013724030,12,前八家北站,000000058156731
110100013724031,13,前八家,000000058156731
110100013724039,14,双清路南口,000000058156731
110100013724032,15,西王庄小区,000000058156731
110100013724033,16,东升园,000000058156731
110100013724034,17,保福寺桥北,000000058156731
110100013724035,18,保福寺桥西,000000058156731
110100013724036,19,中关村一街,000000058156731
110100013724037,20,中关村西,000000058156731
110100013724038,21,海淀桥东,000000058156731
