stationId,stopNumber,stopName,lineId
900000106727001,1,河滩,000009071193481
900000106727002,2,河滩北站,000009071193481
900000106727003,3,城子,000009071193481
900000106727004,4,城子北站,000009071193481
900000106727005,5,琉璃渠,000009071193481
900000106727006,6,龙泉务,000009071193481
900000106727007,7,龙泉务北口,000009071193481
900000106727008,8,陈家庄,000009071193481
900000106727009,9,野溪,000009071193481
900000106727010,10,斜河涧村,000009071193481
900000106727011,11,水峪嘴村,000009071193481
900000106727012,12,丁家滩村,000009071193481
900000106727013,13,担礼,000009071193481
900000106727014,14,妙峰山镇桃园村,000009071193481
900000106727015,15,樱桃沟路口,000009071193481
900000106727016,16,樱桃沟村,000009071193481
