stationId,stopNumber,stopName,lineId
110100053386002,1,紫竹院南门,000000058384680
110100053386003,2,白石桥南,000000058384680
110100053386004,3,四道口东,000000058384680
110100053386005,4,二里沟西口,000000058384680
110100053386006,5,郝家湾,000000058384680
110100053386007,6,二里沟东口,000000058384680
110100053386008,7,三塔寺,000000058384680
110100053386009,8,车公庄东,000000058384680
110100053386010,9,官园,000000058384680
110100053386011,10,平安医院,000000058384680
110100053386012,11,平安里路口东,000000058384680
110100053386013,12,厂桥路口东,000000058384680
110100053386014,13,东官房,000000058384680
110100053386015,14,北海北门,000000058384680
110100053386016,15,地安门东,000000058384680
110100053386017,16,南锣鼓巷,000000058384680
110100053386018,17,宽街路口东,000000058384680
110100053386019,18,张自忠路,000000058384680
110100053386020,19,东四十条,000000058384680
110100053386021,20,东四十条桥西,000000058384680
110100053386022,21,东四十条桥东,000000058384680
110100053386023,22,工人体育馆,000000058384680
110100053386024,23,工人体育场,000000058384680
110100053386025,24,朝阳医院,000000058384680
110100053386026,25,东大桥路口北,000000058384680
110100053386027,26,东大桥路口东,000000058384680
110100053386028,27,关东店,000000058384680
110100053386029,28,呼家楼西,000000058384680
110100053386030,29,小庄路口东,000000058384680
110100053386031,30,红庙路口西,000000058384680
110100053386032,31,红庙路口东,000000058384680
