stationId,stopNumber,stopName,lineId
900000110634001,1,房良村,000007525540090
900000110634002,2,杨村,000007525540090
900000110634003,3,大村,000007525540090
900000110634004,4,大村南口,000007525540090
900000110634005,5,山神庙,000007525540090
900000110634006,6,跃进村,000007525540090
900000110634007,7,立石台,000007525540090
900000110634008,8,芹峪,000007525540090
900000110634009,9,芹峪口,000007525540090
900000110634010,10,雁翅,000007525540090
900000110634011,11,河南台,000007525540090
900000110634012,12,十八潭,000007525540090
900000110634013,13,安家庄,000007525540090
900000110634014,14,清水涧北,000007525540090
900000110634015,15,清水涧,000007525540090
900000110634016,16,落坡岭,000007525540090
900000110634017,17,惠和新苑西口,000007525540090
900000110634018,18,王平村北,000007525540090
900000110634019,19,王平村,000007525540090
900000110634020,20,色树坟西,000007525540090
900000110634021,21,色树坟,000007525540090
900000110634022,22,西石古岩,000007525540090
900000110634023,23,石古岩,000007525540090
900000110634024,24,下苇甸桥,000007525540090
900000110634025,25,丁家滩北口,000007525540090
900000110634026,26,丁家滩,000007525540090
900000110634027,27,陇驾庄西口,000007525540090
900000110634028,28,陇驾庄,000007525540090
900000110634029,29,陇驾庄东口,000007525540090
900000110634030,30,嬉水湾,000007525540090
900000110634031,31,野溪,000007525540090
900000110634032,32,陈家庄,000007525540090
900000110634033,33,龙泉务北口,000007525540090
900000110634034,34,龙泉务,000007525540090
900000110634035,35,琉璃渠,000007525540090
900000110634036,36,城子北站,000007525540090
900000110634037,37,城子,000007525540090
900000110634038,38,河滩北站,000007525540090
900000110634039,39,绿岛家园,000007525540090
900000110634040,40,龙泉花园,000007525540090
900000110634041,41,侯庄子,000007525540090
900000110634042,42,麻峪北口,000007525540090
900000110634043,43,石景山火车站,000007525540090
900000110634044,44,广宁村,000007525540090
900000110634045,45,首钢小西门,000007525540090
900000110634046,46,金安桥东,000007525540090
900000110634047,47,金顶南路,000007525540090
900000110634048,48,地铁苹果园站,000007525540090
