stationId,stopNumber,stopName,lineId
900000121754023,1,怀柔火车站,000010255187081
900000121754034,2,星东天地公交场站,000010255187081
900000121754002,3,下元,000010255187081
900000121754003,4,于家园,000010255187081
900000121754004,5,怀柔农发地,000010255187081
900000121754005,6,雁栖一品园,000010255187081
900000121754006,7,光织谷东,000010255187081
900000121754007,8,怀柔陈各庄,000010255187081
900000121754008,9,乐园庄,000010255187081
900000121754038,10,临时站1,000010255187081
900000121754039,11,怀柔区博物馆,000010255187081
900000121754032,12,雁栖西一路,000010255187081
900000121754012,13,乐园大街路口北,000010255187081
900000121754013,14,金枫儒苑,000010255187081
900000121754014,15,雁栖大街路口南,000010255187081
900000121754015,16,栖美园小区,000010255187081
900000121754016,17,雁栖大街西口,000010255187081
900000121754017,18,雁舞园小区,000010255187081
900000121754036,19,永乐大街,000010255187081
900000121754037,20,雁栖北三街,000010255187081
900000121754020,21,雁栖开发区公交场站,000010255187081
