stationId,stopNumber,stopName,lineId
900000048484010,1,环湖小区,000000000022431
900000048484019,2,环湖小区东门,000000000022431
900000048484011,3,环湖小区北口,000000000022431
900000048484025,4,张家湾养老中心,000000000022431
900000048484022,5,云杉路口西,000000000022431
900000048484026,6,梧桐路,000000000022431
900000048484020,7,张辛庄村,000000000022431
900000048484013,8,梁各庄北,000000000022431
900000048484023,9,绿心公园东南门,000000000022431
900000048484027,10,绿心公园东门,000000000022431
900000048484016,11,大运河森林公园,000000000022431
900000048484028,12,东夏园路口南,000000000022431
900000048484029,13,地铁东夏园站,000000000022431
900000048484030,14,临镜路,000000000022431
900000048484031,15,临镜路北站,000000000022431
900000048484032,16,辛安屯街东口,000000000022431
900000048484033,17,胡各庄村南,000000000022431
