stationId,stopNumber,stopName,lineId
110100014621002,1,金庄,000011531333760
110100014621003,2,彰化路,000011531333760
110100014621022,3,五福路北口,000011531333760
110100014621004,4,正福寺,000011531333760
110100014621005,5,车道沟桥西,000011531333760
110100014621006,6,车道沟桥,000011531333760
110100014621007,7,麦钟桥,000011531333760
110100014621008,8,长春桥,000011531333760
110100014621009,9,蓝靛厂,000011531333760
110100014621010,10,火器营,000011531333760
110100014621011,11,空军指挥学院,000011531333760
110100014621012,12,地铁巴沟站,000011531333760
110100014621013,13,巴沟村,000011531333760
110100014621014,14,海淀南路西口,000011531333760
110100014621015,15,北京市地震局,000011531333760
110100014621016,16,海淀桥北,000011531333760
110100014621017,17,北京大学西门,000011531333760
110100014621018,18,圆明园南门,000011531333760
110100014621019,19,圆明园东路,000011531333760
110100014621020,20,清华附中,000011531333760
110100014621021,21,厢白旗桥,000011531333760
