stationId,stopNumber,stopName,lineId
900000135790001,1,京东运乔建材城,000011664936271
900000135790012,2,玉桥东一路北口,000011664936271
900000135790013,3,梨园中街东口,000011664936271
900000135790014,4,梨园中街,000011664936271
900000135790017,5,玉桥中路南口,000011664936271
900000135790002,6,梨园东里南区,000011664936271
900000135790003,7,梨园南街西口,000011664936271
900000135790004,8,通州小街桥东,000011664936271
900000135790005,9,地铁临河里站,000011664936271
900000135790015,10,颐瑞中二路北口,000011664936271
900000135790016,11,颐瑞中三路北口,000011664936271
900000135790006,12,颐瑞西里,000011664936271
900000135790007,13,颐瑞中二路南口,000011664936271
900000135790008,14,地铁群芳站,000011664936271
900000135790009,15,地铁万盛东站,000011664936271
900000135790020,16,文旅路北口,000011664936271
900000135790019,17,曹园逸家小区,000011664936271
900000135790021,18,文旅路,000011664936271
900000135790018,19,田府北街西口,000011664936271
