stationId,stopNumber,stopName,lineId
110100015934002,1,刘家窑桥西,000000058240810
110100015934003,2,木樨园桥东,000000058240810
110100015934004,3,木樨园桥西,000000058240810
110100015934005,4,洋桥西,000000058240810
110100015934006,5,草桥,000000058240810
110100015934007,6,玉泉营桥西,000000058240810
110100015934008,7,夏家胡同,000000058240810
110100015934009,8,丰台北路,000000058240810
110100015934010,9,七里庄,000000058240810
110100015934011,10,西道口,000000058240810
110100015934037,11,昊天北桥南,000000058240810
110100015934013,12,长阳碧桂园,000000058240810
110100015934014,13,黄辛庄路口,000000058240810
110100015934015,14,送变电公司路口西,000000058240810
110100015934016,15,行宫南门路口,000000058240810
110100015934038,16,良乡北关西,000000058240810
110100015934018,17,西潞园,000000058240810
110100015934019,18,良乡西门,000000058240810
110100015934020,19,苏庄东街北口,000000058240810
110100015934021,20,良乡西路,000000058240810
110100015934022,21,蝶翠苑路口,000000058240810
110100015934045,22,阎村桥,000000058240810
110100015934023,23,阎村,000000058240810
110100015934024,24,紫草坞路口,000000058240810
110100015934025,25,大董村,000000058240810
110100015934046,26,地铁大石河东站,000000058240810
110100015934026,27,大石河,000000058240810
110100015934027,28,房山马各庄,000000058240810
110100015934028,29,饶乐府,000000058240810
110100015934029,30,房山东大桥,000000058240810
110100015934030,31,地铁房山城关站,000000058240810
110100015934031,32,万宁桥,000000058240810
110100015934032,33,仓房小区,000000058240810
110100015934043,34,房山医院路口,000000058240810
110100015934036,35,房山南关立交桥北,000000058240810
110100015934039,36,房山南关南,000000058240810
110100015934040,37,北市,000000058240810
110100015934044,38,东坟村西口,000000058240810
110100015934042,39,东坟公交场站,000000058240810
