stationId,stopNumber,stopName,lineId
110100013172021,1,唐家村,000000058487231
110100013172024,2,地铁百子湾站,000000058487231
110100013172022,3,大郊亭桥东,000000058487231
110100013172002,4,大郊亭桥西,000000058487231
110100013172003,5,珠江帝景,000000058487231
110100013172004,6,平乐园北,000000058487231
110100013172005,7,北京工业大学北站,000000058487231
110100013172006,8,北京工业大学,000000058487231
110100013172007,9,松榆东里东门,000000058487231
110100013172008,10,南新园,000000058487231
110100013172009,11,弘燕路小区,000000058487231
110100013172010,12,周庄嘉园北站,000000058487231
110100013172020,13,周庄嘉园,000000058487231
110100013172012,14,周家庄西站,000000058487231
110100013172013,15,十里河桥北(北行),000000058487231
110100013172014,16,十里河桥北(南行),000000058487231
110100013172015,17,十里河桥东,000000058487231
110100013172025,18,十里河村,000000058487231
110100013172017,19,四道口桥北,000000058487231
110100013172018,20,四道口桥南,000000058487231
110100013172019,21,吕营嘉园,000000058487231
