stationId,stopNumber,stopName,lineId
110100013773002,1,海淀五路居,000000058344891
110100013773003,2,恩济西街,000000058344891
110100013773004,3,恩济西街南站,000000058344891
110100013773005,4,定慧寺东,000000058344891
110100013773006,5,八宝庄,000000058344891
110100013773007,6,翠微西里,000000058344891
110100013773008,7,罗道庄,000000058344891
110100013773009,8,玉渊潭南路,000000058344891
110100013773010,9,普惠南里,000000058344891
110100013773011,10,柳林馆,000000058344891
110100013773012,11,玉渊潭南门,000000058344891
110100013773030,12,皇亭子,000000058344891
110100013773031,13,北京世纪坛医院,000000058344891
110100013773015,14,北京西站,000000058344891
110100013773016,15,广莲路,000000058344891
110100013773017,16,湾子路口南,000000058344891
110100013773018,17,马连道西里,000000058344891
110100013773019,18,马连道,000000058344891
110100013773054,19,马连道南口,000000058344891
110100013773041,20,红莲南路,000000058344891
110100013773042,21,红莲南里,000000058344891
110100013773043,22,莲花晴园,000000058344891
110100013773044,23,白纸坊桥西,000000058344891
110100013773045,24,南菜园,000000058344891
110100013773046,25,白纸坊路口西,000000058344891
110100013773047,26,南樱桃园路口东,000000058344891
110100013773048,27,半步桥,000000058344891
110100013773049,28,自新路口西,000000058344891
110100013773050,29,开阳桥北,000000058344891
110100013773051,30,开阳桥东,000000058344891
110100013773052,31,陶然亭公园南门,000000058344891
110100013773053,32,北京南站南广场,000000058344891
