stationId,stopNumber,stopName,lineId
110100013400032,1,牡丹园西,000000058387840
110100013400033,2,牡丹园,000000058387840
110100013400040,3,北太平桥北,000000058387840
110100013400006,4,北太平桥东,000000058387840
110100013400007,5,马甸桥南,000000058387840
110100013400008,6,德外关厢,000000058387840
110100013400009,7,黄寺大街西口,000000058387840
110100013400010,8,阳光丽景小区,000000058387840
110100013400011,9,黄寺,000000058387840
110100013400012,10,黄寺大街东口,000000058387840
110100013400013,11,安华西里,000000058387840
110100013400014,12,外馆斜街,000000058387840
110100013400015,13,小黄庄,000000058387840
110100013400016,14,青年沟西口,000000058387840
110100013400017,15,青年沟,000000058387840
110100013400018,16,青年沟东口,000000058387840
110100013400019,17,和平里路口东,000000058387840
110100013400020,18,地铁柳芳站,000000058387840
110100013400021,19,东土城路,000000058387840
110100013400022,20,东土城路南口,000000058387840
110100013400025,21,北官厅,000000058387840
110100013400023,22,东直门北,000000058387840
110100013400034,23,东直门,000000058387840
110100013400037,24,胡家园南,000000058387840
110100013400038,25,胡家园北,000000058387840
110100013400039,26,香河园桥,000000058387840
