stationId,stopNumber,stopName,lineId
110100015845002,1,学府树公交场站,000000058179741
110100015845003,2,毛纺路北口,000000058179741
110100015845004,3,清河小营桥西,000000058179741
110100015845005,4,清河小营桥南,000000058179741
110100015845006,5,清河,000000058179741
110100015845007,6,马家沟,000000058179741
110100015845008,7,学知园,000000058179741
110100015845009,8,静淑苑,000000058179741
110100015845031,9,学院路北口,000000058179741
110100015845032,10,成府路口南,000000058179741
110100015845012,11,北京航空航天大学,000000058179741
110100015845013,12,蓟门桥南,000000058179741
110100015845029,13,明光桥南,000000058179741
110100015845030,14,文慧桥南,000000058179741
110100015845033,15,北京北站,000000058179741
110100015845017,16,西直门外,000000058179741
110100015845018,17,动物园,000000058179741
110100015845019,18,白石桥东,000000058179741
110100015845020,19,北洼路,000000058179741
110100015845021,20,车道沟桥东,000000058179741
110100015845022,21,正福寺,000000058179741
110100015845023,22,彰化村,000000058179741
110100015845024,23,彰化路东口,000000058179741
110100015845025,24,五路,000000058179741
