stationId,stopNumber,stopName,lineId
110100015620001,1,于家园,000004341219261
110100015620027,2,于家园一区,000004341219261
110100015620002,3,怀柔学管中心,000004341219261
110100015620003,4,怀柔北大街,000004341219261
110100015620004,5,郭家坞,000004341219261
110100015620031,6,小东庄,000004341219261
110100015620032,7,西三村口,000004341219261
110100015620046,8,东峪(临时站),000004341219261
110100015620006,9,口头,000004341219261
110100015620007,10,关渡河,000004341219261
110100015620029,11,三亩园,000004341219261
110100015620033,12,三渡河村口,000004341219261
110100015620009,13,东四渡河,000004341219261
110100015620010,14,五渡河,000004341219261
110100015620011,15,六渡河,000004341219261
110100015620034,16,六渡河西,000004341219261
110100015620035,17,磨石峪,000004341219261
110100015620013,18,八道河岭,000004341219261
110100015620036,19,八道河岭漫水桥,000004341219261
110100015620014,20,小范马峪,000004341219261
110100015620015,21,渤海所路口,000004341219261
110100015620030,22,渤海卫生院,000004341219261
110100015620016,23,白木,000004341219261
110100015620038,24,景峪路口,000004341219261
110100015620039,25,沙峪村东,000004341219261
110100015620017,26,沙峪,000004341219261
110100015620040,27,沙峪村西,000004341219261
110100015620018,28,渤海镇政府,000004341219261
110100015620041,29,南冶村东,000004341219261
110100015620019,30,南冶,000004341219261
110100015620042,31,南冶村北,000004341219261
110100015620045,32,响水湖路口,000004341219261
110100015620043,33,小王早峪,000004341219261
110100015620044,34,大王早峪,000004341219261
110100015620022,35,闫家,000004341219261
110100015620024,36,云岭,000004341219261
110100015620025,37,响水湖,000004341219261
110100015620026,38,怀柔庄户,000004341219261
