stationId,stopNumber,stopName,lineId
110100010577024,1,丰台路口,000000058319400
110100010577025,2,丰台路口东,000000058319400
110100010577033,3,望园路,000000058319400
110100010577027,4,望园路南口,000000058319400
110100010577028,5,丰北桥东,000000058319400
110100010577029,6,七里庄,000000058319400
110100010577030,7,丰台北路,000000058319400
110100010577031,8,地铁西局站,000000058319400
110100010577032,9,丽泽桥西,000000058319400
110100010577008,10,丽泽桥南,000000058319400
110100010577009,11,丰益桥南,000000058319400
110100010577010,12,夏家胡同,000000058319400
110100010577011,13,玉泉营桥西,000000058319400
110100010577012,14,玉泉营桥南,000000058319400
110100010577013,15,马家楼桥北,000000058319400
110100010577014,16,新发地北,000000058319400
110100010577015,17,新发地北桥西,000000058319400
110100010577016,18,银地家园东,000000058319400
110100010577017,19,天伦锦城,000000058319400
110100010577018,20,陈留村,000000058319400
110100010577019,21,兴华公园,000000058319400
110100010577020,22,宏福路,000000058319400
110100010577021,23,欣和街口,000000058319400
110100010577022,24,欣和街南口,000000058319400
110100010577023,25,西红门西站,000000058319400
