stationId,stopNumber,stopName,lineId
900000177442001,1,永乐店,000000000022940
900000177442002,2,永乐店路口东,000000000022940
900000177442003,3,永乐店卫生院,000000000022940
900000177442004,4,东张各庄,000000000022940
900000177442014,5,通州邓庄村,000000000022940
900000177442005,6,孔庄村,000000000022940
900000177442006,7,坚村,000000000022940
900000177442007,8,小务路口北,000000000022940
900000177442008,9,小务路口,000000000022940
900000177442009,10,后马坊村,000000000022940
900000177442010,11,前马坊村,000000000022940
900000177442011,12,前马坊村南站,000000000022940
900000177442012,13,通州兴隆庄西口,000000000022940
900000177442013,14,通州兴隆庄,000000000022940
