stationId,stopNumber,stopName,lineId
900000128676006,1,昌平东关路口南,000012907853491
900000128676007,2,宁馨苑小区南门,000012907853491
900000128676008,3,昌盛园二区东门,000012907853491
900000128676009,4,世涛天朗小区南门,000012907853491
900000128676010,5,昌盛路,000012907853491
900000128676011,6,富泉花园南门,000012907853491
900000128676012,7,白浮泉路,000012907853491
900000128676013,8,拓然家苑,000012907853491
900000128676014,9,北控,000012907853491
900000128676019,10,石油化工科学院,000012907853491
900000128676015,11,水屯桥南,000012907853491
900000128676016,12,祁家豁子,000012907853491
900000128676017,13,马甸桥南,000012907853491
900000128676018,14,德胜门西,000012907853491
