stationId,stopNumber,stopName,lineId
900000108144011,1,地铁篱笆房站,000009200675971
900000108144012,2,地铁广阳城站北,000009200675971
900000108144013,3,碧波园,000009200675971
900000108144015,4,长阳一村,000009200675971
900000108144001,5,原香小镇,000009200675971
900000108144002,6,黄辛庄路口,000009200675971
900000108144003,7,长阳碧桂园,000009200675971
900000108144004,8,昊天北桥南,000009200675971
900000108144014,9,芳园西街南口站,000009200675971
900000108144005,10,焦家坟路口南,000009200675971
900000108144006,11,焦家坟路口东,000009200675971
900000108144007,12,鲁谷西站,000009200675971
900000108144008,13,地铁八宝山站,000009200675971
900000108144009,14,老山,000009200675971
900000108144010,15,银河大街,000009200675971
