stationId,stopNumber,stopName,lineId
110100014052003,1,地铁张郭庄站,000000058519010
110100014052022,2,太子峪,000000058519010
110100014052012,3,太子峪南,000000058519010
110100014052023,4,珠光逸景小区,000000058519010
110100014052013,5,吕村北站,000000058519010
110100014052014,6,吕村,000000058519010
110100014052024,7,吕村(临时站),000000058519010
110100014052015,8,吕村南站,000000058519010
110100014052016,9,珠江御景小区东门,000000058519010
110100014052017,10,珠江御景小区,000000058519010
110100014052021,11,二老庄,000000058519010
110100014052018,12,佃起村,000000058519010
110100014052025,13,迎宾东路北口,000000058519010
110100014052026,14,迎宾东路,000000058519010
110100014052027,15,领秀翡翠山小区,000000058519010
110100014052028,16,南宫路,000000058519010
110100014052037,17,王佐镇政府,000000058519010
110100014052029,18,南宫新苑小区,000000058519010
110100014052030,19,南宫南站,000000058519010
110100014052036,20,林家坟,000000058519010
110100014052031,21,王佐桥西,000000058519010
110100014052032,22,怪村,000000058519010
110100014052033,23,怪村公交场站,000000058519010
