stationId,stopNumber,stopName,lineId
110100013694002,1,德胜门,000000058151030
110100013694003,2,安德路西口,000000058151030
110100013694004,3,后九条,000000058151030
110100013694005,4,六铺炕,000000058151030
110100013694006,5,钟楼北桥北,000000058151030
110100013694008,6,鼓楼外大街南站,000000058151030
110100013694017,7,鼓楼外大街北站,000000058151030
110100013694009,8,安华桥南,000000058151030
110100013694010,9,安贞西里,000000058151030
110100013694011,10,安贞医院北站,000000058151030
110100013694012,11,地铁安贞门站,000000058151030
110100013694013,12,奥体东门,000000058151030
110100013694014,13,安慧桥北,000000058151030
110100013694015,14,炎黄艺术馆,000000058151030
110100013694016,15,慧忠里,000000058151030
