stationId,stopNumber,stopName,lineId
110100015939002,1,孙河公交场站,000000058245661
110100015939003,2,康瑞路北站,000000058245661
110100015939004,3,康瑞路南站,000000058245661
110100015939005,4,兴苇南街东站,000000058245661
110100015939006,5,康营中街东口,000000058245661
110100015939007,6,苇沟环岛,000000058245661
110100015939008,7,前苇沟,000000058245661
110100015939009,8,蟹岛度假村东门,000000058245661
110100015939010,9,小店路口,000000058245661
110100015939050,10,郁金香花园,000000058245661
110100015939011,11,北马房,000000058245661
110100015939012,12,马厂,000000058245661
110100015939013,13,东岗子,000000058245661
110100015939014,14,三岔河北站,000000058245661
110100015939015,15,东坝,000000058245661
110100015939016,16,铁十六局,000000058245661
110100015939017,17,朝运街西站,000000058245661
110100015939018,18,东坝家园东站,000000058245661
110100015939019,19,东坝家园西站,000000058245661
110100015939020,20,单店东,000000058245661
110100015939052,21,单店北,000000058245661
110100015939055,22,单店西路北口,000000058245661
110100015939021,23,南岗子,000000058245661
110100015939053,24,北岗子,000000058245661
110100015939024,25,北石家村,000000058245661
110100015939025,26,雍家村,000000058245661
110100015939026,27,东八间房,000000058245661
110100015939027,28,大陈各庄,000000058245661
110100015939028,29,将台路东口,000000058245661
110100015939029,30,酒仙桥东路南口,000000058245661
110100015939030,31,七零一厂,000000058245661
110100015939031,32,酒仙桥中路西口,000000058245661
110100015939032,33,将台路口西,000000058245661
110100015939033,34,高家园,000000058245661
110100015939034,35,丽都饭店,000000058245661
110100015939035,36,四元桥东,000000058245661
110100015939036,37,四元桥西,000000058245661
110100015939037,38,三元桥东站,000000058245661
110100015939038,39,地铁三元桥站,000000058245661
110100015939039,40,静安庄,000000058245661
110100015939040,41,西坝河,000000058245661
110100015939054,42,太阳宫桥,000000058245661
110100015939041,43,和平东桥,000000058245661
110100015939042,44,和平西桥,000000058245661
110100015939043,45,安贞桥西,000000058245661
110100015939044,46,安华桥西,000000058245661
110100015939045,47,马甸桥东,000000058245661
110100015939046,48,马甸桥西,000000058245661
