stationId,stopNumber,stopName,lineId
900000046513019,1,通州小屯村,000000000022550
900000046513002,2,曹庄村,000000000022550
900000046513003,3,纪各庄村,000000000022550
900000046513004,4,侯黄庄村,000000000022550
900000046513005,5,马庄村,000000000022550
900000046513006,6,通州张庄西口,000000000022550
900000046513031,7,凌庄,000000000022550
900000046513035,8,通州石槽村,000000000022550
900000046513034,9,东寺庄村,000000000022550
900000046513023,10,后尖平村,000000000022550
900000046513033,11,觅子店开发区,000000000022550
900000046513009,12,觅子店卫生院,000000000022550
900000046513024,13,南屯,000000000022550
900000046513025,14,通州军庄村,000000000022550
900000046513011,15,边槐庄村,000000000022550
900000046513012,16,罗庄村,000000000022550
900000046513013,17,后元化村,000000000022550
900000046513014,18,通州后营村,000000000022550
900000046513026,19,鲁城村,000000000022550
900000046513027,20,漷老路口,000000000022550
900000046513028,21,大务路口,000000000022550
900000046513015,22,小务村,000000000022550
900000046513016,23,后马坊村,000000000022550
900000046513017,24,前马坊村,000000000022550
900000046513029,25,前马坊村南站,000000000022550
900000046513018,26,通州兴隆庄西口,000000000022550
