stationId,stopNumber,stopName,lineId
900000031490113,1,北京西站南广场,000000058277850
900000031490078,2,六里桥东,000000058277850
900000031490002,3,阎村,000000058277850
900000031490003,4,紫草坞路口,000000058277850
900000031490004,5,大董村,000000058277850
900000031490114,6,地铁大石河东站,000000058277850
900000031490005,7,大石河,000000058277850
900000031490006,8,房山马各庄,000000058277850
900000031490007,9,饶乐府,000000058277850
900000031490103,10,饶乐府村口,000000058277850
900000031490101,11,房山医院路口,000000058277850
900000031490012,12,房山南关立交桥北,000000058277850
900000031490013,13,房山南关立交桥南,000000058277850
900000031490014,14,顾册,000000058277850
900000031490015,15,周口村路口,000000058277850
900000031490016,16,周口店路口,000000058277850
900000031490102,17,龙乡苑,000000058277850
900000031490017,18,大韩继,000000058277850
900000031490070,19,周口店镇辛庄,000000058277850
900000031490018,20,新街,000000058277850
900000031490019,21,龙宝峪,000000058277850
900000031490020,22,南韩继,000000058277850
900000031490021,23,瓦井,000000058277850
900000031490085,24,石瓦路口,000000058277850
900000031490022,25,东周各庄,000000058277850
900000031490023,26,尤家坟,000000058277850
900000031490024,27,育才学校房山分校,000000058277850
900000031490025,28,房山岳各庄,000000058277850
900000031490026,29,五侯路口,000000058277850
900000031490027,30,二龙岗,000000058277850
900000031490028,31,长沟检查站,000000058277850
900000031490072,32,长沟沿村,000000058277850
900000031490029,33,云居寺路东口,000000058277850
900000031490073,34,长沟中学,000000058277850
900000031490030,35,长沟镇政府,000000058277850
900000031490031,36,长沟,000000058277850
900000031490092,37,北良各庄路口,000000058277850
900000031490089,38,北正东,000000058277850
900000031490033,39,北正,000000058277850
900000031490034,40,南正东,000000058277850
900000031490035,41,南正西,000000058277850
900000031490036,42,大石窝镇半壁店,000000058277850
900000031490082,43,大石窝镇纸房路口,000000058277850
900000031490079,44,大石窝镇政府,000000058277850
900000031490038,45,石窝,000000058277850
900000031490039,46,房山王庄道口,000000058277850
900000031490083,47,大石窝镇辛庄,000000058277850
900000031490041,48,黑天桥,000000058277850
900000031490042,49,北尚乐,000000058277850
900000031490043,50,南尚乐,000000058277850
900000031490044,51,塔照,000000058277850
900000031490045,52,广禄庄,000000058277850
900000031490046,53,南白岱,000000058277850
900000031490047,54,西白岱,000000058277850
900000031490090,55,西白岱西,000000058277850
900000031490048,56,房山史各庄村,000000058277850
900000031490049,57,张坊,000000058277850
900000031490080,58,张坊公交场站,000000058277850
