stationId,stopNumber,stopName,lineId
900000047465018,1,北红门村,000007444772260
900000047465019,2,睿康家园,000007444772260
900000047465020,3,高庙屯,000007444772260
900000047465021,4,大榆树镇政府,000007444772260
900000047465022,5,大榆树村东,000007444772260
900000047465023,6,大榆树路口,000007444772260
900000047465024,7,大榆树中心小学,000007444772260
900000047465015,8,宗家营,000007444772260
900000047465025,9,双杏路东口,000007444772260
900000047465026,10,延庆火车站北广场,000007444772260
900000047465027,11,百莲路,000007444772260
900000047465028,12,延庆中医院,000007444772260
900000047465029,13,延庆四小,000007444772260
900000047465030,14,延庆二中,000007444772260
900000047465031,15,颍泽洲小区,000007444772260
900000047465037,16,延庆南菜园,000007444772260
900000047465033,17,延庆东关,000007444772260
900000047465034,18,川北小区南门,000007444772260
900000047465035,19,恒生南门,000007444772260
900000047465036,20,体育场小区,000007444772260
