stationId,stopNumber,stopName,lineId
110100015964002,1,朝凤庵村,000013719635471
110100015964045,2,前锋学校,000013719635471
110100015964044,3,昌平东关路口北,000013719635471
110100015964004,4,昌平东关,000013719635471
110100015964038,5,松园小区西门,000013719635471
110100015964039,6,中国政法大学北门(昌平),000013719635471
110100015964040,7,昌平一中,000013719635471
110100015964041,8,昌平鼓楼东街,000013719635471
110100015964042,9,昌平鼓楼南街北口,000013719635471
110100015964007,10,昌平公园,000013719635471
110100015964008,11,昌平南环路,000013719635471
110100015964009,12,水关新村北,000013719635471
110100015964010,13,南环东路,000013719635471
110100015964011,14,东关南里小区南门,000013719635471
110100015964012,15,昌盛园北口,000013719635471
110100015964028,16,南环大桥西,000013719635471
110100015964014,17,南环大桥东,000013719635471
110100015964015,18,张营小区,000013719635471
110100015964016,19,地铁南邵站,000013719635471
110100015964029,20,张各庄北,000013719635471
110100015964017,21,兴昌佳苑南门,000013719635471
110100015964018,22,景文屯村,000013719635471
110100015964031,23,景文屯南,000013719635471
110100015964019,24,张各庄,000013719635471
110100015964020,25,大洼村,000013719635471
110100015964021,26,地铁沙河高教园站,000013719635471
110100015964046,27,高教园中街东站,000013719635471
110100015964047,28,高教园中街,000013719635471
110100015964048,29,北街家园六区东门,000013719635471
110100015964049,30,北街家园七区,000013719635471
110100015964050,31,北街家园八区南,000013719635471
110100015964051,32,北街家园八区北,000013719635471
110100015964052,33,高教园北三街,000013719635471
110100015964053,34,北街家园二区东门,000013719635471
110100015964054,35,北街家园一区,000013719635471
110100015964055,36,北街家园五区,000013719635471
