stationId,stopNumber,stopName,lineId
110100011842002,1,汤河口,000004341214771
110100011842037,2,汤河口十字街,000004341214771
110100011842038,3,汤河口镇政府,000004341214771
110100011842005,4,古石沟门,000004341214771
110100011842006,5,东黄梁,000004341214771
110100011842036,6,三道沟门,000004341214771
110100011842007,7,兰营,000004341214771
110100011842039,8,下孟营,000004341214771
110100011842040,9,老沟门,000004341214771
110100011842041,10,二道窝铺,000004341214771
110100011842042,11,三道窝铺,000004341214771
110100011842045,12,下孟营路口,000004341214771
110100011842046,13,上孟营,000004341214771
110100011842047,14,七道河南(临时站),000004341214771
110100011842048,15,七道河西沟,000004341214771
110100011842027,16,七道河,000004341214771
110100011842028,17,北八道河,000004341214771
110100011842029,18,对角沟门,000004341214771
110100011842033,19,上台子,000004341214771
