stationId,stopNumber,stopName,lineId
110100013398035,1,北京站东街,000000058386581
110100013398002,2,北京站东,000000058386581
110100013398004,3,建国门南,000000058386581
110100013398005,4,广渠门,000000058386581
110100013398006,5,光明桥,000000058386581
110100013398007,6,肿瘤医院,000000058386581
110100013398008,7,左安门外,000000058386581
110100013398009,8,芳城园,000000058386581
110100013398010,9,方庄环岛西,000000058386581
110100013398011,10,芳古园,000000058386581
110100013398012,11,蒲黄榆,000000058386581
110100013398013,12,玉蜓桥西,000000058386581
110100013398014,13,天坛南门,000000058386581
110100013398015,14,永定门东,000000058386581
110100013398016,15,永定门西,000000058386581
110100013398017,16,陶然亭公园南门,000000058386581
110100013398018,17,开阳桥西,000000058386581
110100013398019,18,右安门西,000000058386581
110100013398020,19,大观园,000000058386581
110100013398034,20,大观园西,000000058386581
110100013398021,21,白纸坊桥南,000000058386581
110100013398022,22,白纸坊桥北,000000058386581
110100013398023,23,椿树馆街,000000058386581
110100013398024,24,广安门南,000000058386581
110100013398031,25,广外关厢,000000058386581
110100013398025,26,达官营,000000058386581
110100013398026,27,广外甘石桥,000000058386581
110100013398027,28,湾子,000000058386581
110100013398028,29,莲花池,000000058386581
110100013398029,30,北京西站南广场,000000058386581
