stationId,stopNumber,stopName,lineId
110100014047002,1,西直河西站,000000058517051
110100014047003,2,王村路,000000058517051
110100014047004,3,王村路北口,000000058517051
110100014047043,4,北京焦化厂,000000058517051
110100014047005,5,工业技师学院,000000058517051
110100014047006,6,垡头南站,000000058517051
110100014047040,7,地铁垡头站,000000058517051
110100014047022,8,厚金路南口,000000058517051
110100014047023,9,厚金路,000000058517051
110100014047024,10,金蝉北路西口,000000058517051
110100014047011,11,紫南家园,000000058517051
110100014047012,12,紫南家园北站,000000058517051
110100014047042,13,南楼梓庄,000000058517051
110100014047036,14,广化大街南口,000000058517051
110100014047037,15,广化大街,000000058517051
110100014047025,16,地铁化工站,000000058517051
110100014047038,17,广化大街北口,000000058517051
110100014047026,18,唐家村,000000058517051
110100014047027,19,地铁百子湾站,000000058517051
110100014047028,20,大郊亭桥东,000000058517051
110100014047029,21,大郊亭桥西,000000058517051
110100014047030,22,九龙山路口东,000000058517051
110100014047031,23,九龙山,000000058517051
110100014047039,24,苹果社区东,000000058517051
110100014047032,25,苹果社区,000000058517051
110100014047033,26,百子湾南二路西口,000000058517051
110100014047034,27,双花园,000000058517051
110100014047035,28,大北窑南,000000058517051
