stationId,stopNumber,stopName,lineId
110100015265043,1,京原东站,000000058473690
110100015265044,2,京原路口东,000000058473690
110100015265045,3,京原路口西,000000058473690
110100015265046,4,京燕饭店,000000058473690
110100015265047,5,八角,000000058473690
110100015265048,6,石景山古城,000000058473690
110100015265049,7,老古城,000000058473690
110100015265050,8,首钢厂东门,000000058473690
110100015265051,9,首钢试验厂,000000058473690
110100015265063,10,新首钢大桥西,000000058473690
110100015265052,11,增胜庄,000000058473690
110100015265064,12,上岸东站,000000058473690
110100015265053,13,上岸,000000058473690
110100015265061,14,艾洼,000000058473690
110100015265062,15,金安路西口,000000058473690
110100015265054,16,冯村,000000058473690
110100015265055,17,永定中学,000000058473690
110100015265056,18,葡萄嘴路口南,000000058473690
110100015265057,19,葡萄嘴路口北,000000058473690
110100015265058,20,葡东小区,000000058473690
110100015265059,21,倚山嘉园,000000058473690
110100015265060,22,滨河西区,000000058473690
110100015265029,23,双峪,000000058473690
110100015265030,24,新桥大街,000000058473690
110100015265031,25,河滩,000000058473690
110100015265032,26,小黑山,000000058473690
110100015265033,27,龙泉西公交场站,000000058473690
110100015265034,28,矿建街,000000058473690
110100015265035,29,增产路,000000058473690
110100015265036,30,东辛房,000000058473690
110100015265037,31,东辛房西,000000058473690
110100015265040,32,西辛房,000000058473690
110100015265041,33,西辛房西,000000058473690
110100015265065,34,圈门,000000058473690
