stationId,stopNumber,stopName,lineId
110100015387095,1,刘丈村,000011574150740
110100015387096,2,刘丈村东,000011574150740
110100015387097,3,邢家坞西站,000011574150740
110100015387098,4,邢家坞东站,000011574150740
110100015387099,5,官道,000011574150740
110100015387100,6,邢家坞路口,000011574150740
110100015387101,7,房山小营路口,000011574150740
110100015387102,8,房山白房子,000011574150740
110100015387103,9,黑古台,000011574150740
110100015387104,10,黑古台北,000011574150740
110100015387105,11,常庄路口,000011574150740
110100015387106,12,瑞雪春堂,000011574150740
110100015387107,13,昊天嘉园,000011574150740
110100015387108,14,地铁良乡南关站东,000011574150740
110100015387109,15,拱辰南大街,000011574150740
110100015387090,16,良乡大角,000011574150740
110100015387110,17,良乡西门,000011574150740
110100015387111,18,苏庄东街北口,000011574150740
110100015387112,19,良乡西路,000011574150740
110100015387113,20,蝶翠苑路口,000011574150740
110100015387114,21,蓝光海悦城小区,000011574150740
110100015387115,22,阎村桥,000011574150740
110100015387116,23,炒米店路口,000011574150740
110100015387117,24,阎村,000011574150740
110100015387143,25,阎村镇政府,000011574150740
110100015387144,26,阎安中路,000011574150740
110100015387145,27,房山梨园东里,000011574150740
110100015387146,28,南梨园北,000011574150740
110100015387147,29,南梨园,000011574150740
110100015387142,30,南梨园南站,000011574150740
110100015387148,31,二合庄东口,000011574150740
110100015387149,32,二合庄,000011574150740
110100015387137,33,下坡店村西,000011574150740
110100015387138,34,苏村北站,000011574150740
110100015387136,35,夏村北站,000011574150740
110100015387139,36,东瓜地村西,000011574150740
110100015387140,37,定府辛庄村南,000011574150740
110100015387126,38,双孝南站,000011574150740
110100015387127,39,石楼路口,000011574150740
110100015387128,40,石楼,000011574150740
110100015387154,41,石楼车辆段,000011574150740
110100015387150,42,广渠门中学房山分校,000011574150740
110100015387153,43,二站村口,000011574150740
110100015387151,44,京熙福邸小区,000011574150740
110100015387152,45,襄驸马庄村口,000011574150740
110100015387133,46,房山赵各庄,000011574150740
110100015387134,47,房山赵各庄南站,000011574150740
110100015387135,48,韩村河,000011574150740
110100015387084,49,韩村河村口,000011574150740
110100015387039,50,韩村河西,000011574150740
110100015387040,51,东南章,000011574150740
110100015387041,52,西南章,000011574150740
110100015387042,53,五侯村,000011574150740
110100015387085,54,五侯,000011574150740
110100015387091,55,五侯路口,000011574150740
110100015387093,56,房山岳各庄西,000011574150740
110100015387092,57,龙门口村,000011574150740
110100015387094,58,天开寺,000011574150740
110100015387046,59,龙门口公交场站,000011574150740
