stationId,stopNumber,stopName,lineId
900000021799042,1,金庄,000000058547920
900000021799043,2,彰化路,000000058547920
900000021799044,3,五福路北口,000000058547920
900000021799045,4,正福寺,000000058547920
900000021799046,5,四季青桥东,000000058547920
900000021799019,6,四季青桥南,000000058547920
900000021799020,7,营慧寺,000000058547920
900000021799041,8,五路桥,000000058547920
900000021799021,9,定慧桥北,000000058547920
900000021799022,10,定慧桥南,000000058547920
900000021799023,11,金沟河路东口,000000058547920
900000021799024,12,金沟河路,000000058547920
900000021799025,13,铁家坟南,000000058547920
900000021799026,14,永定路口北,000000058547920
900000021799027,15,永定路口南,000000058547920
900000021799028,16,北太平路口南,000000058547920
900000021799029,17,青塔桥北,000000058547920
900000021799030,18,青塔蔚园,000000058547920
900000021799031,19,大成里,000000058547920
900000021799032,20,大成路西口,000000058547920
900000021799033,21,吴家村路东口,000000058547920
900000021799034,22,吴家村,000000058547920
900000021799035,23,吴家村路西口,000000058547920
900000021799036,24,吴庄南,000000058547920
900000021799037,25,张仪村北站,000000058547920
900000021799038,26,张仪村,000000058547920
900000021799039,27,张仪村东站,000000058547920
