stationId,stopNumber,stopName,lineId
900000042833001,1,安平香汐花园,000000000023741
900000042833002,2,天下第一城,000000000023741
900000042833014,3,安平开发区管委会,000000000023741
900000042833003,4,安平平安大街,000000000023741
900000042833004,5,安平道口,000000000023741
900000042833012,6,香河新城街西口,000000000023741
900000042833005,7,觅子店路口,000000000023741
900000042833006,8,东寺庄村,000000000023741
900000042833015,9,通州石槽村,000000000023741
900000042833007,10,马头村,000000000023741
900000042833011,11,马堤村,000000000023741
900000042833008,12,漷县镇政府,000000000023741
900000042833013,13,通州苏庄村,000000000023741
900000042833009,14,通州靛庄,000000000023741
900000042833010,15,郎家园,000000000023741
