stationId,stopNumber,stopName,lineId
900000108145001,1,银河大街,000009200675970
900000108145002,2,老山,000009200675970
900000108145003,3,地铁八宝山站,000009200675970
900000108145004,4,鲁谷西站,000009200675970
900000108145005,5,焦家坟路口东,000009200675970
900000108145006,6,焦家坟路口南,000009200675970
900000108145010,7,芳园西街南口站,000009200675970
900000108145007,8,昊天北桥南,000009200675970
900000108145008,9,长阳碧桂园,000009200675970
900000108145009,10,原香小镇,000009200675970
900000108145014,11,长阳一村,000009200675970
900000108145011,12,碧波园,000009200675970
900000108145012,13,地铁广阳城站北,000009200675970
900000108145013,14,地铁篱笆房站,000009200675970
