stationId,stopNumber,stopName,lineId
900000167295024,1,坨里北站,000015607874390
900000167295025,2,化工厂家属区,000015607874390
900000167295026,3,石梯,000015607874390
900000167295027,4,青龙湖镇水峪,000015607874390
900000167295031,5,青龙湖镇水峪东口,000015607874390
900000167295038,6,土洞南站,000015607874390
900000167295028,7,小苑上北站,000015607874390
900000167295029,8,小苑上村,000015607874390
900000167295030,9,房山马家坟北口,000015607874390
900000167295001,10,房山马家坟村,000015607874390
900000167295002,11,宜青街小区,000015607874390
900000167295023,12,青龙湖路,000015607874390
900000167295003,13,房山豆各庄,000015607874390
900000167295004,14,房山豆各庄路口,000015607874390
900000167295005,15,高家川,000015607874390
900000167295006,16,房山果各庄北站,000015607874390
900000167295007,17,房山果各庄村,000015607874390
900000167295008,18,西庄户路口,000015607874390
900000167295009,19,小马村,000015607874390
900000167295010,20,大马村,000015607874390
900000167295011,21,南上岗路口,000015607874390
900000167295012,22,房山张庄,000015607874390
900000167295013,23,小紫草坞路口,000015607874390
900000167295014,24,后沿村,000015607874390
900000167295015,25,地铁阎村东站,000015607874390
900000167295032,26,阎村车辆段,000015607874390
900000167295033,27,蝶翠苑,000015607874390
900000167295034,28,太平庄明慧嘉园,000015607874390
900000167295035,29,太平庄通尚苑,000015607874390
900000167295036,30,月华小区,000015607874390
900000167295037,31,蝶翠苑路口,000015607874390
900000167295022,32,首发物流,000015607874390
