stationId,stopNumber,stopName,lineId
110100014139002,1,张仪村东站,000000058548551
110100014139003,2,张仪村,000000058548551
110100014139004,3,张仪村北站,000000058548551
110100014139005,4,吴庄南,000000058548551
110100014139006,5,莲芳东桥南,000000058548551
110100014139007,6,莲芳东桥北,000000058548551
110100014139008,7,远洋山水小区,000000058548551
110100014139009,8,远洋山水小区东,000000058548551
110100014139011,9,十院,000000058548551
110100014139012,10,鲁谷路东口,000000058548551
110100014139013,11,玉泉路口北,000000058548551
110100014139014,12,航天中心医院,000000058548551
110100014139015,13,金沟河路西口,000000058548551
110100014139016,14,玉海园南口,000000058548551
110100014139017,15,阜永路口南,000000058548551
110100014139018,16,定慧桥东,000000058548551
110100014139019,17,定慧寺东,000000058548551
110100014139020,18,西钓鱼台,000000058548551
110100014139021,19,航天桥西,000000058548551
110100014139022,20,航天桥东,000000058548551
110100014139023,21,马神庙,000000058548551
110100014139024,22,白堆子口西,000000058548551
110100014139025,23,甘家口东,000000058548551
110100014139026,24,阜外西口,000000058548551
110100014139027,25,展览路,000000058548551
110100014139028,26,阜成门,000000058548551
110100014139029,27,阜成门内,000000058548551
110100014139030,28,白塔寺东,000000058548551
110100014139031,29,西四路口东,000000058548551
110100014139032,30,北京三十九中学,000000058548551
110100014139033,31,北京四中,000000058548551
110100014139034,32,厂桥路口东,000000058548551
110100014139035,33,东官房,000000058548551
110100014139036,34,北海北门,000000058548551
110100014139037,35,地安门东,000000058548551
110100014139038,36,南锣鼓巷,000000058548551
110100014139039,37,北兵马司,000000058548551
110100014139040,38,交道口南,000000058548551
110100014139041,39,北新桥路口西,000000058548551
110100014139042,40,东直门北小街南口,000000058548551
110100014139043,41,东直门北小街北口,000000058548551
110100014139044,42,北官厅,000000058548551
