stationId,stopNumber,stopName,lineId
110100016185002,1,香营卫生院,000000058699130
110100016185003,2,香营水库管理处,000000058699130
110100016185004,3,上下垙,000000058699130
110100016185005,4,黑峪口,000000058699130
110100016185030,5,屈家窑,000000058699130
110100016185038,6,黄峪口村东,000000058699130
110100016185031,7,黄峪口村,000000058699130
110100016185006,8,黄峪口,000000058699130
110100016185007,9,白洋峪,000000058699130
110100016185008,10,北张庄,000000058699130
110100016185009,11,烧窑峪,000000058699130
110100016185032,12,云瀑沟,000000058699130
110100016185033,13,延庆白草洼北,000000058699130
110100016185010,14,延庆白草洼,000000058699130
110100016185011,15,界碑石,000000058699130
110100016185034,16,延庆古城北,000000058699130
110100016185035,17,延庆古城路口,000000058699130
110100016185014,18,龙庆峡,000000058699130
110100016185016,19,上郝庄,000000058699130
110100016185017,20,下郝庄,000000058699130
110100016185018,21,孙庄,000000058699130
110100016185036,22,东王化营路口,000000058699130
110100016185019,23,东王化营,000000058699130
110100016185037,24,王化营路口,000000058699130
110100016185020,25,八里店,000000058699130
110100016185021,26,延庆八中,000000058699130
110100016185029,27,延庆东桥东,000000058699130
110100016185022,28,京张路口东,000000058699130
110100016185023,29,石河营,000000058699130
110100016185024,30,川北小区南门,000000058699130
110100016185025,31,延庆东关,000000058699130
110100016185026,32,延庆南菜园,000000058699130
110100016185027,33,司家营,000000058699130
110100016185028,34,延庆火车站北广场,000000058699130
