stationId,stopNumber,stopName,lineId
110100015379002,1,南窖,000011362640940
110100015379075,2,南窖村东,000011362640940
110100015379003,3,南窖小西安,000011362640940
110100015379064,4,南窖村,000011362640940
110100015379069,5,南窖卫生院,000011362640940
110100015379005,6,南窖乡政府,000011362640940
110100015379105,7,南窖乡水峪西,000011362640940
110100015379008,8,南窖乡水峪路口,000011362640940
110100015379079,9,南窖乡水峪路口北,000011362640940
110100015379009,10,大西沟,000011362640940
110100015379010,11,中窖,000011362640940
110100015379011,12,花港,000011362640940
110100015379012,13,北窖路口,000011362640940
110100015379099,14,孟家沟,000011362640940
110100015379013,15,刘家台,000011362640940
110100015379014,16,南窖路口,000011362640940
110100015379015,17,红煤厂公交场站,000011362640940
110100015379067,18,西大地,000011362640940
110100015379080,19,佛子庄西口,000011362640940
110100015379081,20,佛子庄桥,000011362640940
110100015379082,21,银狐洞路口,000011362640940
110100015379018,22,佛子庄乡南河,000011362640940
110100015379019,23,黑龙关,000011362640940
110100015379020,24,佛子庄乡政府,000011362640940
110100015379021,25,班各庄,000011362640940
110100015379022,26,陈家台,000011362640940
110100015379070,27,陈家台东,000011362640940
110100015379090,28,辛庄检查站,000011362640940
110100015379057,29,河北镇辛庄,000011362640940
110100015379091,30,房山河南村口,000011362640940
110100015379024,31,河北镇邮局,000011362640940
110100015379025,32,李各庄,000011362640940
110100015379092,33,河北法庭,000011362640940
110100015379026,34,东庄子,000011362640940
110100015379093,35,东庄子南,000011362640940
110100015379104,36,河东村,000011362640940
110100015379071,37,三福村西,000011362640940
110100015379028,38,三福村,000011362640940
110100015379029,39,三福村路口,000011362640940
110100015379030,40,石花洞路口,000011362640940
110100015379031,41,河北镇半壁店,000011362640940
110100015379100,42,河北镇半壁店村口,000011362640940
110100015379060,43,磁家务北站,000011362640940
110100015379066,44,磁家务,000011362640940
110100015379083,45,万佛堂路口,000011362640940
110100015379035,46,万佛堂,000011362640940
110100015379036,47,房山矿家属区北,000011362640940
110100015379037,48,房山矿家属区南,000011362640940
110100015379103,49,南观北,000011362640940
110100015379038,50,南观路口,000011362640940
110100015379039,51,燕山东岭,000011362640940
110100015379040,52,燕山羊耳峪,000011362640940
110100015379041,53,燕山东风街,000011362640940
110100015379095,54,东流水北,000011362640940
110100015379042,55,东流水,000011362640940
110100015379102,56,东流水村东,000011362640940
110100015379098,57,后朱各庄村北,000011362640940
110100015379073,58,燕山工业区南站,000011362640940
110100015379043,59,后朱各庄,000011362640940
110100015379044,60,前朱各庄,000011362640940
110100015379089,61,燕化动力厂北,000011362640940
110100015379046,62,燕化聚酯厂,000011362640940
110100015379047,63,燕山北庄,000011362640940
110100015379048,64,燕山体育馆,000011362640940
110100015379063,65,宏塔小区,000011362640940
110100015379050,66,富燕新村,000011362640940
110100015379051,67,房山北关,000011362640940
110100015379052,68,地铁房山城关站,000011362640940
110100015379053,69,房山体育场,000011362640940
110100015379054,70,房山医院路口,000011362640940
110100015379062,71,房山南关立交桥北,000011362640940
110100015379097,72,房山汽车站,000011362640940
