stationId,stopNumber,stopName,lineId
110100010640002,1,方庄东路,000000058485330
110100010640003,2,方庄桥东,000000058485330
110100010640004,3,方庄桥西,000000058485330
110100010640005,4,横一条北口,000000058485330
110100010640006,5,横一条,000000058485330
110100010640007,6,南窑,000000058485330
110100010640008,7,宋家庄,000000058485330
110100010640025,8,地铁宋家庄站,000000058485330
110100010640026,9,双庙北,000000058485330
110100010640011,10,双庙西,000000058485330
110100010640030,11,南顶路口,000000058485330
110100010640012,12,南顶路,000000058485330
110100010640013,13,南顶路西口,000000058485330
110100010640014,14,南顶村,000000058485330
110100010640027,15,大红门北站,000000058485330
110100010640016,16,大红门,000000058485330
110100010640017,17,大李窑,000000058485330
110100010640018,18,西马场,000000058485330
110100010640029,19,地铁角门东站,000000058485330
110100010640019,20,角门,000000058485330
110100010640028,21,角门南站,000000058485330
110100010640021,22,马家堡路,000000058485330
110100010640022,23,枫竹苑小区,000000058485330
110100010640023,24,地铁公益西桥站,000000058485330
110100010640024,25,城南嘉园,000000058485330
