stationId,stopNumber,stopName,lineId
110100013617002,1,丰台西站,000000058149251
110100013617021,2,丰西北里,000000058149251
110100013617026,3,榆树庄,000000058149251
110100013617003,4,人民村,000000058149251
110100013617028,5,地铁榆树庄站,000000058149251
110100013617004,6,人民村北站,000000058149251
110100013617022,7,西洪泰庄,000000058149251
110100013617005,8,南五里店,000000058149251
110100013617006,9,程庄路口东,000000058149251
110100013617023,10,丰台医院,000000058149251
110100013617027,11,东安街头条,000000058149251
110100013617007,12,正阳桥北,000000058149251
110100013617008,13,北大地,000000058149251
110100013617009,14,北大街,000000058149251
110100013617010,15,丰管路西口,000000058149251
110100013617011,16,丰管路,000000058149251
110100013617024,17,前泥洼,000000058149251
110100013617012,18,西管头,000000058149251
110100013617013,19,丰益桥西,000000058149251
110100013617014,20,丽泽桥,000000058149251
110100013617015,21,西局,000000058149251
110100013617016,22,六里桥南,000000058149251
110100013617017,23,六里桥东,000000058149251
110100013617018,24,北京西站南广场,000000058149251
