stationId,stopNumber,stopName,lineId
110100015440001,1,环行铁道,000000058537721
110100015440002,2,北京电机总厂,000000058537721
110100015440003,3,大山子路口东,000000058537721
110100015440004,4,地铁望京南站,000000058537721
110100015440019,5,望花路东里,000000058537721
110100015440005,6,地铁阜通站,000000058537721
110100015440006,7,大西洋新城东门,000000058537721
110100015440007,8,侯庄路口北,000000058537721
110100015440008,9,望京花园西区,000000058537721
110100015440009,10,利泽西街东口,000000058537721
110100015440010,11,东湖,000000058537721
110100015440011,12,北湖渠,000000058537721
110100015440012,13,新新家园,000000058537721
110100015440013,14,新新家园西站,000000058537721
110100015440014,15,辛店路西口,000000058537721
110100015440015,16,辛店村,000000058537721
110100015440016,17,北苑,000000058537721
110100015440017,18,地铁北苑路北站,000000058537721
