stationId,stopNumber,stopName,lineId
900000070678001,1,燕莎桥北,000005689305920
900000070678002,2,三元桥南,000005689305920
900000070678003,3,静安庄西,000005689305920
900000070678004,4,西坝河,000005689305920
900000070678005,5,安贞桥东,000005689305920
900000070678006,6,安贞桥北,000005689305920
900000070678007,7,安慧桥北,000005689305920
900000070678008,8,地铁立水桥站,000005689305920
900000070678009,9,天通中苑西区,000005689305920
900000070678010,10,天通苑塔楼,000005689305920
900000070678011,11,天通东苑一区,000005689305920
900000070678012,12,白坊南,000005689305920
900000070678013,13,白坊,000005689305920
900000070678014,14,天通北苑,000005689305920
