stationId,stopNumber,stopName,lineId
110100010646002,1,东大桥公交场站,000000058487840
110100010646003,2,东大桥路口北,000000058487840
110100010646024,3,工人体育场南门,000000058487840
110100010646025,4,工人体育场西门,000000058487840
110100010646006,5,春秀路南口,000000058487840
110100010646007,6,春秀路小区,000000058487840
110100010646026,7,胡家园南,000000058487840
110100010646008,8,胡家园北,000000058487840
110100010646009,9,柳芳南里,000000058487840
110100010646010,10,柳芳北里,000000058487840
110100010646011,11,国际展览中心,000000058487840
110100010646012,12,曙光里南口,000000058487840
110100010646013,13,曙光里,000000058487840
110100010646028,14,西坝河东里,000000058487840
110100010646015,15,地铁太阳宫站,000000058487840
110100010646016,16,地铁芍药居站,000000058487840
110100010646017,17,育慧南路南口,000000058487840
110100010646018,18,对外经贸大学南,000000058487840
110100010646019,19,地铁惠新西街南口站,000000058487840
110100010646020,20,小关东里,000000058487840
110100010646027,21,小关,000000058487840
110100010646021,22,地铁安贞门站,000000058487840
110100010646022,23,安贞医院北站,000000058487840
110100010646023,24,北土城公交场站,000000058487840
