stationId,stopNumber,stopName,lineId
110100015735002,1,大鲁店公交场站,000000058149241
110100015735003,2,大鲁店,000000058149241
110100015735004,3,小鲁店南,000000058149241
110100015735005,4,黑庄户西口,000000058149241
110100015735028,5,郎各庄东,000000058149241
110100015735007,6,郎各庄,000000058149241
110100015735008,7,郎各庄西,000000058149241
110100015735009,8,马家湾,000000058149241
110100015735029,9,马家湾西,000000058149241
110100015735010,10,孙家坡,000000058149241
110100015735011,11,化工桥东,000000058149241
110100015735030,12,化工桥西,000000058149241
110100015735012,13,北京焦化厂,000000058149241
110100015735013,14,工业技师学院,000000058149241
110100015735014,15,垡头南站,000000058149241
110100015735015,16,垡头,000000058149241
110100015735016,17,垡头北站,000000058149241
110100015735018,18,朝阳大柳树,000000058149241
110100015735027,19,地铁南楼梓庄站,000000058149241
110100015735031,20,南楼梓庄,000000058149241
110100015735020,21,大郊亭桥南,000000058149241
110100015735021,22,大郊亭桥西,000000058149241
110100015735022,23,九龙山路口西,000000058149241
110100015735023,24,九龙花园,000000058149241
110100015735024,25,双井桥北,000000058149241
110100015735025,26,双花园,000000058149241
110100015735026,27,大北窑南,000000058149241
