stationId,stopNumber,stopName,lineId
900000031462044,1,上花楼,000000058699420
900000031462052,2,河山沟,000000058699420
900000031462001,3,下花楼,000000058699420
900000031462070,4,临时站,000000058699420
900000031462002,5,上水沟,000000058699420
900000031462053,6,北沟路口,000000058699420
900000031462003,7,下水沟,000000058699420
900000031462004,8,水沟门,000000058699420
900000031462005,9,称沟湾,000000058699420
900000031462054,10,珍珠泉北站,000000058699420
900000031462006,11,珍珠泉,000000058699420
900000031462007,12,永红村,000000058699420
900000031462008,13,北口子,000000058699420
900000031462009,14,四海,000000058699420
900000031462050,15,天门关,000000058699420
900000031462010,16,大胜岭,000000058699420
900000031462011,17,四海南湾,000000058699420
900000031462012,18,王顺沟路口,000000058699420
900000031462013,19,黑汉岭,000000058699420
900000031462055,20,大吉祥,000000058699420
900000031462056,21,小吉祥,000000058699420
900000031462016,22,红果寺,000000058699420
900000031462017,23,周四沟,000000058699420
900000031462068,24,周四沟村西,000000058699420
900000031462019,25,大观头,000000058699420
900000031462020,26,小观头,000000058699420
900000031462021,27,山南沟,000000058699420
900000031462057,28,刘斌堡村东,000000058699420
900000031462045,29,刘斌堡东站,000000058699420
900000031462046,30,刘斌堡,000000058699420
900000031462047,31,刘斌堡西站,000000058699420
900000031462048,32,永新堡,000000058699420
900000031462049,33,延庆狮子营,000000058699420
900000031462027,34,永宁,000000058699420
900000031462028,35,永宁车站,000000058699420
900000031462029,36,永宁西关,000000058699420
900000031462058,37,三里墩,000000058699420
900000031462030,38,新华营,000000058699420
900000031462059,39,新华营西,000000058699420
900000031462060,40,吴坊营村东,000000058699420
900000031462061,41,吴坊营东站,000000058699420
900000031462031,42,吴坊营,000000058699420
900000031462032,43,西小庄科,000000058699420
900000031462033,44,香村营,000000058699420
900000031462062,45,香村营西站,000000058699420
900000031462034,46,北老君堂路口,000000058699420
900000031462063,47,兴安堡路口,000000058699420
900000031462035,48,魏家营,000000058699420
900000031462064,49,连家营,000000058699420
900000031462036,50,沈家营,000000058699420
900000031462069,51,沈家营镇政府,000000058699420
900000031462065,52,新合营,000000058699420
900000031462066,53,八里店东口,000000058699420
900000031462037,54,八里店,000000058699420
900000031462038,55,延庆八中,000000058699420
900000031462067,56,延庆东桥东,000000058699420
900000031462039,57,京张路口东,000000058699420
900000031462040,58,石河营,000000058699420
900000031462041,59,川北小区南门,000000058699420
900000031462042,60,延庆东关,000000058699420
900000031462043,61,延庆南菜园,000000058699420
900000031462051,62,延庆南菜园公交场站,000000058699420
