stationId,stopNumber,stopName,lineId
110100016241002,1,秋林铺,000011574150800
110100016241084,2,秋林铺北,000011574150800
110100016241085,3,莲花庵南,000011574150800
110100016241003,4,莲花庵,000011574150800
110100016241092,5,莲花庵北,000011574150800
110100016241075,6,曹家房西,000011574150800
110100016241004,7,曹家房,000011574150800
110100016241005,8,史家营西口,000011574150800
110100016241006,9,史家营村,000011574150800
110100016241007,10,史家营乡政府,000011574150800
110100016241103,11,史家营卫生院,000011574150800
110100016241008,12,安岳矿,000011574150800
110100016241009,13,土大堰,000011574150800
110100016241010,14,青林台,000011574150800
110100016241011,15,金鸡台路口,000011574150800
110100016241012,16,圣莲山,000011574150800
110100016241013,17,杨林水路口,000011574150800
110100016241091,18,杨林水东,000011574150800
110100016241014,19,柳林水,000011574150800
110100016241015,20,鸳鸯水,000011574150800
110100016241082,21,鸳鸯水东,000011574150800
110100016241081,22,贾峪口检查站,000011574150800
110100016241016,23,贾峪口东,000011574150800
110100016241086,24,六马堂桥南,000011574150800
110100016241079,25,九道河西,000011574150800
110100016241017,26,房山石板房路口,000011574150800
110100016241018,27,大港,000011574150800
110100016241019,28,山川,000011574150800
110100016241069,29,房山五道河,000011574150800
110100016241021,30,房山四道河,000011574150800
110100016241022,31,房山二道河,000011574150800
110100016241023,32,长操北,000011574150800
110100016241024,33,长操,000011574150800
110100016241105,34,长操桥,000011574150800
110100016241025,35,红煤厂路口,000011574150800
110100016241026,36,南窖路口,000011574150800
110100016241096,37,红煤厂公交场站,000011574150800
110100016241027,38,西大地,000011574150800
110100016241028,39,佛子庄西口,000011574150800
110100016241080,40,佛子庄桥,000011574150800
110100016241029,41,银狐洞路口,000011574150800
110100016241030,42,佛子庄乡南河,000011574150800
110100016241031,43,黑龙关,000011574150800
110100016241032,44,佛子庄乡政府,000011574150800
110100016241033,45,班各庄,000011574150800
110100016241034,46,陈家台,000011574150800
110100016241101,47,陈家台东,000011574150800
110100016241095,48,辛庄检查站,000011574150800
110100016241035,49,河北镇辛庄,000011574150800
110100016241076,50,房山河南村口,000011574150800
110100016241036,51,河北镇邮局,000011574150800
110100016241037,52,李各庄,000011574150800
110100016241077,53,河北法庭,000011574150800
110100016241038,54,东庄子,000011574150800
110100016241078,55,东庄子南,000011574150800
110100016241039,56,河东村,000011574150800
110100016241087,57,三福村西,000011574150800
110100016241040,58,三福村,000011574150800
110100016241041,59,三福村路口,000011574150800
110100016241042,60,石花洞路口,000011574150800
110100016241097,61,河北镇半壁店,000011574150800
110100016241098,62,河北镇半壁店村口,000011574150800
110100016241099,63,磁家务北站,000011574150800
110100016241071,64,磁家务,000011574150800
110100016241094,65,万佛堂路口,000011574150800
110100016241047,66,万佛堂,000011574150800
110100016241048,67,房山矿家属区北,000011574150800
110100016241049,68,房山矿家属区南,000011574150800
110100016241050,69,南观路口,000011574150800
110100016241051,70,燕山东岭,000011574150800
110100016241052,71,燕山羊耳峪,000011574150800
110100016241053,72,燕山东风街,000011574150800
110100016241088,73,东流水北,000011574150800
110100016241054,74,东流水,000011574150800
110100016241089,75,东流水村东,000011574150800
110100016241104,76,后朱各庄村北,000011574150800
110100016241102,77,燕山工业区南站,000011574150800
110100016241055,78,后朱各庄,000011574150800
110100016241056,79,前朱各庄,000011574150800
110100016241090,80,燕化动力厂北,000011574150800
110100016241058,81,燕化聚酯厂,000011574150800
110100016241059,82,燕山北庄,000011574150800
110100016241060,83,燕山体育馆,000011574150800
110100016241072,84,宏塔小区,000011574150800
110100016241073,85,富燕新村,000011574150800
110100016241063,86,房山北关,000011574150800
110100016241064,87,地铁房山城关站,000011574150800
110100016241065,88,房山体育场,000011574150800
110100016241066,89,房山医院路口,000011574150800
110100016241074,90,房山南关立交桥北,000011574150800
110100016241100,91,房山汽车站,000011574150800
