stationId,stopNumber,stopName,lineId
110100014053026,1,怪村公交场站,000000058519011
110100014053027,2,王佐桥西,000000058519011
110100014053037,3,林家坟,000000058519011
110100014053028,4,南宫南站,000000058519011
110100014053029,5,南宫新苑小区,000000058519011
110100014053030,6,王佐镇政府,000000058519011
110100014053031,7,南宫路,000000058519011
110100014053032,8,领秀翡翠山小区,000000058519011
110100014053033,9,迎宾东路,000000058519011
110100014053034,10,迎宾东路北口,000000058519011
110100014053004,11,佃起村,000000058519011
110100014053021,12,二老庄,000000058519011
110100014053005,13,珠江御景小区,000000058519011
110100014053006,14,珠江御景小区东门,000000058519011
110100014053007,15,吕村南站,000000058519011
110100014053035,16,吕村(临时站),000000058519011
110100014053008,17,吕村,000000058519011
110100014053025,18,吕村北站,000000058519011
110100014053024,19,珠光逸景小区,000000058519011
110100014053010,20,太子峪南,000000058519011
110100014053022,21,太子峪,000000058519011
110100014053023,22,太子峪北,000000058519011
110100014053019,23,地铁张郭庄站,000000058519011
