stationId,stopNumber,stopName,lineId
110100016139002,1,于家园,000005815190931
110100016139003,2,下元,000005815190931
110100016139004,3,怀柔招商局,000005815190931
110100016139005,4,怀柔汽车站,000005815190931
110100016139006,5,怀柔五中,000005815190931
110100016139007,6,怀柔东关村,000005815190931
110100016139008,7,康馨家园,000005815190931
110100016139009,8,怀柔南小街,000005815190931
110100016139010,9,青春路南口,000005815190931
110100016139011,10,南华园四区,000005815190931
110100016139012,11,丽湖馨居,000005815190931
110100016139077,12,怀柔石厂,000005815190931
110100016139038,13,西台下,000005815190931
110100016139014,14,西台上,000005815190931
110100016139090,15,西台上西,000005815190931
110100016139015,16,桥梓开发区,000005815190931
110100016139041,17,桥梓,000005815190931
110100016139044,18,桥梓镇政府,000005815190931
110100016139088,19,山立庄,000005815190931
110100016139084,20,茶坞火车站路口,000005815190931
110100016139016,21,茶坞,000005815190931
110100016139017,22,苏峪口,000005815190931
110100016139085,23,蔡家庄村口,000005815190931
110100016139089,24,蔡家庄北,000005815190931
110100016139094,25,岐庄,000005815190931
110100016139047,26,红林,000005815190931
110100016139065,27,一渡河东,000005815190931
110100016139019,28,一渡河,000005815190931
110100016139020,29,西四渡河村口,000005815190931
110100016139066,30,黄坎村南,000005815190931
110100016139104,31,黄坎村东,000005815190931
110100016139101,32,黄坎,000005815190931
110100016139102,33,九渡河镇政府,000005815190931
110100016139103,34,团泉,000005815190931
110100016139106,35,团泉村西,000005815190931
110100016139070,36,团泉变电站,000005815190931
110100016139023,37,局里,000005815190931
110100016139024,38,花木,000005815190931
110100016139025,39,九渡河东,000005815190931
110100016139107,40,九渡河中学,000005815190931
110100016139108,41,九渡河,000005815190931
110100016139109,42,九渡河信用社,000005815190931
110100016139110,43,九渡河北,000005815190931
110100016139027,44,怀柔红庙,000005815190931
110100016139028,45,黄花镇路口,000005815190931
110100016139052,46,黄花镇,000005815190931
110100016139029,47,东宫,000005815190931
110100016139062,48,西台路口,000005815190931
110100016139087,49,黄花城电管站,000005815190931
110100016139075,50,黄花城邮局,000005815190931
110100016139081,51,黄花城桥南,000005815190931
110100016139053,52,黄花城,000005815190931
110100016139076,53,黄花城水库,000005815190931
110100016139063,54,黄花城北,000005815190931
110100016139031,55,口楼,000005815190931
110100016139082,56,落凤坡,000005815190931
110100016139071,57,二道关东,000005815190931
110100016139055,58,鹞子峪,000005815190931
110100016139032,59,二道关南牌楼,000005815190931
110100016139056,60,二道关北牌楼,000005815190931
110100016139072,61,二道关,000005815190931
110100016139083,62,二道关北,000005815190931
110100016139040,63,鳞龙山,000005815190931
110100016139034,64,庙上路口,000005815190931
110100016139035,65,躺石,000005815190931
110100016139064,66,西流石,000005815190931
110100016139036,67,水泉峪,000005815190931
110100016139073,68,西坡,000005815190931
110100016139058,69,杏树台南,000005815190931
110100016139059,70,杏树台道班,000005815190931
110100016139037,71,杏树台,000005815190931
