stationId,stopNumber,stopName,lineId
900000085206001,1,天通苑北枢纽站,000007172450000
900000085206002,2,东三旗,000007172450000
900000085206003,3,平西王府路口北站,000007172450000
900000085206004,4,北七家西口,000007172450000
900000085206005,5,望都家园,000007172450000
900000085206006,6,北七家工业园区,000007172450000
900000085206007,7,北七家,000007172450000
900000085206008,8,东二旗村,000007172450000
900000085206009,9,沟自头北口,000007172450000
900000085206018,10,岭上西路北口,000007172450000
900000085206010,11,岭上西路,000007172450000
900000085206011,12,沟自头村,000007172450000
900000085206012,13,沟自头村东站,000007172450000
900000085206013,14,岭上村东站,000007172450000
900000085206014,15,蓬莱苑南街,000007172450000
900000085206015,16,鲁疃嘉园南区,000007172450000
900000085206017,17,英才南三街东口,000007172450000
