stationId,stopNumber,stopName,lineId
110100011809021,1,铁矿峪,000005815191000
110100011809022,2,铁矿峪南,000005815191000
110100011809002,3,洞台,000005815191000
110100011809023,4,响水湖路口,000005815191000
110100011809049,5,南冶村北,000005815191000
110100011809003,6,南冶,000005815191000
110100011809050,7,南冶村东,000005815191000
110100011809004,8,渤海镇政府,000005815191000
110100011809051,9,沙峪村西,000005815191000
110100011809005,10,沙峪,000005815191000
110100011809052,11,沙峪村东,000005815191000
110100011809024,12,景峪路口,000005815191000
110100011809006,13,白木,000005815191000
110100011809025,14,渤海卫生院,000005815191000
110100011809065,15,临时站,000005815191000
110100011809053,16,渤海所路口,000005815191000
110100011809037,17,渤海所,000005815191000
110100011809054,18,渤海所东,000005815191000
110100011809055,19,渤海所小学,000005815191000
110100011809062,20,得水湾西,000005815191000
110100011809038,21,得水湾,000005815191000
110100011809048,22,辛营,000005815191000
110100011809040,23,慕田峪环岛,000005815191000
110100011809041,24,苇店北,000005815191000
110100011809042,25,苇店,000005815191000
110100011809056,26,苇店南,000005815191000
110100011809057,27,马道峪北,000005815191000
110100011809043,28,马道峪,000005815191000
110100011809058,29,马道峪南,000005815191000
110100011809045,30,花台子,000005815191000
110100011809046,31,三渡河,000005815191000
110100011809031,32,三渡河村口,000005815191000
110100011809032,33,三亩园,000005815191000
110100011809013,34,关渡河,000005815191000
110100011809014,35,口头,000005815191000
110100011809064,36,东峪(临时站),000005815191000
110100011809061,37,西三村口,000005815191000
110100011809047,38,小东庄,000005815191000
110100011809016,39,郭家坞,000005815191000
110100011809017,40,怀柔北大街,000005815191000
110100011809018,41,怀柔学管中心,000005815191000
110100011809019,42,于家园一区,000005815191000
110100011809020,43,于家园,000005815191000
