stationId,stopNumber,stopName,lineId
110100014295023,1,丰葆路东口,000000058207201
110100014295003,2,世界公园,000000058207201
110100014295004,3,田何庄,000000058207201
110100014295005,4,六圈,000000058207201
110100014295006,5,科丰桥南,000000058207201
110100014295024,6,科丰桥北,000000058207201
110100014295025,7,恒富花园北门,000000058207201
110100014295026,8,怡海花园北门,000000058207201
110100014295027,9,鸿业兴园,000000058207201
110100014295028,10,四合庄,000000058207201
110100014295031,11,四合庄东,000000058207201
110100014295032,12,首经贸南路东口,000000058207201
110100014295029,13,万芳园一区,000000058207201
110100014295016,14,纪家庙,000000058207201
110100014295030,15,夏家胡同,000000058207201
110100014295017,16,玉泉营桥西,000000058207201
110100014295018,17,玉泉营桥北,000000058207201
110100014295019,18,右安门西,000000058207201
110100014295033,19,右安门东,000000058207201
110100014295034,20,开阳桥东,000000058207201
110100014295020,21,陶然亭公园南门,000000058207201
110100014295021,22,永定门西,000000058207201
110100014295022,23,永定门内,000000058207201
