stationId,stopNumber,stopName,lineId
110100013173002,1,吕营嘉园,000000058487230
110100013173003,2,四道口桥南,000000058487230
110100013173004,3,四道口桥北,000000058487230
110100013173005,4,十里河村,000000058487230
110100013173006,5,十里河桥东,000000058487230
110100013173007,6,周家庄西站,000000058487230
110100013173008,7,周庄嘉园,000000058487230
110100013173009,8,弘燕路,000000058487230
110100013173010,9,弘燕路小区,000000058487230
110100013173019,10,南新园,000000058487230
110100013173020,11,松榆东里东门,000000058487230
110100013173021,12,北京工业大学,000000058487230
110100013173022,13,北京工业大学北站,000000058487230
110100013173023,14,平乐园北,000000058487230
110100013173024,15,珠江帝景,000000058487230
110100013173025,16,大郊亭桥西,000000058487230
110100013173027,17,大郊亭桥东,000000058487230
110100013173028,18,地铁百子湾站,000000058487230
110100013173029,19,唐家村,000000058487230
