stationId,stopNumber,stopName,lineId
110100016007002,1,东直门枢纽站,000000058278720
110100016007004,2,三元桥,000000058278720
110100016007055,3,空港物流开发区南站,000000058278720
110100016007011,4,南法信,000000058278720
110100016007077,5,望泉桥东,000000058278720
110100016007012,6,顺义老年公寓,000000058278720
110100016007013,7,顺义滨河南口,000000058278720
110100016007091,8,顺义彩虹桥,000000058278720
110100016007089,9,顺义滨河小区,000000058278720
110100016007076,10,顺义东大桥,000000058278720
110100016007057,11,地铁俸伯站,000000058278720
110100016007085,12,俸伯,000000058278720
110100016007086,13,俸伯小学,000000058278720
110100016007087,14,河北村,000000058278720
110100016007088,15,南彩汽车站,000000058278720
110100016007048,16,顺义于辛庄,000000058278720
110100016007020,17,菜园子,000000058278720
110100016007049,18,杨镇三街,000000058278720
110100016007021,19,杨镇,000000058278720
110100016007022,20,杜庄,000000058278720
110100016007050,21,顺义焦各庄村,000000058278720
110100016007023,22,沙岭,000000058278720
110100016007051,23,曾庄,000000058278720
110100016007024,24,行宫,000000058278720
110100016007025,25,良善庄,000000058278720
110100016007093,26,浅山香邑小区北,000000058278720
110100016007092,27,张镇西,000000058278720
110100016007026,28,张镇,000000058278720
110100016007094,29,张镇东,000000058278720
110100016007027,30,双营,000000058278720
110100016007028,31,云峰寺,000000058278720
110100016007029,32,官庄路口,000000058278720
110100016007052,33,吉卧路口,000000058278720
110100016007030,34,大兴庄,000000058278720
110100016007031,35,鲁各庄,000000058278720
110100016007090,36,博物馆,000000058278720
110100016007068,37,平谷岳各庄,000000058278720
110100016007069,38,平谷迎宾环岛,000000058278720
110100016007070,39,平谷区医院,000000058278720
110100016007071,40,平谷世纪广场,000000058278720
110100016007110,41,平谷政府街西口,000000058278720
110100016007111,42,平谷北小区,000000058278720
110100016007112,43,平谷南小区,000000058278720
110100016007113,44,平谷滨河小区,000000058278720
110100016007114,45,东寺渠,000000058278720
110100016007115,46,园田队,000000058278720
110100016007116,47,千里马环岛,000000058278720
110100016007041,48,平谷消防队,000000058278720
110100016007075,49,平谷汽车站,000000058278720
110100016007072,50,下纸寨,000000058278720
110100016007074,51,兴谷路公交场站,000000058278720
