stationId,stopNumber,stopName,lineId
110100013655002,1,四惠枢纽站,000000058150751
110100013655028,2,陈家林,000000058150751
110100013655029,3,四惠东站,000000058150751
110100013655030,4,高碑店桥南,000000058150751
110100013655031,5,高碑店,000000058150751
110100013655032,6,高碑店南站,000000058150751
110100013655022,7,朝阳半壁店北,000000058150751
110100013655033,8,观音堂北,000000058150751
110100013655009,9,观音堂,000000058150751
110100013655034,10,古塔公园,000000058150751
110100013655010,11,王四营,000000058150751
110100013655011,12,王四营桥东,000000058150751
110100013655012,13,五方桥西,000000058150751
110100013655020,14,五方桥东,000000058150751
110100013655013,15,白鹿司,000000058150751
110100013655014,16,豆各庄桥,000000058150751
110100013655015,17,青青家园,000000058150751
