stationId,stopNumber,stopName,lineId
110100015194002,1,南彩汽车站,000000058294271
110100015194003,2,河北村,000000058294271
110100015194004,3,俸伯小学,000000058294271
110100015194005,4,俸伯,000000058294271
110100015194006,5,地铁俸伯站,000000058294271
110100015194063,6,顺义公路局,000000058294271
110100015194064,7,地铁顺义站,000000058294271
110100015194050,8,便民街西口,000000058294271
110100015194049,9,中山西街,000000058294271
110100015194014,10,顺义西门,000000058294271
110100015194015,11,前进花园,000000058294271
110100015194016,12,石门北站,000000058294271
110100015194017,13,东海洪,000000058294271
110100015194060,14,西海洪,000000058294271
110100015194061,15,东杜兰,000000058294271
110100015194018,16,杜兰庄,000000058294271
110100015194019,17,文化营,000000058294271
110100015194065,18,文化营西,000000058294271
110100015194020,19,张喜庄东口,000000058294271
110100015194021,20,张喜庄,000000058294271
110100015194022,21,前渠河,000000058294271
110100015194023,22,闫家营,000000058294271
110100015194024,23,高丽营东,000000058294271
110100015194025,24,高丽营,000000058294271
110100015194026,25,高下路口,000000058294271
110100015194027,26,赖马庄,000000058294271
110100015194028,27,大东流,000000058294271
110100015194029,28,赴任辛庄,000000058294271
110100015194062,29,常兴庄,000000058294271
110100015194030,30,葫芦河,000000058294271
110100015194031,31,大柳树路口西,000000058294271
110100015194032,32,小汤山镇政府,000000058294271
110100015194066,33,小汤山,000000058294271
110100015194033,34,小汤山街口,000000058294271
110100015194067,35,双兴苑,000000058294271
110100015194052,36,双兴苑西,000000058294271
110100015194035,37,大汤山,000000058294271
110100015194036,38,阿苏卫,000000058294271
110100015194037,39,航空博物馆,000000058294271
110100015194053,40,百善东,000000058294271
110100015194059,41,善缘小区,000000058294271
110100015194040,42,百善公交场站,000000058294271
110100015194041,43,东沙屯南,000000058294271
110100015194042,44,松兰堡,000000058294271
110100015194054,45,松兰堡西站,000000058294271
110100015194048,46,地铁沙河站,000000058294271
110100015194043,47,地铁沙河站西,000000058294271
110100015194055,48,丰善,000000058294271
110100015194044,49,路庄,000000058294271
110100015194045,50,沙河北大桥,000000058294271
110100015194046,51,沙河,000000058294271
