stationId,stopNumber,stopName,lineId
900000128393001,1,阜玉路口北,000010778546190
900000128393014,2,田村东路南口,000010778546190
900000128393002,3,畅茜园小区,000010778546190
900000128393003,4,旱河路南口,000010778546190
900000128393004,5,田村北路东口,000010778546190
900000128393005,6,四季青敬老院,000010778546190
900000128393017,7,南平庄路口南,000010778546190
900000128393006,8,四季香山小区,000010778546190
900000128393007,9,天香颐中里,000010778546190
900000128393008,10,天香颐北里,000010778546190
900000128393015,11,闵庄南路北口,000010778546190
900000128393009,12,茶棚路,000010778546190
900000128393010,13,北坞嘉园,000010778546190
900000128393011,14,北坞村西站,000010778546190
900000128393012,15,北坞村,000010778546190
900000128393013,16,颐和园西门,000010778546190
