stationId,stopNumber,stopName,lineId
110100016268085,1,燕山体育馆,000011574150961
110100016268078,2,原香嘉苑,000011574150961
110100016268003,3,洪寺村,000011574150961
110100016268004,4,洪寺村口,000011574150961
110100016268092,5,山水家园,000011574150961
110100016268005,6,房山大角东,000011574150961
110100016268006,7,房山东大街,000011574150961
110100016268007,8,房山东大桥,000011574150961
110100016268084,9,饶乐府,000011574150961
110100016268009,10,城关街道办事处,000011574150961
110100016268010,11,房山马各庄,000011574150961
110100016268011,12,大于路北口,000011574150961
110100016268012,13,大石河,000011574150961
110100016268013,14,大窦桥北,000011574150961
110100016268014,15,房山焦庄村东,000011574150961
110100016268015,16,大董村北,000011574150961
110100016268016,17,小董村,000011574150961
110100016268017,18,房山吴庄,000011574150961
110100016268018,19,新镇,000011574150961
110100016268019,20,北坊村,000011574150961
110100016268020,21,原子能研究院,000011574150961
110100016268021,22,大苑上南,000011574150961
110100016268022,23,大苑上村,000011574150961
110100016268023,24,房山沙窝,000011574150961
110100016268093,25,房山沙窝北站,000011574150961
110100016268024,26,坨里村口,000011574150961
110100016268025,27,坨里南站,000011574150961
110100016268026,28,坨里,000011574150961
110100016268027,29,坨里北站,000011574150961
110100016268028,30,化工厂家属区,000011574150961
110100016268029,31,石梯,000011574150961
110100016268096,32,青龙湖镇水峪,000011574150961
110100016268030,33,青龙湖镇水峪东,000011574150961
110100016268102,34,少年军校,000011574150961
110100016268103,35,上万南站,000011574150961
110100016268104,36,上万村,000011574150961
110100016268106,37,上万东站,000011574150961
110100016268107,38,北四位西站,000011574150961
110100016268108,39,北四位,000011574150961
110100016268109,40,南四位路口,000011574150961
110100016268133,41,常乐寺,000011574150961
110100016268134,42,文林南街,000011574150961
110100016268135,43,北洛平村,000011574150961
110100016268136,44,南洛平村,000011574150961
110100016268137,45,怪村,000011574150961
110100016268138,46,怪村公交场站,000011574150961
110100016268139,47,青龙湖镇辛庄,000011574150961
110100016268140,48,芦上坟北,000011574150961
110100016268141,49,芦上坟,000011574150961
110100016268142,50,大苑村东,000011574150961
110100016268143,51,大苑村,000011574150961
110100016268144,52,小苑村,000011574150961
110100016268047,53,北刘庄村,000011574150961
110100016268048,54,芳菲小区,000011574150961
110100016268049,55,安庄村,000011574150961
110100016268050,56,固村村口,000011574150961
110100016268051,57,北潞园东门,000011574150961
110100016268052,58,华冠购物中心,000011574150961
110100016268053,59,良乡医院,000011574150961
110100016268101,60,昊天温泉家园,000011574150961
110100016268098,61,昊蓝温泉家园,000011574150961
110100016268099,62,梅花庄新村西,000011574150961
110100016268056,63,梅花庄新村,000011574150961
110100016268057,64,智汇城创业园,000011574150961
110100016268081,65,中国社会科学院(良乡),000011574150961
110100016268100,66,文昌东路西口,000011574150961
110100016268132,67,水碾屯新村北站,000011574150961
110100016268060,68,文昌东路东口,000011574150961
