stationId,stopNumber,stopName,lineId
110100014375061,1,通州北苑路口西,000000058222590
110100014375123,2,通州北苑路口南,000000058222590
110100014375066,3,科印小区,000000058222590
110100014375060,4,日光清城,000000058222590
110100014375007,5,果园西,000000058222590
110100014375008,6,九棵树,000000058222590
110100014375156,7,地铁梨园站,000000058222590
110100014375064,8,地铁土桥站,000000058222590
110100014375011,9,张家湾开发区,000000058222590
110100014375012,10,张辛庄村,000000058222590
110100014375083,11,梁各庄村,000000058222590
110100014375014,12,武窑村,000000058222590
110100014375015,13,里二泗村,000000058222590
110100014375016,14,姚辛庄北口,000000058222590
110100014375017,15,姚辛庄南口,000000058222590
110100014375018,16,通州靛庄,000000058222590
110100014375019,17,漷县镇政府,000000058222590
110100014375045,18,绿荫小区,000000058222590
110100014375101,19,漷县村南口,000000058222590
110100014375022,20,通州田村,000000058222590
110100014375023,21,黄厂铺北口,000000058222590
110100014375024,22,黄厂铺,000000058222590
110100014375105,23,永乐店北口,000000058222590
110100014375124,24,永乐店,000000058222590
110100014375125,25,南堤寺村,000000058222590
110100014375089,26,小南地村,000000058222590
110100014375029,27,德仁务村北口,000000058222590
110100014375030,28,德仁务村,000000058222590
110100014375126,29,德仁务村南口(临时站),000000058222590
110100014375031,30,柴厂屯东口,000000058222590
110100014375032,31,三垡北口,000000058222590
110100014375075,32,三垡南口,000000058222590
110100014375034,33,小甸屯,000000058222590
110100014375154,34,小甸屯南,000000058222590
110100014375035,35,南营路口,000000058222590
110100014375142,36,廊坊开发区高速路口,000000058222590
110100014375143,37,廊坊大学城东门,000000058222590
110100014375151,38,一期公寓(临时站),000000058222590
110100014375152,39,华联超市(临时站),000000058222590
110100014375155,40,大学生管委会(临时站),000000058222590
110100014375153,41,东方大讲堂(临时站),000000058222590
110100014375147,42,廊坊大学城南门,000000058222590
110100014375148,43,四海路,000000058222590
110100014375149,44,廊坊中纺城,000000058222590
110100014375150,45,廊坊会展中心,000000058222590
110100014375135,46,廊坊站,000000058222590
