stationId,stopNumber,stopName,lineId
900000067836010,1,海淀中街北站,000005562252830
900000067836011,2,北京市地震局,000005562252830
900000067836012,3,海淀桥东,000005562252830
900000067836002,4,中关村一街,000005562252830
900000067836003,5,保福寺桥西,000005562252830
900000067836018,6,北京城市学院,000005562252830
900000067836004,7,学院桥东,000005562252830
900000067836013,8,路庄,000005562252830
900000067836014,9,丰善,000005562252830
900000067836015,10,地铁沙河站西,000005562252830
900000067836005,11,北街家园一区,000005562252830
900000067836006,12,北街家园二区东门,000005562252830
900000067836016,13,高教园北三街,000005562252830
900000067836024,14,北街家园八区北,000005562252830
