stationId,stopNumber,stopName,lineId
110100013733002,1,大鲁店南口,000000058160421
110100013733003,2,大鲁店,000000058160421
110100013733004,3,小鲁店南,000000058160421
110100013733005,4,小鲁店北,000000058160421
110100013733006,5,黑庄户,000000058160421
110100013733029,6,万子营路南口,000000058160421
110100013733031,7,地铁黑庄户站,000000058160421
110100013733007,8,万子营,000000058160421
110100013733008,9,双树村,000000058160421
110100013733022,10,苏家屯,000000058160421
110100013733023,11,双树村北,000000058160421
110100013733030,12,双桥农场,000000058160421
110100013733009,13,双桥农场北站,000000058160421
110100013733010,14,双桥中路,000000058160421
110100013733011,15,双桥中学,000000058160421
110100013733012,16,咸宁侯东站,000000058160421
110100013733013,17,咸宁侯,000000058160421
110100013733014,18,东柳,000000058160421
110100013733015,19,双桥南,000000058160421
110100013733016,20,双桥西,000000058160421
110100013733017,21,茶家坟,000000058160421
110100013733018,22,梆子井,000000058160421
110100013733019,23,高碑店桥东,000000058160421
110100013733020,24,四惠东站,000000058160421
110100013733021,25,四惠枢纽站,000000058160421
