stationId,stopNumber,stopName,lineId
110100015882002,1,左家庄,000000058199290
110100015882003,2,新源里,000000058199290
110100015882004,3,新源南路西口,000000058199290
110100015882005,4,燕莎桥西,000000058199290
110100015882006,5,燕莎桥南,000000058199290
110100015882007,6,亮马桥,000000058199290
110100015882068,7,长虹桥东,000000058199290
110100015882008,8,团结湖,000000058199290
110100015882009,9,甜水园街北口,000000058199290
110100015882010,10,朝阳公园南门,000000058199290
110100015882011,11,朝阳公园桥东,000000058199290
110100015882012,12,豆各庄路口西,000000058199290
110100015882013,13,豆各庄路口南,000000058199290
110100015882014,14,石佛营东里,000000058199290
110100015882015,15,石佛营路,000000058199290
110100015882016,16,石佛营路南口,000000058199290
110100015882017,17,十里堡北里,000000058199290
110100015882067,18,青年路口西,000000058199290
110100015882018,19,青年路口东,000000058199290
110100015882019,20,黄杉木店,000000058199290
110100015882020,21,亮马厂,000000058199290
110100015882021,22,白家楼桥东,000000058199290
110100015882022,23,地铁褡裢坡站,000000058199290
110100015882023,24,黄渠村,000000058199290
110100015882024,25,常营西站,000000058199290
110100015882025,26,常营路口东,000000058199290
110100015882042,27,地铁常营站,000000058199290
110100015882026,28,高安屯路南口,000000058199290
110100015882027,29,东十里堡村,000000058199290
110100015882028,30,地铁草房站,000000058199290
110100015882029,31,地铁草房站东,000000058199290
110100015882045,32,邓家窑,000000058199290
110100015882030,33,北京物资学院,000000058199290
110100015882043,34,天赐良园,000000058199290
110100015882031,35,北京物资学院南站,000000058199290
110100015882032,36,北京胸科医院,000000058199290
110100015882033,37,耿庄桥北,000000058199290
110100015882039,38,小潞邑,000000058199290
110100015882035,39,小潞邑北站,000000058199290
110100015882063,40,潞苑五街东口,000000058199290
110100015882064,41,友谊医院通州院区,000000058199290
110100015882065,42,苏坨新村,000000058199290
110100015882066,43,李庄佳苑,000000058199290
110100015882038,44,通州李庄,000000058199290
110100015882069,45,通州李庄北,000000058199290
110100015882070,46,疃里一区,000000058199290
