stationId,stopNumber,stopName,lineId
110100015900045,1,北京南站,000000058393480
110100015900046,2,开阳桥北,000000058393480
110100015900047,3,自新路口北,000000058393480
110100015900048,4,南横街路口西,000000058393480
110100015900049,5,教子胡同南口,000000058393480
110100015900050,6,牛街西里,000000058393480
110100015900051,7,白广路,000000058393480
110100015900052,8,枣林前街路口北,000000058393480
110100015900055,9,白广路北口,000000058393480
110100015900027,10,广安门内,000000058393480
110100015900053,11,广外关厢,000000058393480
110100015900028,12,达官营,000000058393480
110100015900029,13,湾子,000000058393480
110100015900030,14,莲花池,000000058393480
110100015900031,15,六里桥东,000000058393480
110100015900056,16,六里桥西,000000058393480
110100015900058,17,地铁六里桥站西,000000058393480
110100015900057,18,小井桥东,000000058393480
110100015900061,19,小井,000000058393480
110100015900032,20,丰台路口东,000000058393480
110100015900033,21,丰台路口西,000000058393480
110100015900060,22,丰体时代花园,000000058393480
110100015900034,23,大井,000000058393480
110100015900035,24,五里店东站,000000058393480
110100015900036,25,五里店,000000058393480
110100015900037,26,五里店西站,000000058393480
110100015900038,27,西道口,000000058393480
110100015900039,28,抗战雕塑园,000000058393480
110100015900040,29,晓月苑一里,000000058393480
110100015900041,30,晓月苑二里,000000058393480
110100015900054,31,晓月苑小区,000000058393480
