stationId,stopNumber,stopName,lineId
110100016167002,1,地铁苹果园站,000000058698791
110100016167003,2,金顶南路,000000058698791
110100016167004,3,金安桥西,000000058698791
110100016167005,4,首钢小西门,000000058698791
110100016167006,5,广宁村,000000058698791
110100016167007,6,石景山火车站,000000058698791
110100016167008,7,麻峪北口,000000058698791
110100016167009,8,侯庄子,000000058698791
110100016167034,9,龙泉花园,000000058698791
110100016167035,10,绿岛家园,000000058698791
110100016167012,11,河滩北站,000000058698791
110100016167013,12,城子,000000058698791
110100016167036,13,城子北站,000000058698791
110100016167014,14,琉璃渠,000000058698791
110100016167029,15,龙泉务,000000058698791
110100016167037,16,龙泉务北口,000000058698791
110100016167038,17,陈家庄,000000058698791
110100016167016,18,野溪,000000058698791
110100016167030,19,嬉水湾,000000058698791
110100016167039,20,陇驾庄东口,000000058698791
110100016167031,21,陇驾庄,000000058698791
110100016167032,22,陇驾庄西口,000000058698791
110100016167020,23,丁家滩,000000058698791
110100016167033,24,下苇甸村,000000058698791
110100016167040,25,下苇甸,000000058698791
110100016167043,26,下苇甸西,000000058698791
110100016167042,27,黄台村,000000058698791
110100016167041,28,岭角,000000058698791
