stationId,stopNumber,stopName,lineId
110100014267002,1,永合庄,000000058201521
110100014267028,2,永合庄东,000000058201521
110100014267003,3,看杨路南口,000000058201521
110100014267004,4,杨树庄,000000058201521
110100014267005,5,地铁看丹站,000000058201521
110100014267029,6,看丹南路,000000058201521
110100014267032,7,看丹南路西,000000058201521
110100014267033,8,洪泰路南口,000000058201521
110100014267038,9,地铁榆树庄站,000000058201521
110100014267030,10,人民村北站,000000058201521
110100014267009,11,西洪泰庄,000000058201521
110100014267010,12,南五里店,000000058201521
110100014267011,13,程庄路口东,000000058201521
110100014267012,14,丰台医院,000000058201521
110100014267037,15,正阳桥东,000000058201521
110100014267014,16,正阳大街,000000058201521
110100014267015,17,游泳场北路东口,000000058201521
110100014267031,18,丰管路,000000058201521
110100014267016,19,前泥洼,000000058201521
110100014267017,20,西管头,000000058201521
110100014267035,21,丰益桥西,000000058201521
110100014267018,22,丰益桥南,000000058201521
110100014267019,23,夏家胡同,000000058201521
110100014267020,24,玉泉营桥西,000000058201521
110100014267021,25,玉泉营桥东,000000058201521
110100014267022,26,草桥,000000058201521
110100014267023,27,万芳桥东,000000058201521
110100014267024,28,洋桥西,000000058201521
110100014267025,29,木樨园桥西,000000058201521
110100014267026,30,海户屯,000000058201521
