stationId,stopNumber,stopName,lineId
110100012947002,1,海上海花园小区,000000058407231
110100012947003,2,西马场,000000058407231
110100012947004,3,西马小区,000000058407231
110100012947014,4,角门南站,000000058407231
110100012947030,5,马家堡中路南口,000000058407231
110100012947031,6,马家堡中路,000000058407231
110100012947010,7,嘉园二里南门,000000058407231
110100012947011,8,嘉园二里西门,000000058407231
110100012947012,9,嘉园一里,000000058407231
110100012947015,10,福宜街东口,000000058407231
110100012947016,11,福宜街,000000058407231
110100012947017,12,中顶村,000000058407231
110100012947018,13,西铁营,000000058407231
110100012947019,14,玉林西路,000000058407231
110100012947020,15,大观园西,000000058407231
110100012947021,16,白纸坊桥南,000000058407231
110100012947022,17,白纸坊桥西,000000058407231
110100012947023,18,莲花晴园,000000058407231
110100012947024,19,红莲南里,000000058407231
110100012947025,20,红莲南路,000000058407231
110100012947026,21,红莲南路西口,000000058407231
110100012947027,22,戎晖嘉园,000000058407231
110100012947028,23,茶马北街,000000058407231
110100012947029,24,马连道,000000058407231
