stationId,stopNumber,stopName,lineId
110100016092073,1,采育公交场站,000009468027991
110100016092007,2,采育南口,000009468027991
110100016092052,3,波尔多小区,000009468027991
110100016092053,4,育星苑小区,000009468027991
110100016092070,5,福源路口,000009468027991
110100016092071,6,采育东街,000009468027991
110100016092072,7,采育中街,000009468027991
110100016092008,8,采育,000009468027991
110100016092009,9,西一村,000009468027991
110100016092010,10,朱庄,000009468027991
110100016092011,11,永和庄,000009468027991
110100016092012,12,公和庄,000009468027991
110100016092075,13,西杭子,000009468027991
110100016092013,14,马凤岗,000009468027991
110100016092014,15,鲍新庄北口,000009468027991
110100016092015,16,东店,000009468027991
110100016092078,17,青云店东站,000009468027991
110100016092079,18,青云店西站,000009468027991
110100016092019,19,大兴沙子营,000009468027991
110100016092020,20,高庄,000009468027991
110100016092021,21,伊庄,000009468027991
110100016092022,22,大兴王各庄,000009468027991
110100016092023,23,魏善庄村,000009468027991
110100016092024,24,魏善庄,000009468027991
110100016092082,25,魏善庄开发区,000009468027991
110100016092026,26,西芦垡村,000009468027991
110100016092027,27,桂郭路口南,000009468027991
110100016092076,28,侯村南,000009468027991
110100016092028,29,侯村,000009468027991
110100016092029,30,西磁各庄,000009468027991
110100016092030,31,磁各庄桥南,000009468027991
110100016092031,32,孙村桥,000009468027991
110100016092032,33,刘村,000009468027991
110100016092033,34,海子角北口,000009468027991
110100016092034,35,大兴桥北,000009468027991
110100016092035,36,兴政街东口,000009468027991
110100016092036,37,黄村东大街东口,000009468027991
110100016092037,38,大兴影剧院,000009468027991
110100016092038,39,黄村西大街,000009468027991
110100016092039,40,化纤俱乐部,000009468027991
110100016092040,41,清源西里,000009468027991
110100016092041,42,兴华园,000009468027991
110100016092042,43,大兴小营,000009468027991
110100016092043,44,洪村,000009468027991
110100016092044,45,康和园小区南,000009468027991
110100016092045,46,北京八中大兴分校,000009468027991
110100016092046,47,骏城小区,000009468027991
110100016092047,48,康盛园小区东,000009468027991
110100016092048,49,康盛园小区北,000009468027991
110100016092081,50,金地仰山西区,000009468027991
110100016092049,51,枣园路西口,000009468027991
110100016092077,52,丽园路西口,000009468027991
110100016092051,53,丽园路公交场站,000009468027991
