stationId,stopNumber,stopName,lineId
110100012837058,1,延庆镇社区卫生服务中心,000007444772231
110100012837059,2,国际会展中心,000007444772231
110100012837060,3,妫水北街北,000007444772231
110100012837061,4,妫水北街南,000007444772231
110100012837035,5,延庆东关,000007444772231
110100012837062,6,南菜园北二区,000007444772231
110100012837063,7,延庆中医院,000007444772231
110100012837071,8,博园雅居东,000007444772231
110100012837064,9,岳家营路口,000007444772231
110100012837065,10,西杏园村,000007444772231
110100012837066,11,东杏园村,000007444772231
110100012837028,12,东杏园南,000007444772231
110100012837026,13,东桑园,000007444772231
110100012837016,14,簸箕营,000007444772231
110100012837017,15,新宝庄路口,000007444772231
110100012837018,16,新宝庄村,000007444772231
110100012837029,17,小浮坨北,000007444772231
110100012837019,18,小浮坨,000007444772231
110100012837050,19,小浮坨新村,000007444772231
110100012837055,20,程家窑,000007444772231
110100012837056,21,军训基地,000007444772231
110100012837057,22,八达岭小学,000007444772231
110100012837054,23,东曹营路口,000007444772231
110100012837024,24,西拨子,000007444772231
110100012837067,25,营城子小区,000007444772231
110100012837068,26,程家窑小区,000007444772231
110100012837072,27,西拨子村南,000007444772231
110100012837069,28,南园小区,000007444772231
110100012837070,29,八达岭古长城景区,000007444772231
