stationId,stopNumber,stopName,lineId
110100015824031,1,通州西站,000000058536430
110100015824002,2,通州北苑路口西,000000058536430
110100015824003,3,通州北苑路口南,000000058536430
110100015824004,4,科印小区,000000058536430
110100015824005,5,翠屏西路北口,000000058536430
110100015824033,6,新华联家园东,000000058536430
110100015824006,7,新华联家园,000000058536430
110100015824007,8,怡乐中路北口,000000058536430
110100015824008,9,怡乐北街,000000058536430
110100015824009,10,西总屯,000000058536430
110100015824010,11,东总屯,000000058536430
110100015824011,12,翠屏南里,000000058536430
110100015824012,13,西小马,000000058536430
110100015824013,14,龙鼎家园,000000058536430
110100015824014,15,日新路北口,000000058536430
110100015824015,16,万盛北里,000000058536430
110100015824016,17,万盛中二街,000000058536430
110100015824017,18,桃花岛小区,000000058536430
110100015824018,19,群芳二园,000000058536430
110100015824019,20,东小马,000000058536430
110100015824020,21,颐瑞西里,000000058536430
110100015824021,22,颐瑞中二路,000000058536430
110100015824032,23,颐瑞中二路北口,000000058536430
110100015824022,24,地铁土桥站,000000058536430
110100015824023,25,临河里路南口,000000058536430
110100015824024,26,临河里路,000000058536430
110100015824025,27,临河里路北口,000000058536430
110100015824026,28,玉桥中路南口,000000058536430
110100015824027,29,通州三间房,000000058536430
110100015824028,30,梨园北街,000000058536430
110100015824029,31,玉桥东路,000000058536430
110100015824030,32,乔庄,000000058536430
