stationId,stopNumber,stopName,lineId
110100013988002,1,吴庄公交场站,000000058497931
110100013988023,2,吴庄,000000058497931
110100013988003,3,吴家村路西口,000000058497931
110100013988004,4,吴家村,000000058497931
110100013988005,5,吴家村路东口,000000058497931
110100013988006,6,大成路西口,000000058497931
110100013988007,7,大成里,000000058497931
110100013988008,8,青塔西路北站,000000058497931
110100013988009,9,青塔西路,000000058497931
110100013988010,10,梅市口路,000000058497931
110100013988011,11,梅市口路东口,000000058497931
110100013988012,12,岳各庄桥北,000000058497931
110100013988013,13,丰台路口东,000000058497931
110100013988014,14,小井,000000058497931
110100013988015,15,小井润园,000000058497931
110100013988024,16,小井润园南,000000058497931
110100013988016,17,望园东里,000000058497931
110100013988017,18,丰北桥东,000000058497931
110100013988018,19,七里庄,000000058497931
110100013988019,20,丰台北路,000000058497931
110100013988020,21,地铁西局站,000000058497931
110100013988021,22,丽泽桥西,000000058497931
110100013988022,23,丽泽桥,000000058497931
