stationId,stopNumber,stopName,lineId
110100014172002,1,黄村火车站,000000058178851
110100014172003,2,黄村火车站东,000000058178851
110100014172004,3,兴丰街南口,000000058178851
110100014172005,4,黄村西大街,000000058178851
110100014172006,5,化纤俱乐部,000000058178851
110100014172007,6,清源西里,000000058178851
110100014172008,7,枣园小区,000000058178851
110100014172009,8,丽园路口北,000000058178851
110100014172010,9,枣园路口北,000000058178851
110100014172011,10,北京八中大兴分校,000000058178851
110100014172012,11,骏城小区,000000058178851
110100014172013,12,康盛园小区东,000000058178851
110100014172014,13,黄村兴盛街,000000058178851
110100014172015,14,香留园小区,000000058178851
110100014172016,15,香留园小区北,000000058178851
110100014172017,16,金惠园北门,000000058178851
110100014172018,17,青岛嘉园北门,000000058178851
110100014172019,18,地铁高米店北站,000000058178851
110100014172020,19,兴华桥南,000000058178851
110100014172021,20,西红门西站,000000058178851
110100014172022,21,欣和街南口,000000058178851
110100014172023,22,欣和街口,000000058178851
110100014172024,23,兴海公园,000000058178851
110100014172025,24,兴海学校,000000058178851
110100014172026,25,宏福路东口,000000058178851
110100014172027,26,西红门北站,000000058178851
110100014172028,27,玉泉营桥西,000000058178851
110100014172029,28,夏家胡同,000000058178851
110100014172039,29,丰益桥北,000000058178851
110100014172050,30,丽泽桥东,000000058178851
110100014172052,31,三路居,000000058178851
110100014172051,32,中国戏曲学院,000000058178851
110100014172043,33,菜户营桥西,000000058178851
