stationId,stopNumber,stopName,lineId
110100014447002,1,马村公交场站,000000058242121
110100014447003,2,马村,000000058242121
110100014447129,3,八家路口,000000058242121
110100014447066,4,新立村西,000000058242121
110100014447073,5,新立村,000000058242121
110100014447072,6,新立村东,000000058242121
110100014447006,7,罗奇营西,000000058242121
110100014447007,8,罗奇营,000000058242121
110100014447008,9,念坛,000000058242121
110100014447009,10,天水大街北口,000000058242121
110100014447010,11,盛源桥东,000000058242121
110100014447062,12,兴良路东口,000000058242121
110100014447121,13,林校路南口,000000058242121
110100014447012,14,漪景园,000000058242121
110100014447013,15,大兴七街桥南,000000058242121
110100014447014,16,大兴七街,000000058242121
110100014447015,17,林校路北口,000000058242121
110100014447016,18,大兴桥北,000000058242121
110100014447017,19,兴政街东口,000000058242121
110100014447018,20,黄村东大街东口,000000058242121
110100014447019,21,大兴影剧院,000000058242121
110100014447020,22,黄村西大街,000000058242121
110100014447021,23,三合南里,000000058242121
110100014447022,24,三合庄,000000058242121
110100014447023,25,清源西路,000000058242121
110100014447024,26,永兴庄北,000000058242121
110100014447071,27,清源公园北门,000000058242121
110100014447025,28,芦城南口,000000058242121
110100014447063,29,黄鹅路,000000058242121
110100014447026,30,芦城,000000058242121
110100014447027,31,芦城西口,000000058242121
110100014447028,32,郝庄子南,000000058242121
110100014447029,33,郝庄子,000000058242121
110100014447126,34,郝庄子北,000000058242121
110100014447127,35,芦东路南口,000000058242121
110100014447128,36,东方时尚驾校东门,000000058242121
110100014447125,37,狼垡东桥北,000000058242121
110100014447105,38,长丰园二区,000000058242121
110100014447106,39,长丰园一区,000000058242121
110100014447107,40,公交驾校,000000058242121
110100014447108,41,芦花中路,000000058242121
110100014447109,42,芦花路,000000058242121
110100014447117,43,小葆台南,000000058242121
110100014447110,44,小葆台,000000058242121
110100014447111,45,地铁大葆台站,000000058242121
110100014447038,46,世界公园,000000058242121
110100014447039,47,田何庄,000000058242121
110100014447040,48,六圈,000000058242121
110100014447041,49,科丰桥南,000000058242121
110100014447042,50,科丰桥北,000000058242121
110100014447043,51,韩庄子南,000000058242121
110100014447044,52,看丹桥,000000058242121
110100014447045,53,正阳桥北,000000058242121
110100014447046,54,北大地,000000058242121
110100014447047,55,岔路口,000000058242121
110100014447048,56,七里庄,000000058242121
