stationId,stopNumber,stopName,lineId
110100014152002,1,阜成门内,000000058546680
110100014152003,2,阜成门,000000058546680
110100014152004,3,阜成门外,000000058546680
110100014152005,4,展览路,000000058546680
110100014152006,5,阜外西口,000000058546680
110100014152007,6,甘家口东,000000058546680
110100014152008,7,白堆子口东,000000058546680
110100014152009,8,首体南路南口,000000058546680
110100014152010,9,四道口南,000000058546680
110100014152011,10,外文印刷厂,000000058546680
110100014152012,11,老虎庙,000000058546680
110100014152013,12,花园桥东,000000058546680
110100014152014,13,首都师范大学北门,000000058546680
110100014152015,14,慈寿寺桥,000000058546680
110100014152016,15,地铁慈寿寺站,000000058546680
110100014152027,16,恩济里小区北,000000058546680
110100014152017,17,地铁海淀五路居站,000000058546680
110100014152018,18,五路桥,000000058546680
110100014152019,19,营慧寺,000000058546680
110100014152020,20,四季青桥南,000000058546680
110100014152021,21,四季青桥西,000000058546680
110100014152022,22,佟家坟,000000058546680
110100014152023,23,海淀区残联,000000058546680
110100014152024,24,四季香山小区,000000058546680
110100014152025,25,天香颐中里,000000058546680
110100014152026,26,天香颐北里,000000058546680
110100014152028,27,小屯,000000058546680
110100014152029,28,门头新村,000000058546680
110100014152030,29,清华育才实验学校,000000058546680
110100014152031,30,师达中学,000000058546680
110100014152032,31,瑞王坟,000000058546680
110100014152033,32,门头村,000000058546680
110100014152034,33,西山国家森林公园,000000058546680
