stationId,stopNumber,stopName,lineId
900000038309001,1,经海七路公交场站,000000058362751
900000038309002,2,枢密院西门,000000058362751
900000038309003,3,经海七路北口,000000058362751
900000038309004,4,梧桐公园,000000058362751
900000038309005,5,小康小区,000000058362751
900000038309006,6,小羊坊,000000058362751
900000038309007,7,小羊坊西口,000000058362751
900000038309008,8,横街子,000000058362751
900000038309009,9,十八里店环岛,000000058362751
900000038309010,10,十八里店南站,000000058362751
900000038309011,11,十八里店,000000058362751
900000038309012,12,小武基桥北,000000058362751
900000038309013,13,弘燕桥西,000000058362751
900000038309014,14,弘燕路小区,000000058362751
900000038309033,15,南新园,000000058362751
900000038309034,16,松榆东里南门,000000058362751
900000038309035,17,松榆里,000000058362751
900000038309031,18,首都图书馆,000000058362751
900000038309032,19,十里河桥北,000000058362751
900000038309020,20,十里河桥西,000000058362751
900000038309021,21,弘善家园,000000058362751
900000038309027,22,弘善家园西站,000000058362751
900000038309037,23,弘善家园公交场站,000000058362751
