stationId,stopNumber,stopName,lineId
900000099989008,1,地铁丰台科技园站,000008463443940
900000099989009,2,总部基地金融港,000008463443940
900000099989010,3,总部基地六区,000008463443940
900000099989011,4,海鹰路口,000008463443940
900000099989012,5,航丰路口,000008463443940
900000099989013,6,中核路口东,000008463443940
900000099989014,7,内环西路北口,000008463443940
900000099989021,8,地铁看丹站,000008463443940
900000099989022,9,看丹南路,000008463443940
900000099989023,10,看丹南路西,000008463443940
900000099989024,11,地铁榆树庄站,000008463443940
900000099989015,12,抗战雕塑园,000008463443940
900000099989016,13,晓月苑一里,000008463443940
900000099989017,14,晓月苑二里,000008463443940
900000099989018,15,晓月苑小区,000008463443940
900000099989019,16,晓月苑八里,000008463443940
900000099989020,17,晓月苑公交场站,000008463443940
