stationId,stopNumber,stopName,lineId
110100014094040,1,郝家府公交场站,000000058533241
110100014094037,2,通州杨坨桥西,000000058533241
110100014094002,3,京东运乔建材城,000000058533241
110100014094003,4,运乔嘉园,000000058533241
110100014094004,5,乔庄,000000058533241
110100014094005,6,玉桥东路,000000058533241
110100014094006,7,幸福艺居小区,000000058533241
110100014094007,8,玉桥东里,000000058533241
110100014094008,9,梨园东里南区,000000058533241
110100014094036,10,梨园南街西口,000000058533241
110100014094009,11,通州小街桥东站,000000058533241
110100014094010,12,地铁梨园站,000000058533241
110100014094011,13,杨家洼,000000058533241
110100014094012,14,九棵树站,000000058533241
110100014094038,15,地铁九棵树站,000000058533241
110100014094013,16,果园北,000000058533241
110100014094014,17,潞河医院,000000058533241
110100014094015,18,通州佟麟阁大街,000000058533241
110100014094016,19,岳庄,000000058533241
110100014094017,20,皇木厂,000000058533241
110100014094018,21,北京胸科医院,000000058533241
110100014094019,22,物资学院路南口,000000058533241
110100014094020,23,天赐良园,000000058533241
110100014094021,24,北京物资学院,000000058533241
110100014094030,25,邓家窑,000000058533241
110100014094022,26,地铁草房站东,000000058533241
110100014094023,27,地铁草房站,000000058533241
110100014094024,28,东十里堡村,000000058533241
110100014094029,29,高安屯路南口,000000058533241
110100014094031,30,地铁常营站,000000058533241
110100014094025,31,常营路口东,000000058533241
110100014094032,32,常营,000000058533241
110100014094039,33,常营中路,000000058533241
110100014094033,34,常营民族家园,000000058533241
110100014094034,35,常营中路西口,000000058533241
110100014094035,36,黄渠东路北口,000000058533241
110100014094028,37,苹果派小区,000000058533241
