stationId,stopNumber,stopName,lineId
110100015766002,1,甘露园北,000000058348231
110100015766003,2,甘露园,000000058348231
110100015766004,3,十里堡,000000058348231
110100015766005,4,东八里庄,000000058348231
110100015766006,5,慈云寺,000000058348231
110100015766007,6,英家坟,000000058348231
110100015766033,7,红庙路口东,000000058348231
110100015766008,8,红庙路口北,000000058348231
110100015766009,9,金台路口南,000000058348231
110100015766034,10,金台路口北,000000058348231
110100015766010,11,甜水园北里,000000058348231
110100015766011,12,甜水园街北口,000000058348231
110100015766012,13,景园北站,000000058348231
110100015766013,14,朝阳公园西门,000000058348231
110100015766014,15,枣营,000000058348231
110100015766015,16,枣营北站,000000058348231
110100015766016,17,安家楼西,000000058348231
110100015766017,18,燕莎桥东,000000058348231
110100015766018,19,三元桥南,000000058348231
110100015766019,20,静安庄,000000058348231
110100015766020,21,西坝河,000000058348231
110100015766021,22,太阳宫桥,000000058348231
110100015766035,23,和平东桥北,000000058348231
110100015766022,24,中日医院,000000058348231
110100015766023,25,对外经贸大学,000000058348231
110100015766024,26,惠新东桥南,000000058348231
110100015766036,27,惠新东桥西,000000058348231
110100015766032,28,安慧桥东,000000058348231
110100015766026,29,安慧桥北,000000058348231
110100015766027,30,炎黄艺术馆,000000058348231
110100015766028,31,大屯南,000000058348231
110100015766029,32,豹房,000000058348231
110100015766037,33,北辰东路北站,000000058348231
110100015766030,34,北辰东路,000000058348231
110100015766031,35,国家体育场东,000000058348231
