stationId,stopNumber,stopName,lineId
110100014268002,1,木樨园,000000058201970
110100014268003,2,木樨园桥西,000000058201970
110100014268004,3,洋桥西,000000058201970
110100014268005,4,草桥,000000058201970
110100014268006,5,玉泉营桥南,000000058201970
110100014268007,6,马家楼桥北,000000058201970
110100014268008,7,新发地北,000000058201970
110100014268009,8,九龙山庄,000000058201970
110100014268031,9,西红门北站,000000058201970
110100014268032,10,西红门南站,000000058201970
110100014268012,11,郁花园,000000058201970
110100014268013,12,高米店,000000058201970
110100014268014,13,康庄路东口,000000058201970
110100014268033,14,福海路西口,000000058201970
110100014268015,15,滨河东里,000000058201970
110100014268016,16,清源路东口,000000058201970
110100014268017,17,团河路西口,000000058201970
110100014268018,18,黄村东大街东口南,000000058201970
110100014268019,19,兴政街东口,000000058201970
110100014268020,20,大兴桥东,000000058201970
110100014268021,21,海子角北口,000000058201970
110100014268022,22,刘村,000000058201970
110100014268023,23,刘村东口,000000058201970
110100014268024,24,邢各庄,000000058201970
110100014268034,25,邢各庄南站,000000058201970
110100014268025,26,大兴李村,000000058201970
110100014268026,27,桂村,000000058201970
