stationId,stopNumber,stopName,lineId
110100016262098,1,篱笆房客运站,000010727758160
110100016262100,2,芭蕾雨悦都小区,000010727758160
110100016262101,3,清雅小区,000010727758160
110100016262102,4,篱笆房,000010727758160
110100016262103,5,昊天北桥东,000010727758160
110100016262004,6,昊天北桥南,000010727758160
110100016262005,7,长阳碧桂园,000010727758160
110100016262085,8,黄辛庄路口,000010727758160
110100016262006,9,送变电公司路口西,000010727758160
110100016262007,10,行宫南门路口,000010727758160
110100016262084,11,良乡北关西,000010727758160
110100016262009,12,西潞园,000010727758160
110100016262010,13,良乡西门,000010727758160
110100016262014,14,西潞南大街,000010727758160
110100016262015,15,地铁良乡南关站西,000010727758160
110100016262076,16,苏庄东街南口,000010727758160
110100016262081,17,地铁苏庄站,000010727758160
110100016262077,18,苏庄西街南口,000010727758160
110100016262078,19,阎村桥,000010727758160
110100016262017,20,阎村,000010727758160
110100016262018,21,紫草坞路口,000010727758160
110100016262019,22,大董村,000010727758160
110100016262020,23,大石河,000010727758160
110100016262021,24,房山马各庄,000010727758160
110100016262022,25,城关街道办事处,000010727758160
110100016262023,26,饶乐府,000010727758160
110100016262024,27,房山东大桥,000010727758160
110100016262025,28,地铁房山城关站,000010727758160
110100016262079,29,万宁桥,000010727758160
110100016262080,30,仓房小区,000010727758160
110100016262028,31,房山南关立交桥北,000010727758160
110100016262029,32,房山南关立交桥南,000010727758160
110100016262030,33,顾册,000010727758160
110100016262031,34,周口村路口,000010727758160
110100016262032,35,周口店路口,000010727758160
110100016262106,36,龙乡苑,000010727758160
110100016262033,37,大韩继,000010727758160
110100016262105,38,周口店镇辛庄,000010727758160
110100016262035,39,新街,000010727758160
110100016262036,40,龙宝峪,000010727758160
110100016262037,41,南韩继,000010727758160
110100016262038,42,瓦井,000010727758160
110100016262039,43,东周各庄,000010727758160
110100016262040,44,尤家坟,000010727758160
110100016262041,45,育才学校房山分校,000010727758160
110100016262042,46,房山岳各庄,000010727758160
110100016262043,47,五侯路口,000010727758160
110100016262044,48,二龙岗,000010727758160
110100016262045,49,长沟检查站,000010727758160
110100016262046,50,长沟沿村,000010727758160
110100016262047,51,云居寺路东口,000010727758160
110100016262048,52,长沟中学,000010727758160
110100016262049,53,长沟镇政府,000010727758160
110100016262050,54,长沟,000010727758160
110100016262051,55,长沟南站,000010727758160
110100016262052,56,北良各庄路口,000010727758160
110100016262053,57,北正东,000010727758160
110100016262054,58,北正,000010727758160
110100016262055,59,南正东,000010727758160
110100016262056,60,南正西,000010727758160
110100016262057,61,大石窝镇半壁店,000010727758160
110100016262058,62,大石窝镇纸房路口,000010727758160
110100016262059,63,大石窝镇政府,000010727758160
110100016262104,64,石窝,000010727758160
110100016262099,65,大石窝公交场站,000010727758160
