stationId,stopNumber,stopName,lineId
900000032518033,1,庆丰公园,000000058288750
900000032518034,2,双井桥南,000000058288750
900000032518029,3,潘家园桥北,000000058288750
900000032518028,4,松榆东里南门,000000058288750
900000032518032,5,香河北收费站,000000058288750
900000032518022,6,白鹭岛,000000058288750
900000032518024,7,五一路北口,000000058288750
900000032518023,8,香河新华大街西口,000000058288750
900000032518026,9,淑阳大街西口,000000058288750
900000032518021,10,香河公安局,000000058288750
900000032518008,11,香河家具城西口,000000058288750
900000032518009,12,香河迎宾路南口,000000058288750
900000032518010,13,香河家具城东口,000000058288750
900000032518011,14,香河新开街东口,000000058288750
900000032518030,15,安抚寨村,000000058288750
900000032518031,16,香河白庙村南口,000000058288750
900000032518014,17,香河总站,000000058288750
