stationId,stopNumber,stopName,lineId
110100013432002,1,惠新东桥南,000000058397350
110100013432003,2,对外经贸大学北,000000058397350
110100013432004,3,惠新里,000000058397350
110100013432005,4,安苑路,000000058397350
110100013432006,5,安苑东里,000000058397350
110100013432007,6,奥体东门,000000058397350
110100013432008,7,安贞里,000000058397350
110100013432009,8,安贞桥北,000000058397350
110100013432010,9,安外甘水桥,000000058397350
110100013432011,10,蒋宅口,000000058397350
110100013432012,11,地坛体育馆,000000058397350
110100013432013,12,地坛西门,000000058397350
110100013432014,13,雍和宫桥东,000000058397350
110100013432015,14,北小街豁口,000000058397350
110100013432022,15,东直门北,000000058397350
110100013432016,16,香河园路西口,000000058397350
110100013432017,17,香河园,000000058397350
110100013432018,18,左家庄,000000058397350
110100013432019,19,三元桥西站,000000058397350
110100013432020,20,静安庄东,000000058397350
110100013432021,21,国际展览中心,000000058397350
