stationId,stopNumber,stopName,lineId
900000092941006,1,东小营公交场站,000007760098470
900000092941012,2,东小营,000007760098470
900000092941013,3,春明西路,000007760098470
900000092941014,4,朗清园东站,000007760098470
900000092941015,5,朗清园西站,000007760098470
900000092941016,6,东夏园路口南,000007760098470
900000092941004,7,地铁东夏园站,000007760098470
900000092941005,8,地铁郝家府站,000007760098470
900000092941021,9,通州杨坨桥西,000007760098470
900000092941019,10,滨河中路南口,000007760098470
900000092941008,11,梨园南街东口,000007760098470
900000092941020,12,净水东路北口,000007760098470
900000092941009,13,梨园南街,000007760098470
900000092941010,14,玉桥东里南门,000007760098470
900000092941011,15,临河里路北口,000007760098470
900000092941017,16,净水街,000007760098470
900000092941018,17,梨园路南口,000007760098470
900000092941002,18,地铁临河里站,000007760098470
