stationId,stopNumber,stopName,lineId
110100013803033,1,安定门,000000058355430
110100013803002,2,地坛西门,000000058355430
110100013803003,3,兴化路南口,000000058355430
110100013803004,4,和平西桥南,000000058355430
110100013803005,5,和平西桥北,000000058355430
110100013803006,6,惠新西街南口,000000058355430
110100013803007,7,惠新西街,000000058355430
110100013803029,8,惠新西桥,000000058355430
110100013803008,9,慧忠路东口,000000058355430
110100013803028,10,地铁大屯路东站,000000058355430
110100013803023,11,北苑路大屯北站,000000058355430
110100013803026,12,辛店村,000000058355430
110100013803010,13,北苑,000000058355430
110100013803031,14,大羊坊,000000058355430
110100013803024,15,立水桥北站,000000058355430
110100013803012,16,地铁立水桥站,000000058355430
110100013803013,17,东小口,000000058355430
110100013803014,18,丽水园,000000058355430
110100013803015,19,天通苑太平庄,000000058355430
110100013803025,20,地铁天通苑站,000000058355430
110100013803017,21,东三旗,000000058355430
110100013803018,22,平西王府路口北,000000058355430
110100013803019,23,平坊,000000058355430
110100013803020,24,东沙各庄公交场站,000000058355430
