stationId,stopNumber,stopName,lineId
110100014648048,1,首发物流,000011574150531
110100014648049,2,苏庄西街南口,000011574150531
110100014648050,3,地铁苏庄站,000011574150531
110100014648051,4,苏庄东街南口,000011574150531
110100014648052,5,房山区政府第二办公区,000011574150531
110100014648053,6,地铁良乡南关站西,000011574150531
110100014648054,7,西潞南大街,000011574150531
110100014648055,8,良乡西门,000011574150531
110100014648056,9,苏庄东街北口,000011574150531
110100014648057,10,月华小区,000011574150531
110100014648058,11,北潞园,000011574150531
110100014648059,12,良坨路口,000011574150531
110100014648060,13,良乡体育中心,000011574150531
110100014648061,14,渔儿沟村,000011574150531
110100014648106,15,房山法院站,000011574150531
110100014648063,16,房山区政府,000011574150531
110100014648064,17,行宫小区南门,000011574150531
110100014648065,18,行宫南门路口,000011574150531
110100014648066,19,良乡北关,000011574150531
110100014648067,20,良乡医院,000011574150531
110100014648068,21,良乡大角,000011574150531
110100014648069,22,拱辰南大街,000011574150531
110100014648070,23,地铁良乡南关站东,000011574150531
110100014648071,24,昊天嘉园,000011574150531
110100014648072,25,地铁良乡大学城西站,000011574150531
110100014648073,26,东羊庄,000011574150531
110100014648100,27,阳光南大街,000011574150531
110100014648074,28,北京工商大学(良乡),000011574150531
110100014648075,29,北京中医药大学(良乡),000011574150531
110100014648101,30,学园南街南口,000011574150531
110100014648076,31,首都师范大学西门(良乡),000011574150531
110100014648077,32,理工睿府,000011574150531
110100014648078,33,地铁良乡大学城站,000011574150531
110100014648103,34,卓秀北街,000011574150531
110100014648104,35,卓秀北街北口,000011574150531
110100014648080,36,地铁良乡大学城北站,000011574150531
110100014648081,37,金地朗悦,000011574150531
110100014648082,38,水碾屯新村,000011574150531
110100014648083,39,水碾屯新村北站,000011574150531
110100014648105,40,文昌东路西口,000011574150531
110100014648108,41,中国社会科学院(良乡),000011574150531
110100014648109,42,智汇城创业园,000011574150531
110100014648111,43,东羊庄新村,000011574150531
110100014648088,44,良乡伟业嘉园,000011574150531
110100014648089,45,昊天公园南门,000011574150531
110100014648090,46,良乡东关,000011574150531
110100014648091,47,良乡大角,000011574150531
110100014648092,48,良乡西门,000011574150531
110100014648093,49,西潞南大街,000011574150531
110100014648094,50,地铁良乡南关站西,000011574150531
110100014648095,51,房山区政府第二办公区,000011574150531
110100014648096,52,苏庄东街南口,000011574150531
110100014648097,53,地铁苏庄站,000011574150531
110100014648098,54,苏庄西街南口,000011574150531
110100014648099,55,首发物流,000011574150531
