stationId,stopNumber,stopName,lineId
110100015775002,1,团结湖,000000058354761
110100015775023,2,长虹桥西,000000058354761
110100015775024,3,三里屯,000000058354761
110100015775025,4,工人体育场,000000058354761
110100015775026,5,朝阳医院,000000058354761
110100015775006,6,东大桥路口北,000000058354761
110100015775007,7,芳草地,000000058354761
110100015775008,8,芳草地南,000000058354761
110100015775009,9,永安里路口西,000000058354761
110100015775010,10,日坛路,000000058354761
110100015775011,11,建国门南,000000058354761
110100015775012,12,东便门,000000058354761
110100015775013,13,崇文门东,000000058354761
110100015775014,14,花市路口南,000000058354761
110100015775015,15,磁器口南,000000058354761
110100015775016,16,法华寺,000000058354761
110100015775017,17,东侧路,000000058354761
110100015775018,18,蒲黄榆,000000058354761
110100015775019,19,刘家窑桥北,000000058354761
110100015775020,20,横七条,000000058354761
110100015775021,21,五间楼,000000058354761
