stationId,stopNumber,stopName,lineId
110100013921027,1,石府路,000000058323981
110100013921028,2,石府路东,000000058323981
110100013921029,3,石府路西,000000058323981
110100013921002,4,石景山高井,000000058323981
110100013921003,5,高井路口西,000000058323981
110100013921005,6,模式口西里,000000058323981
110100013921006,7,首钢小区,000000058323981
110100013921030,8,模式口南里,000000058323981
110100013921007,9,金顶北路,000000058323981
110100013921033,10,金顶北街,000000058323981
110100013921009,11,模式口东里,000000058323981
110100013921034,12,福寿岭,000000058323981
110100013921010,13,绍家坡,000000058323981
110100013921031,14,雍王府,000000058323981
110100013921011,15,八大处南站,000000058323981
110100013921012,16,杏石口,000000058323981
110100013921035,17,西下庄西,000000058323981
110100013921036,18,工人疗养院,000000058323981
