stationId,stopNumber,stopName,lineId
110100014892002,1,造甲村东,000007828236221
110100014892003,2,新村,000007828236221
110100014892004,3,四合庄,000007828236221
110100014892049,4,花乡桥北,000007828236221
110100014892005,5,花乡桥,000007828236221
110100014892006,6,花乡桥东,000007828236221
110100014892007,7,黄土岗,000007828236221
110100014892008,8,玉泉营桥北,000007828236221
110100014892009,9,菜户营桥东,000007828236221
110100014892010,10,大观园,000007828236221
110100014892011,11,右安门西,000007828236221
110100014892012,12,右安门东,000007828236221
110100014892050,13,开阳桥东,000007828236221
110100014892013,14,陶然亭公园南门,000007828236221
110100014892014,15,永定门西,000007828236221
110100014892051,16,永定门内,000007828236221
110100014892052,17,先农坛,000007828236221
110100014892048,18,天坛西门,000007828236221
