stationId,stopNumber,stopName,lineId
110100015720002,1,长陵,000000058420180
110100015720003,2,定陵,000000058420180
110100015720004,3,定陵道口,000000058420180
110100015720005,4,七孔桥,000000058420180
110100015720006,5,昌平胡庄,000000058420180
110100015720020,6,昌平王庄,000000058420180
110100015720007,7,南新村,000000058420180
110100015720008,8,大宫门,000000058420180
110100015720009,9,昌平涧头村,000000058420180
110100015720010,10,明皇蜡像宫东门,000000058420180
110100015720011,11,昌平西关,000000058420180
110100015720012,12,西环中路,000000058420180
110100015720013,13,西环北路,000000058420180
110100015720014,14,昌平北站西,000000058420180
110100015720019,15,东环北路北口,000000058420180
110100015720016,16,东环北路,000000058420180
110100015720017,17,中国政法大学(昌平),000000058420180
110100015720018,18,昌平东关,000000058420180
