stationId,stopNumber,stopName,lineId
900000019574007,1,于家园,000011293330590
900000019574008,2,下元,000011293330590
900000019574009,3,怀柔招商局,000011293330590
900000019574010,4,怀柔汽车站,000011293330590
900000019574011,5,怀柔五中,000011293330590
900000019574012,6,怀柔东关村,000011293330590
900000019574013,7,康馨家园,000011293330590
900000019574014,8,怀柔南小街,000011293330590
900000019574015,9,青春路南口,000011293330590
900000019574016,10,南华园四区,000011293330590
900000019574017,11,丽湖馨居,000011293330590
900000019574018,12,怀柔石厂,000011293330590
900000019574019,13,西台下,000011293330590
900000019574020,14,西台上,000011293330590
900000019574055,15,西台上西,000011293330590
900000019574035,16,桥梓开发区,000011293330590
900000019574036,17,桥梓,000011293330590
900000019574056,18,后桥梓,000011293330590
900000019574022,19,凤凰山陵园路口,000011293330590
900000019574039,20,东庄路口,000011293330590
900000019574040,21,秦家东庄村南,000011293330590
900000019574024,22,秦家东庄,000011293330590
900000019574054,23,秦家东庄村东,000011293330590
900000019574038,24,杨家东庄村西,000011293330590
900000019574041,25,杨家东庄,000011293330590
900000019574001,26,杨家东庄村东,000011293330590
900000019574045,27,杨家东庄村口,000011293330590
900000019574046,28,怀柔卧龙岗路口,000011293330590
900000019574050,29,孟庄村委会,000011293330590
900000019574042,30,孟庄,000011293330590
900000019574051,31,孟庄北口,000011293330590
900000019574003,32,红军庄,000011293330590
900000019574030,33,红军庄村口,000011293330590
900000019574053,34,郭家坞小学,000011293330590
900000019574031,35,郭家坞村,000011293330590
900000019574033,36,郭家坞,000011293330590
900000019574005,37,怀柔北大街,000011293330590
900000019574006,38,怀柔学管中心,000011293330590
900000019574034,39,于家园一区,000011293330590
900000019574026,40,于家园,000011293330590
