stationId,stopNumber,stopName,lineId
110100013736002,1,育新小区,000000058162651
110100013736003,2,育新小区北口,000000058162651
110100013736004,3,邮政研究院,000000058162651
110100013736005,4,西三旗桥东,000000058162651
110100013736006,5,清河小营桥南,000000058162651
110100013736007,6,清河,000000058162651
110100013736008,7,马家沟,000000058162651
110100013736009,8,学知园,000000058162651
110100013736010,9,石板房,000000058162651
110100013736011,10,静淑苑,000000058162651
110100013736012,11,学院路北口,000000058162651
110100013736016,12,中国地质大学,000000058162651
110100013736013,13,北京语言大学,000000058162651
110100013736014,14,地铁五道口站,000000058162651
110100013736015,15,五道口公交场站,000000058162651
