stationId,stopNumber,stopName,lineId
110100013659002,1,闵庄南里,000000058150790
110100013659003,2,军需站,000000058150790
110100013659004,3,中坞,000000058150790
110100013659005,4,北营门,000000058150790
110100013659006,5,四海桥南,000000058150790
110100013659007,6,空军指挥学院南门,000000058150790
110100013659008,7,蓝靛厂中路,000000058150790
110100013659009,8,远大路东口,000000058150790
110100013659010,9,长春桥东,000000058150790
110100013659011,10,长春桥路,000000058150790
110100013659012,11,三义庙,000000058150790
110100013659043,12,四通桥西,000000058150790
110100013659013,13,人民大学,000000058150790
110100013659014,14,海淀黄庄北,000000058150790
110100013659015,15,中关村南,000000058150790
110100013659016,16,中关园,000000058150790
110100013659017,17,中关园北站,000000058150790
110100013659018,18,清华大学西门,000000058150790
110100013659019,19,圆明园东路,000000058150790
110100013659020,20,清华附中,000000058150790
110100013659021,21,圆明园东门,000000058150790
110100013659022,22,北京体育大学,000000058150790
110100013659023,23,上地南口,000000058150790
110100013659024,24,上地西里,000000058150790
110100013659025,25,上地五街,000000058150790
110100013659026,26,上地七街,000000058150790
110100013659027,27,软件园东站,000000058150790
110100013659028,28,软件园广场,000000058150790
110100013659029,29,东北旺北,000000058150790
110100013659044,30,软件园北站,000000058150790
110100013659045,31,后厂村路,000000058150790
110100013659030,32,春晖园,000000058150790
110100013659031,33,秋露园,000000058150790
110100013659032,34,中海枫涟山庄东门,000000058150790
110100013659033,35,中海枫涟山庄北门,000000058150790
110100013659034,36,赵家庄,000000058150790
110100013659035,37,丰滢路口北,000000058150790
110100013659036,38,永丰路口东,000000058150790
110100013659037,39,永嘉北路,000000058150790
110100013659038,40,丰贤东路西口,000000058150790
110100013659039,41,丰贤中路,000000058150790
110100013659042,42,丰贤中路西站,000000058150790
110100013659041,43,永丰公交场站,000000058150790
