stationId,stopNumber,stopName,lineId
900000112925001,1,黄安村,000009506237610
900000112925017,2,龙王口,000009506237610
900000112925002,3,塔河村,000009506237610
900000112925003,4,梁家铺,000009506237610
900000112925004,5,百花山路口,000009506237610
900000112925005,6,清水镇政府,000009506237610
900000112925006,7,清水镇新村,000009506237610
900000112925007,8,上清水,000009506237610
900000112925008,9,清水,000009506237610
900000112925009,10,下清水,000009506237610
900000112925011,11,高铺,000009506237610
900000112925012,12,爨底下路口,000009506237610
900000112925019,13,西斋堂,000009506237610
900000112925020,14,斋堂西口,000009506237610
900000112925018,15,斋堂,000009506237610
900000112925016,16,斋堂公交场站,000009506237610
