stationId,stopNumber,stopName,lineId
110100016257002,1,首发物流,000011574151091
110100016257003,2,苏庄西街南口,000011574151091
110100016257060,3,地铁苏庄站,000011574151091
110100016257061,4,苏庄东街南口,000011574151091
110100016257062,5,房山区政府第二办公区,000011574151091
110100016257063,6,地铁良乡南关站西,000011574151091
110100016257064,7,西潞南大街,000011574151091
110100016257008,8,良乡西门,000011574151091
110100016257009,9,西潞园,000011574151091
110100016257010,10,西潞北大街,000011574151091
110100016257011,11,良坨路口,000011574151091
110100016257012,12,北潞园东门,000011574151091
110100016257049,13,固村村口,000011574151091
110100016257013,14,安庄村,000011574151091
110100016257015,15,芳菲小区,000011574151091
110100016257016,16,北刘庄村,000011574151091
110100016257017,17,小苑村,000011574151091
110100016257018,18,大苑村,000011574151091
110100016257019,19,庙儿岗,000011574151091
110100016257046,20,房山豆各庄路口,000011574151091
110100016257050,21,房山豆各庄,000011574151091
110100016257051,22,房山豆各庄村北,000011574151091
110100016257057,23,崇各庄,000011574151091
110100016257058,24,青龙湖公园,000011574151091
