stationId,stopNumber,stopName,lineId
110100011952029,1,开发区交通服务中心,000013324636600
110100011952003,2,宏达中路南站,000013324636600
110100011952004,3,地泽北街,000013324636600
110100011952005,4,地盛北街,000013324636600
110100011952006,5,地盛西路,000013324636600
110100011952007,6,天宝西路南口,000013324636600
110100011952008,7,天宝南街,000013324636600
110100011952009,8,天宝中路,000013324636600
110100011952025,9,天宝园六里,000013324636600
110100011952010,10,博大大厦,000013324636600
110100011952011,11,博大公园,000013324636600
110100011952012,12,天华东路,000013324636600
110100011952013,13,大雄城市花园,000013324636600
110100011952014,14,天华西路北口,000013324636600
110100011952015,15,地铁亦庄文化园站,000013324636600
110100011952016,16,经网路,000013324636600
110100011952017,17,永昌北路北口,000013324636600
110100011952018,18,永昌工业园,000013324636600
110100011952019,19,永昌北路,000013324636600
110100011952028,20,永昌北路南口,000013324636600
110100011952021,21,永昌中路北口,000013324636600
110100011952022,22,永昌中路,000013324636600
110100011952023,23,隆盛产业园,000013324636600
110100011952027,24,开发区交通服务中心,000013324636600
