stationId,stopNumber,stopName,lineId
110100012946014,1,马连道,000000058407230
110100012946015,2,马连道南口,000000058407230
110100012946016,3,红莲南路西口,000000058407230
110100012946017,4,红莲南路,000000058407230
110100012946018,5,红莲南里,000000058407230
110100012946019,6,莲花晴园,000000058407230
110100012946020,7,白纸坊桥西,000000058407230
110100012946021,8,白纸坊桥南,000000058407230
110100012946022,9,菜户营桥北,000000058407230
110100012946023,10,菜户营桥东,000000058407230
110100012946024,11,玉林西路,000000058407230
110100012946025,12,西铁营,000000058407230
110100012946026,13,中顶村,000000058407230
110100012946027,14,福宜街,000000058407230
110100012946028,15,福宜街东口,000000058407230
110100012946003,16,嘉园一里,000000058407230
110100012946004,17,嘉园二里西门,000000058407230
110100012946005,18,嘉园二里南门,000000058407230
110100012946029,19,马家堡中路,000000058407230
110100012946030,20,马家堡中路南口,000000058407230
110100012946011,21,西马小区,000000058407230
110100012946012,22,西马场,000000058407230
110100012946013,23,海上海花园小区,000000058407230
