stationId,stopNumber,stopName,lineId
110100016152002,1,神堂峪,000005815190990
110100016152030,2,神堂峪五道河北(临时站),000005815190990
110100016152031,3,神堂峪五道河,000005815190990
110100016152004,4,上官地,000005815190990
110100016152005,5,官地,000005815190990
110100016152006,6,神堂峪村,000005815190990
110100016152023,7,神堂峪路口,000005815190990
110100016152024,8,川谷,000005815190990
110100016152025,9,雁栖岛,000005815190990
110100016152016,10,雁栖湖国际会展中心,000005815190990
110100016152017,11,雁栖学校,000005815190990
110100016152010,12,雁栖镇,000005815190990
110100016152026,13,雁栖镇南口,000005815190990
110100016152011,14,中富乐,000005815190990
110100016152034,15,大中富乐村口,000005815190990
110100016152036,16,迎宾路北口,000005815190990
110100016152037,17,于家园一区,000005815190990
110100016152014,18,于家园,000005815190990
