stationId,stopNumber,stopName,lineId
110100015684034,1,石各庄,000008278867531
110100015684027,2,石各庄(西行),000008278867531
110100015684028,3,石各庄西,000008278867531
110100015684029,4,平房东口,000008278867531
110100015684030,5,黄杉木店路北口,000008278867531
110100015684031,6,黄杉木店路,000008278867531
110100015684032,7,亮马厂西口,000008278867531
110100015684033,8,四季星河南街,000008278867531
110100015684002,9,青年路小区,000008278867531
110100015684003,10,青年路口西,000008278867531
110100015684004,11,十里堡北里,000008278867531
110100015684005,12,八里庄南里,000008278867531
110100015684006,13,红领巾公园,000008278867531
110100015684007,14,延静里,000008278867531
110100015684008,15,金台路口东,000008278867531
110100015684026,16,金台路口西,000008278867531
110100015684009,17,水碓子,000008278867531
110100015684010,18,水碓路口西,000008278867531
110100015684011,19,东大桥东站,000008278867531
110100015684012,20,东大桥,000008278867531
110100015684013,21,东大桥路口南,000008278867531
110100015684014,22,芳草地,000008278867531
110100015684015,23,芳草地南,000008278867531
110100015684016,24,永安里路口西,000008278867531
110100015684017,25,日坛路,000008278867531
110100015684025,26,北京站东,000008278867531
