stationId,stopNumber,stopName,lineId
110100013862002,1,南宫迎宾路,000000058302641
110100013862003,2,世界地热博览园,000000058302641
110100013862004,3,王佐镇政府,000000058302641
110100013862005,4,南宫,000000058302641
110100013862006,5,南宫北站,000000058302641
110100013862007,6,云岗,000000058302641
110100013862008,7,云岗北区,000000058302641
110100013862009,8,佃起村,000000058302641
110100013862010,9,张家坟,000000058302641
110100013862011,10,朱家坟,000000058302641
110100013862012,11,赵辛店北,000000058302641
110100013862013,12,北京十中,000000058302641
110100013862036,13,长辛店医院,000000058302641
110100013862014,14,长辛店南口,000000058302641
110100013862015,15,长辛店,000000058302641
110100013862016,16,长辛店北口,000000058302641
110100013862017,17,杜家坎南,000000058302641
110100013862018,18,杜家坎,000000058302641
110100013862019,19,卢沟新桥,000000058302641
110100013862020,20,抗战雕塑园,000000058302641
110100013862021,21,西道口东,000000058302641
110100013862022,22,刘庄子,000000058302641
110100013862023,23,南五里店,000000058302641
110100013862024,24,程庄路口东,000000058302641
110100013862025,25,丰台医院,000000058302641
110100013862038,26,正阳桥东,000000058302641
110100013862027,27,正阳大街,000000058302641
110100013862035,28,东大街南口,000000058302641
110100013862028,29,游泳场北路东口,000000058302641
110100013862037,30,丰管路,000000058302641
110100013862029,31,前泥洼,000000058302641
110100013862030,32,西管头,000000058302641
110100013862031,33,丰益桥西,000000058302641
110100013862032,34,丰益桥北,000000058302641
110100013862033,35,丽泽桥南,000000058302641
110100013862034,36,丽泽桥,000000058302641
