stationId,stopNumber,stopName,lineId
110100013679002,1,北京西站,000000058150921
110100013679021,2,莲花桥,000000058150921
110100013679003,3,公主坟南站,000000058150921
110100013679004,4,公主坟北,000000058150921
110100013679005,5,玉渊潭西门,000000058150921
110100013679006,6,航天桥北,000000058150921
110100013679007,7,花园桥南,000000058150921
110100013679008,8,紫竹桥南,000000058150921
110100013679009,9,紫竹桥北,000000058150921
110100013679010,10,万寿寺,000000058150921
110100013679011,11,为公桥,000000058150921
110100013679012,12,苏州桥南,000000058150921
110100013679013,13,万泉庄,000000058150921
110100013679014,14,人民大学西门,000000058150921
110100013679015,15,北京市地震局,000000058150921
110100013679016,16,万泉河桥东,000000058150921
110100013679017,17,六郎庄,000000058150921
110100013679018,18,柳浪游泳场,000000058150921
110100013679019,19,六郎庄西口,000000058150921
110100013679020,20,颐和园新建宫门,000000058150921
