stationId,stopNumber,stopName,lineId
110100013714002,1,鲁谷公交场站,000000058153161
110100013714003,2,十院,000000058153161
110100013714004,3,鲁谷路东口,000000058153161
110100013714005,4,玉泉路口南,000000058153161
110100013714006,5,玉泉路口北,000000058153161
110100013714007,6,正大路西口,000000058153161
110100013714008,7,航天中心医院,000000058153161
110100013714009,8,玉海园西,000000058153161
110100013714010,9,阜玉路口南,000000058153161
110100013714011,10,阜玉路口北,000000058153161
110100013714012,11,畅茜园小区,000000058153161
110100013714013,12,田村中街,000000058153161
110100013714014,13,田村西口,000000058153161
110100013714015,14,什坊院,000000058153161
110100013714016,15,地铁廖公庄站,000000058153161
110100013714017,16,廖公庄,000000058153161
110100013714018,17,廖公庄西,000000058153161
110100013714019,18,西黄村,000000058153161
110100013714020,19,西黄村西口,000000058153161
110100013714021,20,西黄村北站,000000058153161
110100013714027,21,西下庄南,000000058153161
110100013714037,22,西下庄北,000000058153161
110100013714024,23,杏石口,000000058153161
110100013714030,24,实兴北街北口,000000058153161
110100013714035,25,金府北路东站,000000058153161
110100013714036,26,金府北路,000000058153161
110100013714033,27,刘娘府北街北口,000000058153161
