stationId,stopNumber,stopName,lineId
110100014021002,1,云岗,000000058510071
110100014021003,2,南宫北站,000000058510071
110100014021004,3,东王佐,000000058510071
110100014021005,4,王佐学校,000000058510071
110100014021006,5,王佐卫生院,000000058510071
110100014021007,6,西王佐北,000000058510071
110100014021008,7,下庄,000000058510071
110100014021009,8,侯家峪,000000058510071
110100014021016,9,沙锅村南站,000000058510071
110100014021011,10,沙锅村,000000058510071
110100014021017,11,沙锅村西站,000000058510071
110100014021012,12,小店,000000058510071
110100014021013,13,后甫营,000000058510071
110100014021014,14,西庄店,000000058510071
110100014021018,15,羊圈头村,000000058510071
