stationId,stopNumber,stopName,lineId
110100011642002,1,东方太阳城,000000058446171
110100011642003,2,王家场,000000058446171
110100011642049,3,东方太阳城西门,000000058446171
110100011642050,4,河南村路口,000000058446171
110100011642004,5,河南村,000000058446171
110100011642039,6,顺义临河北,000000058446171
110100011642040,7,港馨家园,000000058446171
110100011642041,8,石园东区,000000058446171
110100011642042,9,石园南区,000000058446171
110100011642043,10,仓上街,000000058446171
110100011642006,11,五里仓,000000058446171
110100011642007,12,梅沟营,000000058446171
110100011642057,13,望泉桥东,000000058446171
110100011642008,14,南法信,000000058446171
110100011642044,15,空港物流开发区,000000058446171
110100011642045,16,枯柳树,000000058446171
110100011642046,17,地铁后沙峪站,000000058446171
110100011642011,18,火神营,000000058446171
110100011642012,19,顺义铁匠营,000000058446171
110100011642061,20,喇苏营北,000000058446171
110100011642013,21,喇苏营,000000058446171
110100011642058,22,地铁花梨坎站,000000058446171
110100011642056,23,花梨坎,000000058446171
110100011642015,24,地铁国展站,000000058446171
110100011642016,25,顺义马连店,000000058446171
110100011642017,26,天竺花园,000000058446171
110100011642018,27,天竺卫生院,000000058446171
110100011642019,28,天竺供销社,000000058446171
110100011642020,29,北平里,000000058446171
110100011642053,30,岗山路,000000058446171
110100011642060,31,岗山村,000000058446171
110100011642055,32,岗山村南站,000000058446171
