stationId,stopNumber,stopName,lineId
900000156918011,1,天桥商场,000013896323120
900000156918017,2,南纬路,000013896323120
900000156918018,3,南纬路西站,000013896323120
900000156918012,4,陶然亭路东口,000013896323120
900000156918013,5,陶然亭公园北门,000013896323120
900000156918014,6,自新路口东,000013896323120
900000156918015,7,开阳桥北,000013896323120
900000156918002,8,开阳桥南,000013896323120
900000156918003,9,开阳里东,000013896323120
900000156918004,10,开阳里西,000013896323120
900000156918005,11,右安门外,000013896323120
900000156918006,12,翠林小区,000013896323120
900000156918007,13,福宜街东口,000013896323120
900000156918008,14,福宜街,000013896323120
900000156918009,15,中顶村,000013896323120
900000156918016,16,中顶村西,000013896323120
