stationId,stopNumber,stopName,lineId
900000110567025,1,王坡村路口,000009435108300
900000110567002,2,潭柘寺,000009435108300
900000110567003,3,平原村,000009435108300
900000110567004,4,八奇洞,000009435108300
900000110567005,5,南辛房,000009435108300
900000110567006,6,潭柘寺镇政府,000009435108300
900000110567007,7,鲁家滩西口,000009435108300
900000110567008,8,鲁家滩村口,000009435108300
900000110567009,9,门头沟南村,000009435108300
900000110567010,10,苛罗坨,000009435108300
900000110567011,11,华侨陵园,000009435108300
900000110567012,12,石厂村,000009435108300
900000110567013,13,石门营新区,000009435108300
900000110567014,14,永定镇何各庄,000009435108300
900000110567015,15,石龙工业区,000009435108300
900000110567016,16,冯村,000009435108300
900000110567017,17,永定中学,000009435108300
900000110567018,18,葡萄嘴路口南,000009435108300
900000110567019,19,葡萄嘴,000009435108300
900000110567020,20,月季园小区,000009435108300
900000110567021,21,新桥南街,000009435108300
900000110567022,22,京煤集团,000009435108300
900000110567023,23,新桥大街,000009435108300
900000110567024,24,河滩,000009435108300
