stationId,stopNumber,stopName,lineId
110100013513002,1,西闸,000000058411180
110100013513003,2,白水洼北站,000000058411180
110100013513004,3,白水洼,000000058411180
110100013513020,4,上庄馨悦家园,000000058411180
110100013513005,5,上庄东小营,000000058411180
110100013513006,6,上庄卫生院,000000058411180
110100013513007,7,上庄南口,000000058411180
110100013513008,8,上庄水库,000000058411180
110100013513031,9,上庄水库南站,000000058411180
110100013513010,10,上庄镇,000000058411180
110100013513011,11,上庄镇南站,000000058411180
110100013513032,12,永丰屯北,000000058411180
110100013513013,13,永丰屯,000000058411180
110100013513022,14,上庄路口北,000000058411180
110100013513014,15,屯佃,000000058411180
110100013513015,16,画眉山路,000000058411180
110100013513016,17,画眉山路东,000000058411180
110100013513017,18,西北旺,000000058411180
110100013513027,19,黑山扈北口,000000058411180
110100013513018,20,黑山扈,000000058411180
110100013513028,21,国防大学,000000058411180
110100013513029,22,红山口,000000058411180
110100013513019,23,颐和园北宫门,000000058411180
110100013513023,24,地铁北宫门站,000000058411180
110100013513026,25,颐和园,000000058411180
110100013513025,26,西苑北站,000000058411180
