stationId,stopNumber,stopName,lineId
110100013369002,1,地铁柳芳站,000000058378380
110100013369003,2,柳芳北街,000000058378380
110100013369032,3,柳芳北里,000000058378380
110100013369005,4,左家庄中街,000000058378380
110100013369006,5,左家庄东里,000000058378380
110100013369007,6,左家庄东街,000000058378380
110100013369008,7,左家庄,000000058378380
110100013369009,8,新源里,000000058378380
110100013369033,9,塔园村,000000058378380
110100013369011,10,幸福三村,000000058378380
110100013369012,11,工人体育场,000000058378380
110100013369013,12,朝阳医院,000000058378380
110100013369014,13,东大桥路口北,000000058378380
110100013369015,14,神路街,000000058378380
110100013369016,15,朝阳门外,000000058378380
110100013369017,16,朝阳门内,000000058378380
110100013369018,17,朝内小街,000000058378380
110100013369019,18,东四路口南,000000058378380
110100013369020,19,灯市东口,000000058378380
110100013369021,20,米市大街,000000058378380
110100013369022,21,东单路口北,000000058378380
110100013369023,22,崇文门内,000000058378380
110100013369024,23,崇文门西,000000058378380
110100013369025,24,打磨厂,000000058378380
110100013369026,25,兴隆街,000000058378380
110100013369027,26,东晓市,000000058378380
110100013369028,27,天坛北门,000000058378380
110100013369029,28,金鱼池,000000058378380
110100013369030,29,天桥路口东,000000058378380
110100013369031,30,天桥,000000058378380
110100013369034,31,北纬路东站,000000058378380
