stationId,stopNumber,stopName,lineId
110100013492023,1,定慧寺东,000000058403861
110100013492004,2,西钓鱼台,000000058403861
110100013492005,3,航天桥西,000000058403861
110100013492006,4,航天桥北,000000058403861
110100013492007,5,花园桥南,000000058403861
110100013492008,6,花园桥东,000000058403861
110100013492009,7,老虎庙,000000058403861
110100013492010,8,外文印刷厂,000000058403861
110100013492011,9,四道口北,000000058403861
110100013492012,10,白石桥东,000000058403861
110100013492013,11,动物园,000000058403861
110100013492014,12,西直门外,000000058403861
110100013492015,13,玉桃园,000000058403861
110100013492016,14,积水潭桥东,000000058403861
110100013492017,15,德胜门,000000058403861
110100013492018,16,安德路西口,000000058403861
110100013492019,17,后九条,000000058403861
110100013492020,18,六铺炕,000000058403861
110100013492021,19,地兴居,000000058403861
110100013492022,20,安定门外,000000058403861
