stationId,stopNumber,stopName,lineId
110100011704002,1,北京西站南广场,000000058467100
110100011704003,2,莲花池,000000058467100
110100011704004,3,六里桥东,000000058467100
110100011704005,4,六里桥西,000000058467100
110100011704006,5,小井桥东,000000058467100
110100011704056,6,小井,000000058467100
110100011704053,7,丰台路口东,000000058467100
110100011704008,8,岳各庄桥北,000000058467100
110100011704009,9,岳各庄,000000058467100
110100011704010,10,郑常庄,000000058467100
110100011704011,11,青塔,000000058467100
110100011704012,12,南沙窝桥,000000058467100
110100011704013,13,沙窝桥北,000000058467100
110100011704014,14,五棵松桥北,000000058467100
110100011704015,15,金沟河,000000058467100
110100011704016,16,定慧桥南,000000058467100
110100011704017,17,定慧桥北,000000058467100
110100011704052,18,五路桥,000000058467100
110100011704018,19,营慧寺,000000058467100
110100011704019,20,四季青桥南,000000058467100
110100011704020,21,四季青桥北,000000058467100
110100011704021,22,东冉村,000000058467100
110100011704022,23,南坞,000000058467100
110100011704023,24,四海桥南,000000058467100
110100011704057,25,四海桥,000000058467100
110100011704024,26,火器营桥西,000000058467100
110100011704025,27,六郎庄,000000058467100
110100011704026,28,万泉河桥东,000000058467100
110100011704027,29,海淀桥东,000000058467100
110100011704028,30,中关村北,000000058467100
110100011704029,31,中关园,000000058467100
110100011704030,32,中关园北站,000000058467100
110100011704031,33,清华大学西门,000000058467100
110100011704032,34,圆明园东路,000000058467100
110100011704033,35,清华附中,000000058467100
110100011704034,36,圆明园东门,000000058467100
110100011704035,37,北京体育大学,000000058467100
110100011704036,38,正白旗,000000058467100
110100011704037,39,上地南口,000000058467100
110100011704062,40,上地西里,000000058467100
110100011704060,41,上地五街,000000058467100
110100011704061,42,上地七街,000000058467100
110100011704041,43,软件园东站,000000058467100
110100011704042,44,软件园广场,000000058467100
110100011704043,45,东北旺北,000000058467100
110100011704044,46,东北旺西路北口,000000058467100
110100011704045,47,后厂村东,000000058467100
110100011704046,48,后厂村路,000000058467100
110100011704047,49,春晖园,000000058467100
110100011704048,50,秋露园,000000058467100
110100011704049,51,中海枫涟山庄东门,000000058467100
110100011704063,52,土井村南口,000000058467100
110100011704051,53,土井村西口,000000058467100
