stationId,stopNumber,stopName,lineId
900000064961035,1,通州北苑路口南,000000000022601
900000064961037,2,通州西门路口北,000000000022601
900000064961046,3,通惠北路北口,000000000022601
900000064961047,4,北京财贸职业学院,000000000022601
900000064961039,5,北京胸科医院,000000000022601
900000064961050,6,富河园小区,000000000022601
900000064961018,7,西潞苑小区,000000000022601
900000064961019,8,范庄,000000000022601
900000064961020,9,刘庄,000000000022601
900000064961033,10,焦王庄北口,000000000022601
900000064961030,11,焦王庄南口,000000000022601
900000064961023,12,耿庄桥北,000000000022601
900000064961009,13,耿庄桥南,000000000022601
900000064961049,14,水仙园小区,000000000022601
900000064961011,15,紫运中路,000000000022601
900000064961012,16,运河湾小区,000000000022601
900000064961013,17,地铁北运河西站南,000000000022601
900000064961014,18,京东运乔建材城,000000000022601
900000064961043,19,梨园中街东口,000000000022601
900000064961031,20,梨园北街,000000000022601
