stationId,stopNumber,stopName,lineId
110100053377002,1,白云路,000000058381550
110100053377003,2,公安大学,000000058381550
110100053377004,3,木樨地北,000000058381550
110100053377005,4,玉渊潭东门,000000058381550
110100053377006,5,钓鱼台,000000058381550
110100053377007,6,甘家口北,000000058381550
110100053377008,7,甘家口大厦,000000058381550
110100053377009,8,二里沟西口,000000058381550
110100053377010,9,四道口东,000000058381550
110100053377011,10,白石桥南,000000058381550
110100053377022,11,白石桥西,000000058381550
110100053377012,12,紫竹院南门,000000058381550
110100053377013,13,北洼路,000000058381550
110100053377014,14,车道沟桥东,000000058381550
110100053377015,15,板井,000000058381550
110100053377021,16,四季青桥东,000000058381550
110100053377016,17,四季青桥北,000000058381550
110100053377017,18,东冉村,000000058381550
110100053377018,19,南坞,000000058381550
