stationId,stopNumber,stopName,lineId
900000114749001,1,环保科技园,000009736708340
900000114749002,2,屯佃村,000009736708340
900000114749003,3,地铁永丰站,000009736708340
900000114749004,4,永丰产业基地,000009736708340
900000114749005,5,航天城路口东,000009736708340
900000114749006,6,小牛坊桥东,000009736708340
900000114749007,7,地铁生命科学园站西,000009736708340
900000114749008,8,地铁生命科学园站,000009736708340
900000114749009,9,朱辛庄新区西,000009736708340
900000114749010,10,朱辛庄新区,000009736708340
900000114749011,11,回南北路,000009736708340
900000114749012,12,地铁育知路站,000009736708340
900000114749013,13,地铁平西府站,000009736708340
900000114749014,14,龙锦苑一区西门,000009736708340
900000114749015,15,和谐家园一区南门,000009736708340
900000114749016,16,龙锦苑东二区南门,000009736708340
900000114749017,17,龙锦苑东五区南门,000009736708340
