stationId,stopNumber,stopName,lineId
110100013521035,1,巴沟村,000000058414231
110100013521003,2,海淀南路西口,000000058414231
110100013521004,3,海淀南路,000000058414231
110100013521005,4,海淀黄庄北,000000058414231
110100013521006,5,中关村南,000000058414231
110100013521007,6,中关园,000000058414231
110100013521008,7,蓝旗营,000000058414231
110100013521009,8,清华园,000000058414231
110100013521010,9,五道口,000000058414231
110100013521011,10,北京语言大学,000000058414231
110100013521012,11,中国地质大学,000000058414231
110100013521013,12,北京科技大学北门,000000058414231
110100013521014,13,二里庄南口,000000058414231
110100013521015,14,二里庄,000000058414231
110100013521016,15,北沙滩桥北,000000058414231
110100013521036,16,双泉堡南,000000058414231
110100013521017,17,双泉堡,000000058414231
110100013521018,18,花虎沟南,000000058414231
110100013521037,19,清河南镇,000000058414231
110100013521019,20,清河,000000058414231
110100013521020,21,清河小营桥南,000000058414231
110100013521038,22,清河小营桥北,000000058414231
110100013521039,23,四拨子,000000058414231
110100013521021,24,西三旗桥北,000000058414231
110100013521022,25,回龙观桥北,000000058414231
110100013521042,26,回龙观桥南,000000058414231
110100013521043,27,西二旗北路,000000058414231
110100013521044,28,龙域西一路南口,000000058414231
110100013521045,29,回龙观村西区,000000058414231
110100013521046,30,金域华府西门,000000058414231
110100013521047,31,龙域北街,000000058414231
110100013521048,32,融泽嘉园南区北门,000000058414231
110100013521049,33,龙域北街东口,000000058414231
