stationId,stopNumber,stopName,lineId
110100011289037,1,南口西站,000000058256931
110100011289003,2,南口,000000058256931
110100011289038,3,南口东站,000000058256931
110100011289005,4,南口东街,000000058256931
110100011289053,5,南口路口东,000000058256931
110100011289007,6,红泥沟,000000058256931
110100011289008,7,陈庄,000000058256931
110100011289049,8,雪山村,000000058256931
110100011289050,9,昌平旧县西站,000000058256931
110100011289009,10,昌平旧县,000000058256931
110100011289010,11,邓庄,000000058256931
110100011289011,12,昌平西关环岛西,000000058256931
110100011289012,13,昌平西关,000000058256931
110100011289043,14,昌平南大街,000000058256931
110100011289044,15,中国政法大学(昌平),000000058256931
110100011289015,16,亢山广场,000000058256931
110100011289016,17,昌平东关,000000058256931
110100011289017,18,昌平东关路口东,000000058256931
110100011289018,19,四合新村东,000000058256931
110100011289019,20,张营小区,000000058256931
110100011289020,21,地铁南邵站,000000058256931
110100011289021,22,昌平辛庄,000000058256931
110100011289035,23,金明园小区,000000058256931
110100011289022,24,金家坟,000000058256931
110100011289051,25,宜山居,000000058256931
110100011289036,26,棉山村,000000058256931
110100011289047,27,西辛峰,000000058256931
110100011289025,28,大辛峰,000000058256931
110100011289026,29,昌平崔村西口,000000058256931
110100011289027,30,昌平崔村,000000058256931
110100011289028,31,香堂,000000058256931
110100011289029,32,昌平麻峪,000000058256931
110100011289030,33,秦城大桥,000000058256931
110100011289031,34,秦城路口,000000058256931
110100011289032,35,象房,000000058256931
110100011289052,36,兴寿,000000058256931
110100011289045,37,兴寿北站,000000058256931
