stationId,stopNumber,stopName,lineId
110100014187034,1,化工桥西,000000058182411
110100014187035,2,北京焦化厂,000000058182411
110100014187033,3,康化路北口,000000058182411
110100014187029,4,西直河,000000058182411
110100014187037,5,安正街,000000058182411
110100014187030,6,康化路南口,000000058182411
110100014187005,7,王家村,000000058182411
110100014187006,8,老君堂,000000058182411
110100014187024,9,老君堂南站,000000058182411
110100014187036,10,张家店,000000058182411
110100014187031,11,横街子,000000058182411
110100014187038,12,十八里店环岛,000000058182411
110100014187025,13,十八里店南站,000000058182411
110100014187010,14,十八里店,000000058182411
110100014187011,15,十八里店乡政府,000000058182411
110100014187026,16,周家庄南站,000000058182411
110100014187013,17,周家庄,000000058182411
110100014187014,18,周家庄西站,000000058182411
110100014187015,19,十里河桥东,000000058182411
110100014187039,20,十里河桥北,000000058182411
110100014187016,21,华威桥南,000000058182411
110100014187017,22,潘家园桥,000000058182411
110100014187018,23,劲松桥南,000000058182411
110100014187019,24,劲松中街,000000058182411
110100014187020,25,光明桥东,000000058182411
110100014187021,26,广渠门,000000058182411
110100014187022,27,建国门南,000000058182411
110100014187023,28,北京站东街,000000058182411
