stationId,stopNumber,stopName,lineId
900000141254002,1,薛庄村,000011574150581
900000141254003,2,薛庄村口,000011574150581
900000141254004,3,南白村,000011574150581
900000141254058,4,北白,000011574150581
900000141254059,5,南召中学,000011574150581
900000141254011,6,东南召,000011574150581
900000141254054,7,东南召东站,000011574150581
900000141254068,8,西地村南路南口,000011574150581
900000141254069,9,西地村南,000011574150581
900000141254070,10,西地村北,000011574150581
900000141254071,11,西地村南路北口,000011574150581
900000141254078,12,房山兴隆庄,000011574150581
900000141254079,13,两间房,000011574150581
900000141254080,14,前柳,000011574150581
900000141254081,15,陈家房,000011574150581
900000141254082,16,房山河口,000011574150581
900000141254083,17,张谢桥,000011574150581
900000141254084,18,张谢,000011574150581
900000141254085,19,张谢北,000011574150581
900000141254086,20,下禅房南站,000011574150581
900000141254087,21,下禅坊,000011574150581
900000141254025,22,江村路口,000011574150581
900000141254026,23,南庄子,000011574150581
900000141254027,24,官道,000011574150581
900000141254028,25,邢家坞路口,000011574150581
900000141254029,26,房山小营路口,000011574150581
900000141254030,27,房山白房子,000011574150581
900000141254031,28,黑古台,000011574150581
900000141254032,29,黑古台北,000011574150581
900000141254033,30,常庄路口,000011574150581
900000141254034,31,瑞雪春堂,000011574150581
900000141254035,32,昊天嘉园,000011574150581
900000141254036,33,地铁良乡南关站东,000011574150581
900000141254037,34,拱辰南大街,000011574150581
900000141254038,35,良乡大角,000011574150581
900000141254076,36,良乡医院,000011574150581
900000141254060,37,昊天温泉家园,000011574150581
900000141254061,38,良乡火车站路口,000011574150581
900000141254062,39,送变电公司南,000011574150581
900000141254063,40,送变电公司,000011574150581
900000141254048,41,原香小镇,000011574150581
900000141254077,42,长阳一村西,000011574150581
900000141254067,43,碧桂园东,000011574150581
900000141254064,44,金域公园小区,000011574150581
900000141254065,45,芭蕾雨悦都小区,000011574150581
900000141254066,46,篱笆房客运站,000011574150581
