stationId,stopNumber,stopName,lineId
110100014567059,1,八达岭古长城景区,000007444772230
110100014567060,2,南园小区,000007444772230
110100014567071,3,西拨子村南,000007444772230
110100014567061,4,程家窑小区,000007444772230
110100014567072,5,营城子小区,000007444772230
110100014567039,6,西拨子,000007444772230
110100014567050,7,东曹营路口,000007444772230
110100014567055,8,八达岭小学,000007444772230
110100014567056,9,军训基地,000007444772230
110100014567057,10,程家窑,000007444772230
110100014567058,11,小浮坨新村,000007444772230
110100014567021,12,小浮坨,000007444772230
110100014567028,13,小浮坨北,000007444772230
110100014567022,14,新宝庄村,000007444772230
110100014567023,15,新宝庄路口,000007444772230
110100014567024,16,簸箕营,000007444772230
110100014567006,17,东桑园,000007444772230
110100014567026,18,东杏园南,000007444772230
110100014567062,19,东杏园村,000007444772230
110100014567063,20,西杏园村,000007444772230
110100014567064,21,岳家营路口,000007444772230
110100014567073,22,博园雅居东,000007444772230
110100014567065,23,延庆中医院,000007444772230
110100014567066,24,南菜园北二区,000007444772230
110100014567032,25,延庆东关,000007444772230
110100014567067,26,妫水北街南,000007444772230
110100014567068,27,妫水北街北,000007444772230
110100014567069,28,国际会展中心,000007444772230
110100014567070,29,延庆镇社区卫生服务中心,000007444772230
