stationId,stopNumber,stopName,lineId
110100015871043,1,郝家府公交场站,000000058195051
110100015871040,2,通州杨坨桥西,000000058195051
110100015871002,3,京东运乔建材城,000000058195051
110100015871003,4,运乔嘉园,000000058195051
110100015871004,5,乔庄,000000058195051
110100015871005,6,玉桥北里,000000058195051
110100015871006,7,乔庄北街,000000058195051
110100015871007,8,玉桥中路,000000058195051
110100015871008,9,玉桥中路北口,000000058195051
110100015871009,10,西上园小区西门,000000058195051
110100015871011,11,通州东关西,000000058195051
110100015871012,12,新华大街,000000058195051
110100015871013,13,西大街路口东,000000058195051
110100015871041,14,西大街路口西,000000058195051
110100015871014,15,通州西门路口东,000000058195051
110100015871015,16,通州北苑路口东,000000058195051
110100015871016,17,通州北苑路口西,000000058195051
110100015871017,18,八里桥,000000058195051
110100015871030,19,重兴寺,000000058195051
110100015871033,20,杨闸路口东,000000058195051
110100015871018,21,杨闸路口西,000000058195051
110100015871034,22,杨闸中学,000000058195051
110100015871032,23,杨闸西站,000000058195051
110100015871035,24,双桥东,000000058195051
110100015871019,25,双桥西,000000058195051
110100015871020,26,茶家坟,000000058195051
110100015871039,27,梆子井东,000000058195051
110100015871021,28,梆子井,000000058195051
110100015871038,29,远通桥西,000000058195051
110100015871022,30,高碑店桥东,000000058195051
110100015871023,31,四惠东站,000000058195051
110100015871036,32,陈家林,000000058195051
110100015871024,33,四惠站,000000058195051
110100015871042,34,八王坟东,000000058195051
110100015871025,35,八王坟西,000000058195051
110100015871037,36,郎家园,000000058195051
110100015871026,37,大北窑东,000000058195051
