stationId,stopNumber,stopName,lineId
900000129849001,1,地铁新宫站,000011089126340
900000129849002,2,南庭新苑北区,000011089126340
900000129849003,3,南庭新苑南区,000011089126340
900000129849004,4,同兴园小区东门,000011089126340
900000129849005,5,槐房西路,000011089126340
900000129849006,6,阳光星苑小区,000011089126340
900000129849007,7,公园懿府小区,000011089126340
900000129849018,8,宏业东路口,000011089126340
900000129849008,9,金西路西口,000011089126340
900000129849019,10,广平大街北站,000011089126340
900000129849009,11,广平大街,000011089126340
900000129849010,12,中国公安大学西站,000011089126340
900000129849011,13,金苑路口南,000011089126340
900000129849012,14,首座御园北门,000011089126340
900000129849013,15,首座御园东门,000011089126340
900000129849017,16,首座御园一区,000011089126340
900000129849014,17,团河苑小区,000011089126340
900000129849022,18,福礼路西口,000011089126340
900000129849020,19,福礼路,000011089126340
900000129849021,20,广仁街南口,000011089126340
900000129849015,21,地铁大兴新城站,000011089126340
