stationId,stopNumber,stopName,lineId
900000175787001,1,汇龙森科技园,000000000027201
900000175787002,2,地铁经海路站,000000000027201
900000175787013,3,科创十一街,000000000027201
900000175787003,4,科创十一街东站,000000000027201
900000175787004,5,亦城景园,000000000027201
900000175787005,6,定海园三里,000000000027201
900000175787006,7,定海园一里,000000000027201
900000175787007,8,定海园北,000000000027201
900000175787008,9,次渠银行,000000000027201
900000175787009,10,次渠北里小学,000000000027201
900000175787010,11,次渠北里,000000000027201
900000175787011,12,地铁次渠北站,000000000027201
900000175787012,13,铺西路西口,000000000027201
900000175787014,14,次石路西口,000000000027201
900000175787015,15,丽水路西口,000000000027201
900000175787016,16,东石东三路南口,000000000027201
900000175787017,17,东石东三路,000000000027201
900000175787018,18,东石东三路北口,000000000027201
900000175787019,19,次渠中路北口,000000000027201
900000175787020,20,丽水路,000000000027201
