stationId,stopNumber,stopName,lineId
110100013721021,1,公交技校,000000058155810
110100013721003,2,房山马厂,000000058155810
110100013721040,3,房山高岭北,000000058155810
110100013721030,4,房山长营北,000000058155810
110100013721037,5,北京农业职业学院,000000058155810
110100013721032,6,天泰新景家园,000000058155810
110100013721038,7,宜居园,000000058155810
110100013721034,8,稻田回迁楼小区南,000000058155810
110100013721043,9,高佃一路南口,000000058155810
110100013721044,10,高佃一路,000000058155810
110100013721023,11,地铁稻田站南,000000058155810
110100013721024,12,地铁稻田站北,000000058155810
110100013721025,13,金域缇香小区,000000058155810
110100013721036,14,靠山居艺墅,000000058155810
110100013721013,15,大宁二路西口,000000058155810
110100013721048,16,大宁山庄西门(临时站),000000058155810
110100013721014,17,北京十中,000000058155810
110100013721042,18,长辛店医院,000000058155810
110100013721015,19,长辛店南口,000000058155810
110100013721035,20,长辛店,000000058155810
110100013721016,21,长辛店北口,000000058155810
110100013721017,22,杜家坎南,000000058155810
110100013721039,23,杜家坎北,000000058155810
110100013721018,24,地铁园博园站,000000058155810
