stationId,stopNumber,stopName,lineId
110100014386052,1,香河总站,000000058226151
110100014386053,2,香河白庙村南口,000000058226151
110100014386054,3,香河文化广场,000000058226151
110100014386055,4,香河文化广场西,000000058226151
110100014386056,5,香河三中,000000058226151
110100014386109,6,香河新华大街西口,000000058226151
110100014386100,7,香河新城广场,000000058226151
110100014386058,8,香河文化艺术中心,000000058226151
110100014386110,9,香河汽配城,000000058226151
110100014386059,10,郭辛庄西口,000000058226151
110100014386103,11,青海城小区,000000058226151
110100014386061,12,牛牧屯桥东,000000058226151
110100014386062,13,杜店村,000000058226151
110100014386063,14,大灰店村,000000058226151
110100014386064,15,林屯村,000000058226151
110100014386065,16,西集,000000058226151
110100014386066,17,武辛庄村,000000058226151
110100014386067,18,望君疃村,000000058226151
110100014386068,19,杜柳棵村,000000058226151
110100014386069,20,任辛庄村,000000058226151
110100014386070,21,通州小辛庄村,000000058226151
110100014386071,22,供给店村,000000058226151
110100014386072,23,沙古堆村,000000058226151
110100014386073,24,沙古堆村西,000000058226151
110100014386074,25,姚辛庄南口,000000058226151
110100014386075,26,姚辛庄北口,000000058226151
110100014386076,27,里二泗村,000000058226151
110100014386077,28,里二泗村北口,000000058226151
110100014386078,29,武窑村,000000058226151
110100014386079,30,上店村路口,000000058226151
110100014386080,31,武兴路口,000000058226151
110100014386081,32,梁各庄村,000000058226151
110100014386082,33,张辛庄村,000000058226151
110100014386083,34,张辛庄村西,000000058226151
110100014386084,35,张家湾开发区,000000058226151
110100014386085,36,北许场村,000000058226151
110100014386086,37,土桥新桥东,000000058226151
110100014386087,38,土桥欣村,000000058226151
110100014386088,39,地铁土桥站,000000058226151
110100014386089,40,地铁临河里站,000000058226151
110100014386090,41,通州小街桥东,000000058226151
110100014386091,42,地铁梨园站,000000058226151
110100014386092,43,杨家洼,000000058226151
110100014386106,44,九棵树,000000058226151
110100014386107,45,地铁九棵树站,000000058226151
110100014386094,46,果园北,000000058226151
110100014386095,47,潞河医院,000000058226151
110100014386096,48,通州佟麟阁大街,000000058226151
110100014386097,49,西大街路口西,000000058226151
110100014386102,50,通州西门路口东,000000058226151
110100014386105,51,通州北苑路口东,000000058226151
110100014386099,52,通州北苑路口西,000000058226151
110100014386104,53,通州西站,000000058226151
