stationId,stopNumber,stopName,lineId
110100014432032,1,送变电公司路口西,000000058238170
110100014432033,2,行宫南门路口,000000058238170
110100014432045,3,良乡北关西,000000058238170
110100014432003,4,西潞园,000000058238170
110100014432004,5,良乡西门,000000058238170
110100014432005,6,西潞南大街,000000058238170
110100014432006,7,地铁良乡南关站西,000000058238170
110100014432034,8,苏庄东街南口,000000058238170
110100014432035,9,地铁苏庄站,000000058238170
110100014432007,10,苏庄西街南口,000000058238170
110100014432008,11,阎村,000000058238170
110100014432009,12,北京理工大学分校,000000058238170
110100014432010,13,大紫草坞村,000000058238170
110100014432011,14,房山吴庄,000000058238170
110100014432012,15,新镇,000000058238170
110100014432013,16,北坊村,000000058238170
110100014432014,17,原子能研究院,000000058238170
110100014432041,18,大苑上南,000000058238170
110100014432036,19,大苑上村,000000058238170
110100014432015,20,房山沙窝,000000058238170
110100014432037,21,房山沙窝北站,000000058238170
110100014432042,22,坨里村口,000000058238170
110100014432039,23,坨里,000000058238170
110100014432017,24,坨里北站,000000058238170
110100014432018,25,化工厂路口,000000058238170
110100014432051,26,辛开口东(临时站),000000058238170
110100014432019,27,辛开口,000000058238170
110100014432020,28,漫水河,000000058238170
110100014432038,29,惠景新苑小区,000000058238170
110100014432063,30,磁家务(临时站),000000058238170
110100014432053,31,石花洞路口,000000058238170
110100014432054,32,三福村路口,000000058238170
110100014432055,33,三福村,000000058238170
110100014432056,34,河东村,000000058238170
110100014432058,35,东庄子南(临时站),000000058238170
110100014432057,36,东庄子,000000058238170
110100014432029,37,李各庄,000000058238170
110100014432030,38,河北镇邮局,000000058238170
110100014432040,39,河南村村口(临时站),000000058238170
110100014432031,40,河北镇辛庄,000000058238170
