stationId,stopNumber,stopName,lineId
110100014392002,1,诸葛店,000000058228841
110100014392020,2,美林小区北门,000000058228841
110100014392025,3,美林小区南门,000000058228841
110100014392022,4,星河皓月小区北门,000000058228841
110100014392026,5,星河皓月小区南门,000000058228841
110100014392029,6,燕京新城,000000058228841
110100014392018,7,世纪名苑,000000058228841
110100014392028,8,意华小区,000000058228841
110100014392023,9,东方夏威夷小区西门,000000058228841
110100014392021,10,东方夏威夷小区东门,000000058228841
110100014392012,11,中赵甫村,000000058228841
110100014392013,12,防灾科技学院,000000058228841
110100014392027,13,交通干部管理学院,000000058228841
110100014392015,14,燕灵路口,000000058228841
110100014392019,15,兴达广场小区,000000058228841
110100014392017,16,郎家园,000000058228841
