stationId,stopNumber,stopName,lineId
110100013478017,1,北京站前街,000000058401230
110100013478003,2,外交部街,000000058401230
110100013478004,3,禄米仓,000000058401230
110100013478005,4,演乐胡同,000000058401230
110100013478006,5,朝内小街,000000058401230
110100013478018,6,东四六条,000000058401230
110100013478008,7,东四九条,000000058401230
110100013478009,8,海运仓,000000058401230
110100013478010,9,东内小街,000000058401230
110100013478011,10,东直门内,000000058401230
110100013478021,11,东直门,000000058401230
110100013478013,12,春秀路,000000058401230
110100013478014,13,塔园村,000000058401230
110100013478019,14,新源里,000000058401230
110100013478020,15,左家庄,000000058401230
