stationId,stopNumber,stopName,lineId
110100014405002,1,大地公交场站,000000058231991
110100014405003,2,垛子,000000058231991
110100014405004,3,麦庄,000000058231991
110100014405005,4,次渠水管站,000000058231991
110100014405006,5,地铁次渠站,000000058231991
110100014405007,6,次渠,000000058231991
110100014405008,7,敬园小区,000000058231991
110100014405037,8,次渠西口,000000058231991
110100014405009,9,嘉创二路路口西,000000058231991
110100014405010,10,科创五街东口,000000058231991
110100014405011,11,北神树西口,000000058231991
110100014405012,12,梧桐公园,000000058231991
110100014405013,13,小康小区,000000058231991
110100014405014,14,小羊坊,000000058231991
110100014405015,15,大羊坊桥东,000000058231991
110100014405016,16,大羊坊桥西,000000058231991
110100014405017,17,荣华桥东,000000058231991
110100014405018,18,恋日绿岛,000000058231991
110100014405019,19,十八里店南桥,000000058231991
110100014405020,20,小红门桥,000000058231991
110100014405021,21,肖村桥,000000058231991
110100014405022,22,红寺桥,000000058231991
110100014405023,23,榴乡桥西,000000058231991
110100014405024,24,彩虹城小区,000000058231991
110100014405025,25,石榴园南,000000058231991
110100014405026,26,石榴园,000000058231991
110100014405027,27,赵公口桥南,000000058231991
110100014405028,28,木樨园桥东,000000058231991
110100014405029,29,木樨园桥西,000000058231991
110100014405030,30,洋桥西,000000058231991
110100014405031,31,草桥,000000058231991
110100014405032,32,玉泉营桥西,000000058231991
110100014405033,33,夏家胡同,000000058231991
110100014405041,34,丽泽桥,000000058231991
110100014405034,35,西局,000000058231991
110100014405035,36,六里桥南,000000058231991
110100014405040,37,六里桥北,000000058231991
110100014405039,38,莲花池南路,000000058231991
