stationId,stopNumber,stopName,lineId
110100013675033,1,田府北街西口,000000058150900
110100013675042,2,文旅路,000000058150900
110100013675039,3,曹园逸家小区,000000058150900
110100013675040,4,日新路口东,000000058150900
110100013675031,5,地铁万盛东站,000000058150900
110100013675024,6,大马庄南站,000000058150900
110100013675004,7,大马庄,000000058150900
110100013675005,8,群芳园,000000058150900
110100013675006,9,云景里,000000058150900
110100013675007,10,云景东路,000000058150900
110100013675029,11,杨家洼路口南,000000058150900
110100013675008,12,杨家洼,000000058150900
110100013675009,13,九棵树,000000058150900
110100013675041,14,地铁九棵树站,000000058150900
110100013675011,15,果园北,000000058150900
110100013675012,16,潞河医院,000000058150900
110100013675013,17,通州佟麟阁大街,000000058150900
110100013675014,18,西大街路口西,000000058150900
110100013675015,19,通州西门路口东,000000058150900
110100013675016,20,通州北苑路口东,000000058150900
110100013675034,21,通州北苑路口西,000000058150900
110100013675025,22,通州杨庄北口,000000058150900
110100013675018,23,新华联锦园,000000058150900
110100013675032,24,新华联锦园南,000000058150900
110100013675019,25,通州杨庄,000000058150900
110100013675030,26,通州杨庄南口,000000058150900
110100013675037,27,怡乐中路北口,000000058150900
110100013675036,28,新华联家园西门,000000058150900
110100013675021,29,北探小区,000000058150900
110100013675022,30,通州半壁店东,000000058150900
110100013675023,31,怡乐南街公交场站,000000058150900
