stationId,stopNumber,stopName,lineId
110100015881067,1,疃里一区,000000058199291
110100015881068,2,通州李庄北,000000058199291
110100015881052,3,通州李庄,000000058199291
110100015881064,4,李庄佳苑,000000058199291
110100015881065,5,苏坨新村,000000058199291
110100015881066,6,潞苑五街东口,000000058199291
110100015881039,7,小潞邑北站,000000058199291
110100015881006,8,小潞邑,000000058199291
110100015881007,9,耿庄桥北,000000058199291
110100015881008,10,北京胸科医院,000000058199291
110100015881040,11,北京物资学院南站,000000058199291
110100015881043,12,天赐良园,000000058199291
110100015881010,13,北京物资学院,000000058199291
110100015881047,14,邓家窑,000000058199291
110100015881011,15,地铁草房站东,000000058199291
110100015881012,16,地铁草房站,000000058199291
110100015881013,17,东十里堡村,000000058199291
110100015881014,18,高安屯路南口,000000058199291
110100015881044,19,地铁常营站,000000058199291
110100015881015,20,常营路口东,000000058199291
110100015881016,21,常营西站,000000058199291
110100015881017,22,黄渠村,000000058199291
110100015881041,23,地铁褡裢坡站,000000058199291
110100015881019,24,白家楼桥东,000000058199291
110100015881020,25,亮马厂,000000058199291
110100015881021,26,黄杉木店,000000058199291
110100015881022,27,青年路口西,000000058199291
110100015881023,28,十里堡北里,000000058199291
110100015881024,29,石佛营路南口,000000058199291
110100015881025,30,石佛营路,000000058199291
110100015881026,31,石佛营东里,000000058199291
110100015881027,32,豆各庄路口南,000000058199291
110100015881028,33,豆各庄路口西,000000058199291
110100015881029,34,朝阳公园桥东,000000058199291
110100015881042,35,朝阳公园南门,000000058199291
110100015881031,36,甜水园街北口,000000058199291
110100015881032,37,团结湖,000000058199291
110100015881069,38,长虹桥北,000000058199291
110100015881033,39,亮马桥,000000058199291
110100015881034,40,燕莎桥南,000000058199291
110100015881035,41,燕莎桥西,000000058199291
110100015881036,42,新源南路西口,000000058199291
110100015881037,43,新源里,000000058199291
110100015881038,44,左家庄,000000058199291
