stationId,stopNumber,stopName,lineId
900000123755001,1,马连道,000010528356190
900000123755002,2,马连道南口,000010528356190
900000123755003,3,红莲南路西口,000010528356190
900000123755004,4,红莲南路,000010528356190
900000123755005,5,红莲南里,000010528356190
900000123755006,6,莲花晴园,000010528356190
900000123755014,7,白纸坊桥西,000010528356190
900000123755007,8,白纸坊桥南,000010528356190
900000123755008,9,菜户营桥北,000010528356190
900000123755016,10,菜户营桥东,000010528356190
900000123755015,11,玉林西路,000010528356190
900000123755009,12,西铁营,000010528356190
900000123755010,13,中顶村,000010528356190
900000123755011,14,福宜街,000010528356190
900000123755012,15,福宜街东口,000010528356190
900000123755013,16,翠林小区,000010528356190
