stationId,stopNumber,stopName,lineId
110100011394057,1,地铁上地站,000000058272910
110100011394058,2,上地佳园,000000058272910
110100011394059,3,上地三街东口,000000058272910
110100011394060,4,上地五街,000000058272910
110100011394061,5,上地七街,000000058272910
110100011394062,6,软件园南站,000000058272910
110100011394063,7,东北旺,000000058272910
110100011394064,8,东北旺西,000000058272910
110100011394065,9,软件园西区,000000058272910
110100011394066,10,东北旺西路北口,000000058272910
110100011394067,11,后厂村东,000000058272910
110100011394068,12,后厂村路,000000058272910
110100011394072,13,后厂村路西口,000000058272910
110100011394073,14,百旺新城,000000058272910
110100011394049,15,中海枫涟山庄北门,000000058272910
110100011394069,16,中海枫涟山庄东门,000000058272910
110100011394070,17,秋露园,000000058272910
110100011394071,18,夏霖园,000000058272910
110100011394050,19,土井村南口,000000058272910
110100011394052,20,土井村西口,000000058272910
