stationId,stopNumber,stopName,lineId
110100013899032,1,明春苑,000000058314851
110100013899061,2,羊坊村,000000058314851
110100013899033,3,高鑫家园,000000058314851
110100013899058,4,康润家园,000000058314851
110100013899034,5,丰葆路东口,000000058314851
110100013899035,6,世界公园,000000058314851
110100013899036,7,田何庄,000000058314851
110100013899037,8,六圈,000000058314851
110100013899038,9,科丰桥南,000000058314851
110100013899039,10,富丰桥南,000000058314851
110100013899040,11,看丹桥,000000058314851
110100013899041,12,看丹桥北,000000058314851
110100013899060,13,正阳桥东,000000058314851
110100013899043,14,正阳大街,000000058314851
110100013899044,15,东大街南口,000000058314851
110100013899045,16,游泳场北路东口,000000058314851
110100013899046,17,东大街,000000058314851
110100013899047,18,东大街北口,000000058314851
110100013899048,19,万丰路南口,000000058314851
110100013899049,20,于庄子,000000058314851
110100013899050,21,小井路口东,000000058314851
110100013899051,22,六里桥西,000000058314851
110100013899052,23,六里桥东,000000058314851
110100013899053,24,莲花池,000000058314851
110100013899054,25,湾子,000000058314851
110100013899055,26,广外甘石桥,000000058314851
110100013899056,27,达官营,000000058314851
110100013899057,28,广外关厢,000000058314851
