stationId,stopNumber,stopName,lineId
900000126033001,1,地铁苏庄站,000010680357301
900000126033002,2,苏庄西街南口,000010680357301
900000126033003,3,阎村桥,000010680357301
900000126033004,4,炒米店路口,000010680357301
900000126033005,5,阎村,000010680357301
900000126033006,6,北京理工大学分校,000010680357301
900000126033007,7,大紫草坞村,000010680357301
900000126033008,8,房山吴庄,000010680357301
900000126033009,9,房山吴庄北,000010680357301
900000126033010,10,千禧家园,000010680357301
900000126033013,11,千禧家园北,000010680357301
900000126033014,12,紫瑞南路小区,000010680357301
900000126033012,13,万紫嘉园南站,000010680357301
900000126033011,14,万紫嘉园,000010680357301
