stationId,stopNumber,stopName,lineId
110100013765002,1,北京西站南广场,000000058342270
110100013765003,2,湾子,000000058342270
110100013765004,3,广外甘石桥,000000058342270
110100013765005,4,达官营,000000058342270
110100013765040,5,广外关厢,000000058342270
110100013765006,6,广安门南,000000058342270
110100013765007,7,椿树馆街,000000058342270
110100013765008,8,白纸坊桥南,000000058342270
110100013765009,9,菜户营桥北,000000058342270
110100013765010,10,玉泉营桥北,000000058342270
110100013765011,11,玉泉营桥,000000058342270
110100013765012,12,玉泉营桥南,000000058342270
110100013765013,13,马家楼桥北,000000058342270
110100013765014,14,新发地北,000000058342270
110100013765015,15,新发地村,000000058342270
110100013765031,16,九龙山庄,000000058342270
110100013765039,17,西红门北站,000000058342270
110100013765041,18,西红门南站,000000058342270
110100013765018,19,郁花园,000000058342270
110100013765019,20,高米店,000000058342270
110100013765020,21,康庄路东口,000000058342270
110100013765042,22,洪村东,000000058342270
110100013765021,23,洪村,000000058342270
110100013765032,24,地铁枣园站,000000058342270
110100013765036,25,枣园东巷南口,000000058342270
110100013765037,26,枣园路口南,000000058342270
110100013765033,27,丽园小区,000000058342270
110100013765034,28,成庄巷路口,000000058342270
110100013765035,29,丽园路公交场站,000000058342270
