stationId,stopNumber,stopName,lineId
110100013660002,1,黄村火车站,000000058150801
110100013660003,2,黄村火车站东,000000058150801
110100013660004,3,林校北路,000000058150801
110100013660005,4,大兴桥西,000000058150801
110100013660006,5,兴政街东口,000000058150801
110100013660007,6,黄村东大街东口北,000000058150801
110100013660008,7,团河路西口,000000058150801
110100013660009,8,清源路东口,000000058150801
110100013660010,9,滨河东里,000000058150801
110100013660042,10,福海路西口,000000058150801
110100013660011,11,康庄路东口,000000058150801
110100013660012,12,高米店,000000058150801
110100013660013,13,郁花园,000000058150801
110100013660039,14,西红门南站,000000058150801
110100013660015,15,西红门,000000058150801
110100013660016,16,福利农场,000000058150801
110100013660017,17,同兴园,000000058150801
110100013660041,18,西营房西,000000058150801
110100013660018,19,西营房,000000058150801
110100013660019,20,红房子路口南,000000058150801
110100013660030,21,红房子路口东,000000058150801
110100013660031,22,新华路南口,000000058150801
110100013660020,23,三营门,000000058150801
110100013660021,24,和义南站,000000058150801
110100013660022,25,和义农场,000000058150801
110100013660023,26,久敬庄,000000058150801
110100013660032,27,大红门桥东,000000058150801
110100013660033,28,大红门东桥西,000000058150801
110100013660034,29,彩虹城小区,000000058150801
110100013660035,30,石榴园南,000000058150801
110100013660036,31,石榴园东,000000058150801
110100013660037,32,宋家庄枢纽站,000000058150801
