stationId,stopNumber,stopName,lineId
110100013238002,1,大兴一职,000000058445511
110100013238003,2,大兴宋庄,000000058445511
110100013238004,3,大兴宋庄东站,000000058445511
110100013238005,4,佟馨家园南,000000058445511
110100013238008,5,义和庄北口,000000058445511
110100013238009,6,兴政街西口,000000058445511
110100013238010,7,黄村西大街,000000058445511
110100013238011,8,化纤俱乐部,000000058445511
110100013238012,9,清源西里,000000058445511
110100013238013,10,兴华园,000000058445511
110100013238014,11,大兴小营,000000058445511
110100013238015,12,洪村,000000058445511
110100013238016,13,康顺园小区,000000058445511
110100013238017,14,高米店,000000058445511
110100013238018,15,泰中花园,000000058445511
110100013238019,16,广阳大街,000000058445511
110100013238020,17,中国公安大学西站,000000058445511
110100013238021,18,中国公安大学东站,000000058445511
110100013238022,19,金荣园,000000058445511
110100013238023,20,大白楼,000000058445511
110100013238024,21,寿宝庄,000000058445511
110100013238054,22,宏祥路东口,000000058445511
110100013238025,23,团河路北口,000000058445511
110100013238026,24,西营房,000000058445511
110100013238055,25,西营房西,000000058445511
110100013238027,26,槐房西路,000000058445511
110100013238051,27,同兴园小区东门,000000058445511
110100013238052,28,南庭新苑南区,000000058445511
110100013238028,29,南庭新苑北区,000000058445511
110100013238056,30,地铁新宫站,000000058445511
110100013238057,31,槐房西路北站,000000058445511
110100013238058,32,槐新公园,000000058445511
110100013238059,33,公益西桥北,000000058445511
110100013238060,34,地铁公益西桥站,000000058445511
110100013238061,35,四顷三村,000000058445511
110100013238062,36,地铁角门西站,000000058445511
110100013238063,37,嘉园二里东门,000000058445511
110100013238064,38,马家堡小区,000000058445511
110100013238065,39,角门北路,000000058445511
110100013238066,40,角门北路东口,000000058445511
110100013238067,41,马家堡东口,000000058445511
110100013238068,42,洋桥东,000000058445511
110100013238069,43,木樨园桥西,000000058445511
110100013238040,44,木樨园桥东,000000058445511
110100013238041,45,刘家窑桥西,000000058445511
