stationId,stopNumber,stopName,lineId
110100014363002,1,鲁谷公交场站,000000058219431
110100014363003,2,十院,000000058219431
110100014363004,3,鲁谷路东口,000000058219431
110100014363005,4,玉泉路口南,000000058219431
110100014363006,5,玉泉路口北,000000058219431
110100014363007,6,正大路西口,000000058219431
110100014363008,7,航天中心医院,000000058219431
110100014363009,8,金沟河路西口,000000058219431
110100014363010,9,玉海园南口,000000058219431
110100014363011,10,铁家坟东,000000058219431
110100014363012,11,金沟河路,000000058219431
110100014363013,12,金沟河路东口,000000058219431
110100014363034,13,金沟河东路,000000058219431
110100014363035,14,万寿庄西,000000058219431
110100014363019,15,万寿庄,000000058219431
110100014363020,16,翠微南里,000000058219431
110100014363021,17,翠微东里,000000058219431
110100014363022,18,普惠南里,000000058219431
110100014363023,19,柳林馆,000000058219431
110100014363024,20,玉渊潭南门,000000058219431
110100014363025,21,军事博物馆,000000058219431
110100014363026,22,木樨地西,000000058219431
110100014363027,23,公安大学,000000058219431
110100014363028,24,真武庙三里,000000058219431
110100014363029,25,真武庙四里,000000058219431
110100014363030,26,西便门外,000000058219431
110100014363031,27,槐柏树街西口,000000058219431
110100014363032,28,核桃园,000000058219431
110100014363033,29,核桃园东街,000000058219431
