stationId,stopNumber,stopName,lineId
900000135318001,1,地铁上岸站,000011602273141
900000135318002,2,新泰路口,000011602273141
900000135318003,3,地铁栗园庄站,000011602273141
900000135318018,4,新龙路口,000011602273141
900000135318004,5,栗园庄,000011602273141
900000135318005,6,小园村,000011602273141
900000135318006,7,石门营,000011602273141
900000135318007,8,石门营新区,000011602273141
900000135318008,9,石厂村,000011602273141
900000135318009,10,华侨陵园,000011602273141
900000135318010,11,苛罗坨,000011602273141
900000135318011,12,戒台寺,000011602273141
900000135318012,13,门头沟南村,000011602273141
900000135318013,14,鲁家滩村口,000011602273141
900000135318014,15,鲁家滩西口,000011602273141
900000135318015,16,潭柘寺镇政府,000011602273141
900000135318016,17,南辛房,000011602273141
900000135318017,18,潭柘寺镇桑峪村,000011602273141
