stationId,stopNumber,stopName,lineId
110100014358002,1,核桃园东街,000000058218081
110100014358030,2,广安门内,000000058218081
110100014358031,3,广外关厢,000000058218081
110100014358004,4,达官营,000000058218081
110100014358005,5,广外甘石桥,000000058218081
110100014358006,6,湾子,000000058218081
110100014358007,7,莲花池,000000058218081
110100014358008,8,六里桥东,000000058218081
110100014358009,9,六里桥北,000000058218081
110100014358010,10,公主坟南,000000058218081
110100014358011,11,公主坟西,000000058218081
110100014358012,12,翠微路口,000000058218081
110100014358013,13,万寿路口西,000000058218081
110100014358014,14,东翠路口,000000058218081
110100014358015,15,沙沟路口西,000000058218081
110100014358016,16,五棵松桥东,000000058218081
110100014358017,17,永定路口东,000000058218081
110100014358018,18,玉泉路口东,000000058218081
110100014358019,19,八宝山,000000058218081
110100014358020,20,地铁八宝山站,000000058218081
110100014358032,21,鲁谷西站,000000058218081
110100014358022,22,焦家坟路口东,000000058218081
110100014358023,23,焦家坟路口南,000000058218081
110100014358024,24,吴庄,000000058218081
110100014358025,25,吴庄南,000000058218081
110100014358033,26,张仪村北站,000000058218081
110100014358027,27,张仪村,000000058218081
110100014358034,28,张仪村西站,000000058218081
110100014358029,29,张仪村公交场站,000000058218081
