stationId,stopNumber,stopName,lineId
110100015453033,1,翟里村,000000058237720
110100015453002,2,关辛庄,000000058237720
110100015453003,3,西赵村,000000058237720
110100015453004,4,港北村,000000058237720
110100015453019,5,南庄头,000000058237720
110100015453032,6,北庄头,000000058237720
110100015453020,7,沮沟村,000000058237720
110100015453021,8,堡子,000000058237720
110100015453022,9,顺义官庄路口,000000058237720
110100015453023,10,永青村,000000058237720
110100015453024,11,郭庄路口,000000058237720
110100015453025,12,南河,000000058237720
110100015453026,13,南河路口,000000058237720
110100015453027,14,沿河,000000058237720
110100015453028,15,北河道口,000000058237720
110100015453029,16,西大坨,000000058237720
110100015453030,17,沿河路口,000000058237720
110100015453031,18,李天桥,000000058237720
110100015453018,19,顺义半壁店,000000058237720
