stationId,stopNumber,stopName,lineId
110100016120002,1,冯村公交场站,000000058461891
110100016120003,2,冯西园,000000058461891
110100016120076,3,冯西园东,000000058461891
110100016120062,4,冯村南口,000000058461891
110100016120077,5,丽景长安小区北,000000058461891
110100016120063,6,冯村大桥,000000058461891
110100016120006,7,冯村,000000058461891
110100016120007,8,永定中学,000000058461891
110100016120080,9,葡萄嘴路口南,000000058461891
110100016120082,10,葡萄嘴路口北,000000058461891
110100016120008,11,葡东小区,000000058461891
110100016120078,12,倚山嘉园,000000058461891
110100016120009,13,滨河西区,000000058461891
110100016120010,14,双峪,000000058461891
110100016120011,15,新桥大街,000000058461891
110100016120012,16,河滩北站,000000058461891
110100016120013,17,城子,000000058461891
110100016120014,18,城子北站,000000058461891
110100016120015,19,三家店西口,000000058461891
110100016120017,20,三家店,000000058461891
110100016120064,21,三家店东口,000000058461891
110100016120018,22,石景山南宫,000000058461891
110100016120019,23,五里坨,000000058461891
110100016120020,24,黑石头,000000058461891
110100016120021,25,石景山高井,000000058461891
110100016120022,26,高井路口西,000000058461891
110100016120068,27,模式口西里,000000058461891
110100016120023,28,首钢小区,000000058461891
110100016120024,29,石景山,000000058461891
110100016120085,30,金安桥东,000000058461891
110100016120025,31,金顶南路,000000058461891
110100016120026,32,地铁苹果园站,000000058461891
110100016120027,33,苹果园东,000000058461891
110100016120028,34,苹果园中学,000000058461891
110100016120029,35,苹果园南路东口,000000058461891
110100016120030,36,西黄村西口,000000058461891
110100016120079,37,西黄村,000000058461891
110100016120081,38,廖公庄西,000000058461891
110100016120031,39,廖公庄,000000058461891
110100016120032,40,地铁廖公庄站,000000058461891
110100016120033,41,什坊院,000000058461891
110100016120034,42,田村西口,000000058461891
110100016120035,43,田村中街,000000058461891
110100016120086,44,畅茜园小区,000000058461891
110100016120036,45,田村,000000058461891
110100016120037,46,田村半壁店,000000058461891
110100016120038,47,五孔桥,000000058461891
110100016120039,48,定慧桥北,000000058461891
110100016120040,49,定慧寺东,000000058461891
110100016120041,50,西钓鱼台,000000058461891
110100016120042,51,航天桥西,000000058461891
110100016120043,52,航天桥南,000000058461891
110100016120044,53,八一湖,000000058461891
110100016120045,54,公主坟北,000000058461891
110100016120046,55,公主坟南,000000058461891
110100016120047,56,六里桥北里,000000058461891
110100016120048,57,六里桥南,000000058461891
110100016120071,58,西局,000000058461891
110100016120083,59,丽泽桥东,000000058461891
110100016120087,60,三路居,000000058461891
110100016120084,61,中国戏曲学院站,000000058461891
110100016120088,62,菜户营桥西,000000058461891
