stationId,stopNumber,stopName,lineId
110100015441001,1,地铁北苑路北站,000000058537720
110100015441002,2,北苑,000000058537720
110100015441003,3,辛店村,000000058537720
110100015441004,4,辛店路西口,000000058537720
110100015441005,5,新新家园西站,000000058537720
110100015441006,6,新新家园,000000058537720
110100015441007,7,北湖渠,000000058537720
110100015441008,8,东湖,000000058537720
110100015441009,9,利泽西街东口,000000058537720
110100015441010,10,望京花园西区,000000058537720
110100015441011,11,侯庄路口南,000000058537720
110100015441012,12,大西洋新城东门,000000058537720
110100015441013,13,地铁阜通站,000000058537720
110100015441018,14,望花路东里,000000058537720
110100015441014,15,地铁望京南站,000000058537720
110100015441015,16,大山子路口东,000000058537720
110100015441016,17,北京电机总厂,000000058537720
110100015441017,18,环行铁道,000000058537720
