stationId,stopNumber,stopName,lineId
900000042845001,1,沙河,000001460652910
900000042845002,2,沙河北大桥,000001460652910
900000042845003,3,路庄,000001460652910
900000042845004,4,丰善,000001460652910
900000042845005,5,地铁沙河站西,000001460652910
900000042845006,6,地铁沙河站,000001460652910
900000042845007,7,松兰堡西站,000001460652910
900000042845008,8,松兰堡,000001460652910
900000042845019,9,绿城雅居小区,000001460652910
900000042845020,10,秦上路西站,000001460652910
900000042845021,11,绿城阳光小区,000001460652910
900000042845022,12,上东廓桥西,000001460652910
900000042845023,13,上东廓桥东,000001460652910
900000042845024,14,上东廓,000001460652910
