stationId,stopNumber,stopName,lineId
110100015260002,1,小红门牌坊村,000000058472361
110100015260003,2,牌坊村东口,000000058472361
110100015260004,3,恋日绿岛南门,000000058472361
110100015260005,4,恋日绿岛,000000058472361
110100015260006,5,十八里店南桥,000000058472361
110100015260007,6,小红门桥,000000058472361
110100015260008,7,肖村桥,000000058472361
110100015260009,8,肖村桥北,000000058472361
110100015260026,9,郭家村南站,000000058472361
110100015260010,10,郭家村,000000058472361
110100015260011,11,丰台苇子坑,000000058472361
110100015260027,12,铜厂,000000058472361
110100015260028,13,南窑,000000058472361
110100015260029,14,宋家庄,000000058472361
110100015260015,15,地铁宋家庄站,000000058472361
110100015260016,16,双庙北,000000058472361
110100015260017,17,双庙西,000000058472361
110100015260018,18,南顶路口,000000058472361
110100015260025,19,南顶路,000000058472361
110100015260019,20,彩虹城小区,000000058472361
110100015260020,21,大红门桥,000000058472361
110100015260021,22,公益东桥,000000058472361
110100015260022,23,公益桥,000000058472361
110100015260023,24,公益西桥北,000000058472361
110100015260024,25,地铁公益西桥站,000000058472361
