stationId,stopNumber,stopName,lineId
110100012995002,1,骊龙园西门,000000058642141
110100012995003,2,风雅园南,000000058642141
110100012995004,3,通达园北门,000000058642141
110100012995005,4,慧华苑小区北门,000000058642141
110100012995012,5,国仕汇小区北门,000000058642141
110100012995013,6,天露园小区,000000058642141
110100012995014,7,天露园东站,000000058642141
110100012995015,8,三合庄园,000000058642141
110100012995016,9,龙华园北,000000058642141
110100012995017,10,龙华园南,000000058642141
110100012995018,11,地铁龙泽站,000000058642141
110100012995019,12,二拨子南,000000058642141
110100012995006,13,二拨子,000000058642141
110100012995007,14,百嘉城小区北门,000000058642141
110100012995008,15,天露园北站,000000058642141
110100012995009,16,回南北路,000000058642141
110100012995010,17,地铁育知路站,000000058642141
110100012995011,18,骊龙园西门,000000058642141
