stationId,stopNumber,stopName,lineId
110100013382002,1,龙潭公园,000000058382130
110100013382003,2,北京体育馆,000000058382130
110100013382004,3,北京体育馆西,000000058382130
110100013382005,4,法华寺,000000058382130
110100013382006,5,红桥路口北,000000058382130
110100013382007,6,磁器口北,000000058382130
110100013382009,7,崇文门内,000000058382130
110100013382010,8,东单路口北,000000058382130
110100013382011,9,米市大街,000000058382130
110100013382023,10,灯市东口,000000058382130
110100013382012,11,东四路口南,000000058382130
110100013382013,12,钱粮胡同,000000058382130
110100013382024,13,魏家胡同,000000058382130
110100013382014,14,东四十二条,000000058382130
110100013382015,15,北新桥路口南,000000058382130
110100013382028,16,北新桥路口北,000000058382130
110100013382016,17,雍和宫,000000058382130
110100013382017,18,雍和宫桥东,000000058382130
110100013382018,19,北小街豁口,000000058382130
110100013382026,20,和平里南口,000000058382130
110100013382027,21,砖角楼,000000058382130
110100013382025,22,东土城路,000000058382130
110100013382021,23,地铁柳芳站,000000058382130
