stationId,stopNumber,stopName,lineId
110100015407086,1,首发物流,000009588484691
110100015407003,2,苏庄西街南口,000009588484691
110100015407074,3,苏庄大街,000009588484691
110100015407075,4,苏庄中路,000009588484691
110100015407007,5,苏庄东街,000009588484691
110100015407077,6,良乡西门,000009588484691
110100015407054,7,西潞园,000009588484691
110100015407055,8,西潞北大街,000009588484691
110100015407068,9,良坨路口,000009588484691
110100015407012,10,北潞园东门,000009588484691
110100015407013,11,固村村口,000009588484691
110100015407056,12,安庄村,000009588484691
110100015407015,13,芳菲小区,000009588484691
110100015407087,14,詹庄北,000009588484691
110100015407016,15,北刘庄村,000009588484691
110100015407017,16,小苑村,000009588484691
110100015407018,17,大苑村,000009588484691
110100015407019,18,庙儿岗,000009588484691
110100015407078,19,房山豆各庄路口,000009588484691
110100015407057,20,房山豆各庄,000009588484691
110100015407058,21,房山马家坟,000009588484691
110100015407023,22,房山马家坟北口,000009588484691
110100015407059,23,小苑上村,000009588484691
110100015407060,24,小苑上北站,000009588484691
110100015407026,25,土洞,000009588484691
110100015407090,26,焦各庄村南,000009588484691
110100015407061,27,焦各庄南站,000009588484691
110100015407062,28,焦各庄北站,000009588484691
110100015407029,29,南四位小学,000009588484691
110100015407030,30,南四位村,000009588484691
110100015407079,31,南四位路口南,000009588484691
110100015407091,32,南四位路口西,000009588484691
110100015407088,33,北四位,000009588484691
110100015407089,34,北四位西站,000009588484691
110100015407065,35,上万东站,000009588484691
110100015407037,36,上万村,000009588484691
110100015407038,37,上万学校,000009588484691
110100015407066,38,上万西站,000009588484691
110100015407040,39,北车营东,000009588484691
110100015407083,40,尹家坟路口,000009588484691
110100015407041,41,北车营村口,000009588484691
110100015407042,42,北车营,000009588484691
110100015407084,43,北车营七队东,000009588484691
110100015407097,44,北车营公交场站(招呼站),000009588484691
110100015407067,45,北车营七队,000009588484691
110100015407069,46,北车营西,000009588484691
