stationId,stopNumber,stopName,lineId
900000043998001,1,中关村南,000001819767510
900000043998002,2,海淀中街北站,000001819767510
900000043998003,3,北京市地震局,000001819767510
900000043998004,4,海淀桥东,000001819767510
900000043998005,5,中关村一街,000001819767510
900000043998006,6,保福寺桥西,000001819767510
900000043998007,7,昌平西关环岛东,000001819767510
900000043998008,8,建明里小区,000001819767510
900000043998009,9,昌平鼓楼西街,000001819767510
900000043998010,10,昌平鼓楼东街,000001819767510
900000043998011,11,昌平一中,000001819767510
900000043998012,12,松园小区西门,000001819767510
900000043998013,13,亢山广场,000001819767510
900000043998014,14,昌平东关,000001819767510
