stationId,stopNumber,stopName,lineId
110100014040002,1,祁家豁子,000000058508261
110100014040003,2,民族园西路,000000058508261
110100014040004,3,华严里,000000058508261
110100014040005,4,健德门东,000000058508261
110100014040006,5,马甸桥北,000000058508261
110100014040017,6,马甸桥南,000000058508261
110100014040007,7,德外关厢北,000000058508261
110100014040008,8,德外关厢,000000058508261
110100014040009,9,德胜门外,000000058508261
110100014040010,10,德胜门,000000058508261
110100014040016,11,德胜门内,000000058508261
110100014040011,12,蒋养房,000000058508261
110100014040012,13,刘海胡同,000000058508261
110100014040013,14,厂桥路口南,000000058508261
110100014040015,15,后库,000000058508261
110100014040014,16,西安门,000000058508261
