stationId,stopNumber,stopName,lineId
110100013606002,1,昌平北站,000000058442830
110100013606035,2,昌平公园,000000058442830
110100013606036,3,南环中路,000000058442830
110100013606005,4,水屯,000000058442830
110100013606006,5,水屯桥南,000000058442830
110100013606007,6,白浮,000000058442830
110100013606008,7,西沙屯,000000058442830
110100013606009,8,小寨,000000058442830
110100013606010,9,满井,000000058442830
110100013606011,10,路庄桥南,000000058442830
110100013606012,11,朝宗桥北,000000058442830
110100013606013,12,沙河北大桥,000000058442830
110100013606014,13,沙河,000000058442830
110100013606015,14,碧水庄园,000000058442830
110100013606016,15,定福皇庄,000000058442830
110100013606017,16,史各庄,000000058442830
110100013606018,17,史各庄南,000000058442830
110100013606019,18,朱辛庄,000000058442830
110100013606020,19,二拨子,000000058442830
110100013606021,20,北郊农场桥,000000058442830
110100013606022,21,京昌路回龙观,000000058442830
110100013606023,22,回龙观桥南,000000058442830
110100013606024,23,西三旗桥南,000000058442830
110100013606025,24,清河小营桥南,000000058442830
110100013606026,25,清河,000000058442830
110100013606027,26,清河南镇,000000058442830
110100013606028,27,北沙滩桥北,000000058442830
110100013606029,28,安翔桥南,000000058442830
110100013606030,29,祁家豁子,000000058442830
110100013606031,30,马甸桥南,000000058442830
110100013606032,31,德胜门西,000000058442830
