stationId,stopNumber,stopName,lineId
110100013673035,1,霍营公交场站,000000058150871
110100013673007,2,地铁霍营站,000000058150871
110100013673008,3,新康园北区北门,000000058150871
110100013673009,4,文华路南口,000000058150871
110100013673010,5,黄土店,000000058150871
110100013673011,6,地铁育新站,000000058150871
110100013673012,7,育新小区北口,000000058150871
110100013673013,8,邮政研究院,000000058150871
110100013673014,9,西三旗桥东,000000058150871
110100013673015,10,西三旗桥北,000000058150871
110100013673031,11,回龙观桥北,000000058150871
110100013673042,12,回龙观桥南,000000058150871
110100013673036,13,西二旗北路,000000058150871
110100013673043,14,龙域西一路南口,000000058150871
110100013673037,15,回龙观村西区,000000058150871
110100013673038,16,金域华府西门,000000058150871
110100013673039,17,龙域北街,000000058150871
110100013673040,18,融泽嘉园南区北门,000000058150871
110100013673041,19,龙域北街东口,000000058150871
