stationId,stopNumber,stopName,lineId
110100015747002,1,圈门,000000058150861
110100015747043,2,西辛房西,000000058150861
110100015747003,3,西辛房,000000058150861
110100015747044,4,东辛房西,000000058150861
110100015747004,5,东辛房,000000058150861
110100015747005,6,增产路,000000058150861
110100015747045,7,矿建街,000000058150861
110100015747006,8,龙泉西公交场站,000000058150861
110100015747007,9,小黑山,000000058150861
110100015747008,10,河滩,000000058150861
110100015747009,11,新桥大街,000000058150861
110100015747010,12,双峪,000000058150861
110100015747011,13,侯庄子,000000058150861
110100015747012,14,双峪桥,000000058150861
110100015747013,15,麻峪北口,000000058150861
110100015747014,16,麻峪,000000058150861
110100015747015,17,石景山火车站,000000058150861
110100015747016,18,广宁村,000000058150861
110100015747017,19,首钢小西门,000000058150861
110100015747018,20,铸造村,000000058150861
110100015747019,21,金安桥东,000000058150861
110100015747020,22,金顶南路,000000058150861
110100015747021,23,地铁苹果园站,000000058150861
110100015747022,24,苹果园东,000000058150861
110100015747023,25,苹果园中学,000000058150861
110100015747024,26,苹果园南路东口,000000058150861
110100015747025,27,西黄村,000000058150861
110100015747026,28,廖公庄,000000058150861
110100015747027,29,地铁廖公庄站,000000058150861
110100015747028,30,什坊院,000000058150861
110100015747029,31,砂石路口南,000000058150861
110100015747030,32,梁公庵,000000058150861
110100015747031,33,总参通讯干休所,000000058150861
110100015747032,34,田村山南路,000000058150861
110100015747033,35,玉海园西,000000058150861
110100015747034,36,航天中心医院,000000058150861
110100015747046,37,玉泉路口东,000000058150861
110100015747047,38,永定路口东,000000058150861
110100015747048,39,五棵松桥东,000000058150861
110100015747049,40,沙沟路口西,000000058150861
110100015747050,41,东翠路口,000000058150861
110100015747051,42,万寿路口西,000000058150861
110100015747052,43,翠微路口,000000058150861
110100015747053,44,公主坟西,000000058150861
