stationId,stopNumber,stopName,lineId
110100015815018,1,东湖,000000058519701
110100015815019,2,望馨花园,000000058519701
110100015815020,3,望京北路西口,000000058519701
110100015815021,4,望湖公园,000000058519701
110100015815022,5,世安家园,000000058519701
110100015815023,6,南湖中园一区,000000058519701
110100015815005,7,南湖东园,000000058519701
110100015815006,8,南湖南路北口,000000058519701
110100015815007,9,南湖南路,000000058519701
110100015815008,10,花家地西里西站,000000058519701
110100015815009,11,望京桥北,000000058519701
110100015815010,12,太阳宫公园,000000058519701
110100015815011,13,地铁太阳宫站,000000058519701
110100015815012,14,地铁芍药居站,000000058519701
110100015815013,15,对外经贸大学东门,000000058519701
110100015815014,16,中国现代文学馆,000000058519701
110100015815015,17,对外经贸大学北,000000058519701
110100015815016,18,惠新里,000000058519701
110100015815017,19,惠新西街北口,000000058519701
