stationId,stopNumber,stopName,lineId
110100014472002,1,东直门,000000058247450
110100014472003,2,左家庄,000000058247450
110100014472004,3,三元桥,000000058247450
110100014472035,4,北平里,000000058247450
110100014472036,5,岗山路,000000058247450
110100014472007,6,岗山村,000000058247450
110100014472054,7,岗山村南站,000000058247450
110100014472055,8,顺义樱花园北,000000058247450
110100014472056,9,顺义半壁店西站,000000058247450
110100014472057,10,顺义半壁店,000000058247450
110100014472012,11,李天桥,000000058247450
110100014472013,12,李桥,000000058247450
110100014472050,13,李桥北站,000000058247450
110100014472014,14,后桥,000000058247450
110100014472015,15,窑坡,000000058247450
110100014472016,16,山子坟,000000058247450
110100014472017,17,陶家坟,000000058247450
110100014472049,18,林河西站,000000058247450
110100014472018,19,林河开发区,000000058247450
110100014472019,20,平各庄,000000058247450
110100014472021,21,石园南区,000000058247450
110100014472022,22,石园东区,000000058247450
110100014472023,23,石园东区北门,000000058247450
110100014472024,24,石园北区,000000058247450
110100014472051,25,顺义五中,000000058247450
110100014472026,26,东风小学,000000058247450
110100014472027,27,顺义医院,000000058247450
110100014472028,28,便民街东口,000000058247450
110100014472037,29,双兴小区,000000058247450
110100014472038,30,双兴桥,000000058247450
110100014472031,31,牛栏山一中实验学校,000000058247450
110100014472032,32,龙苑别墅,000000058247450
110100014472053,33,大营,000000058247450
110100014472039,34,乡村赛马场,000000058247450
110100014472043,35,马坡花园南,000000058247450
110100014472040,36,马坡花园,000000058247450
