stationId,stopNumber,stopName,lineId
110100014479002,1,孙河公交场站,000000058249211
110100014479003,2,康瑞路北站,000000058249211
110100014479004,3,香苇路,000000058249211
110100014479005,4,康营东路南站,000000058249211
110100014479006,5,康营中街东口,000000058249211
110100014479007,6,苇沟环岛,000000058249211
110100014479008,7,前苇沟,000000058249211
110100014479009,8,蟹岛度假村东门,000000058249211
110100014479010,9,金盏嘉园东,000000058249211
110100014479011,10,金盏嘉园,000000058249211
110100014479012,11,金盏嘉园西,000000058249211
110100014479030,12,京旺东路南口,000000058249211
110100014479031,13,京旺家园六区,000000058249211
110100014479032,14,京旺中路,000000058249211
110100014479016,15,南皋村北口,000000058249211
110100014479017,16,草场地,000000058249211
110100014479027,17,彩虹路,000000058249211
110100014479018,18,大山子路口东,000000058249211
110100014479019,19,大山桥北,000000058249211
110100014479020,20,阜通东大街东口,000000058249211
110100014479021,21,阜通东大街,000000058249211
110100014479022,22,望京医院,000000058249211
110100014479023,23,花家地北里,000000058249211
110100014479024,24,花家地西里,000000058249211
110100014479025,25,花家地西里西站,000000058249211
110100014479033,26,望京桥北,000000058249211
110100014479026,27,地铁望京西站,000000058249211
