stationId,stopNumber,stopName,lineId
900000030016001,1,双花园西里,000000058616641
900000030016002,2,天力街西口,000000058616641
900000030016003,3,惠力路南口,000000058616641
900000030016004,4,双井桥西,000000058616641
900000030016005,5,双井桥东,000000058616641
900000030016006,6,九龙花园,000000058616641
900000030016007,7,九龙山路南口,000000058616641
900000030016008,8,苹果社区,000000058616641
900000030016009,9,黄木厂路北口,000000058616641
900000030016010,10,苹果社区北区,000000058616641
900000030016011,11,百子湾路口西,000000058616641
900000030016012,12,光辉桥西,000000058616641
900000030016013,13,现代城西路,000000058616641
900000030016014,14,八王坟南,000000058616641
