stationId,stopNumber,stopName,lineId
110100014913100,1,黄厂铺村,000000000022741
110100014913050,2,黄厂铺村北口,000000000022741
110100014913149,3,临时站,000000000022741
110100014913130,4,周起营村,000000000022741
110100014913107,5,草厂村南口,000000000022741
110100014913108,6,草厂村南街,000000000022741
110100014913109,7,草厂村中街,000000000022741
110100014913145,8,草厂村北口,000000000022741
110100014913148,9,草厂村西口,000000000022741
110100014913140,10,东鲁村委会,000000000022741
110100014913150,11,东鲁村中街,000000000022741
110100014913146,12,东鲁村大桥,000000000022741
110100014913142,13,漷兴西三街西口,000000000022741
110100014913141,14,漷城西一路,000000000022741
110100014913144,15,人民医院通州院区西,000000000022741
110100014913139,16,翟各庄村西口,000000000022741
110100014913117,17,马务村三队,000000000022741
110100014913118,18,马务村一队,000000000022741
110100014913119,19,苍上村,000000000022741
110100014913016,20,青山路口,000000000022741
110100014913017,21,东永和屯村,000000000022741
110100014913120,22,小北关东口,000000000022741
110100014913121,23,小北关北口,000000000022741
110100014913122,24,通州垡头村,000000000022741
110100014913123,25,中辛庄,000000000022741
110100014913021,26,枣林庄南口,000000000022741
110100014913022,27,枣林庄小学,000000000022741
110100014913023,28,枣林庄北口,000000000022741
110100014913124,29,通州大辛庄,000000000022741
110100014913125,30,月亮湾小区,000000000022741
110100014913126,31,瓜厂村北口,000000000022741
110100014913127,32,瓜厂村东口,000000000022741
110100014913128,33,瓜厂村,000000000022741
110100014913131,34,通州马营,000000000022741
110100014913129,35,张家湾,000000000022741
110100014913077,36,太玉园小区,000000000022741
110100014913090,37,太玉园北口,000000000022741
110100014913147,38,巨星桥北,000000000022741
110100014913034,39,土桥村,000000000022741
110100014913056,40,地铁土桥站,000000000022741
110100014913057,41,地铁临河里站,000000000022741
110100014913036,42,通州小街桥东,000000000022741
110100014913037,43,地铁梨园站,000000000022741
110100014913092,44,杨家洼,000000000022741
110100014913093,45,九棵树,000000000022741
110100014913105,46,地铁九棵树站,000000000022741
110100014913049,47,果园北,000000000022741
110100014913042,48,潞河医院,000000000022741
110100014913058,49,通州佟麟阁大街,000000000022741
110100014913044,50,岳庄,000000000022741
110100014913045,51,皇木厂,000000000022741
110100014913046,52,通州北关,000000000022741
