stationId,stopNumber,stopName,lineId
110100014003002,1,北京西站南广场,000000058497320
110100014003004,2,湾子,000000058497320
110100014003005,3,广外甘石桥,000000058497320
110100014003006,4,达官营,000000058497320
110100014003029,5,广外关厢,000000058497320
110100014003030,6,南线阁,000000058497320
110100014003042,7,南线阁街南口,000000058497320
110100014003031,8,枣林前街西站,000000058497320
110100014003032,9,枣林前街,000000058497320
110100014003033,10,牛街西里,000000058497320
110100014003034,11,教子胡同南口,000000058497320
110100014003035,12,南横街路口西,000000058497320
110100014003036,13,四平园,000000058497320
110100014003037,14,虎坊路南口,000000058497320
110100014003038,15,北纬路,000000058497320
110100014003043,16,北纬路东站,000000058497320
110100014003039,17,天坛西门,000000058497320
110100014003040,18,先农坛,000000058497320
110100014003015,19,永定门东,000000058497320
110100014003016,20,天坛南门,000000058497320
110100014003041,21,玉蜓桥西,000000058497320
110100014003017,22,芳古园北,000000058497320
110100014003018,23,方庄环岛西,000000058497320
110100014003019,24,方庄南口,000000058497320
110100014003020,25,分钟寺桥西,000000058497320
110100014003021,26,十里河桥北,000000058497320
110100014003022,27,华威桥南,000000058497320
110100014003023,28,首都图书馆,000000058497320
110100014003024,29,松榆里,000000058497320
110100014003025,30,松榆东里南门,000000058497320
110100014003026,31,北京工业大学南门,000000058497320
110100014003027,32,四方桥西,000000058497320
