stationId,stopNumber,stopName,lineId
110100014307033,1,公主坟,000000065545100
110100014307016,2,公主坟北,000000065545100
110100014307034,3,八一湖,000000065545100
110100014307035,4,航天桥南,000000065545100
110100014307017,5,航天桥西,000000065545100
110100014307018,6,西钓鱼台,000000065545100
110100014307019,7,定慧寺东,000000065545100
110100014307031,8,五路桥,000000065545100
110100014307020,9,四季青桥南,000000065545100
110100014307021,10,东冉村,000000065545100
110100014307022,11,南坞,000000065545100
110100014307036,12,四海桥南,000000065545100
110100014307039,13,四海桥北,000000065545100
110100014307037,14,北营门,000000065545100
110100014307023,15,中坞,000000065545100
110100014307024,16,闵庄,000000065545100
110100014307025,17,小屯,000000065545100
110100014307040,18,门头新村,000000065545100
110100014307026,19,清华育才实验学校,000000065545100
110100014307038,20,瑞王坟,000000065545100
110100014307032,21,门头村,000000065545100
110100014307027,22,南河滩,000000065545100
110100014307041,23,南河滩北站,000000065545100
110100014307028,24,红旗村,000000065545100
110100014307029,25,国家植物园西南门,000000065545100
110100014307044,26,国家植物园,000000065545100
110100014307043,27,香泉环岛,000000065545100
