stationId,stopNumber,stopName,lineId
110100015122068,1,采育公交场站,000000058283071
110100015122069,2,采育南口,000000058283071
110100015122009,3,波尔多小区,000000058283071
110100015122010,4,育星苑小区,000000058283071
110100015122072,5,福源路口,000000058283071
110100015122073,6,采育东街,000000058283071
110100015122074,7,采育中街,000000058283071
110100015122014,8,采育,000000058283071
110100015122065,9,西一村,000000058283071
110100015122015,10,朱庄,000000058283071
110100015122016,11,永和庄,000000058283071
110100015122017,12,公和庄,000000058283071
110100015122087,13,西杭子,000000058283071
110100015122018,14,马凤岗,000000058283071
110100015122019,15,鲍新庄北口,000000058283071
110100015122020,16,东店,000000058283071
110100015122079,17,青云店东站(临时站),000000058283071
110100015122086,18,青云店西站(临时站),000000058283071
110100015122022,19,花园新区,000000058283071
110100015122023,20,青云市场,000000058283071
110100015122082,21,青云店敬老院,000000058283071
110100015122024,22,垡上,000000058283071
110100015122025,23,曹村,000000058283071
110100015122026,24,南大红门,000000058283071
110100015122027,25,大兴南宫村,000000058283071
110100015122028,26,北普陀影视城,000000058283071
110100015122029,27,笃庆堂,000000058283071
110100015122088,28,同心庄,000000058283071
110100015122030,29,三槐堂,000000058283071
110100015122075,30,地铁瀛海站,000000058283071
110100015122031,31,瀛海庄,000000058283071
110100015122032,32,忠兴庄,000000058283071
110100015122076,33,地铁德茂站,000000058283071
110100015122033,34,德茂庄,000000058283071
110100015122083,35,广德大街,000000058283071
110100015122084,36,大有路,000000058283071
110100015122048,37,康福园小区,000000058283071
110100015122049,38,万源南路东口,000000058283071
110100015122050,39,清和园,000000058283071
110100015122051,40,吉庆庄,000000058283071
110100015122052,41,旧宫西口,000000058283071
110100015122053,42,旧宫,000000058283071
110100015122054,43,旧宫东口,000000058283071
110100015122055,44,地铁旧宫站,000000058283071
