stationId,stopNumber,stopName,lineId
110100011345033,1,草桥东路北口,000000058260971
110100011345034,2,欣园小区北,000000058260971
110100011345035,3,欣园小区东,000000058260971
110100011345036,4,北甲地,000000058260971
110100011345037,5,嘉园二里西门,000000058260971
110100011345038,6,嘉园一里,000000058260971
110100011345002,7,翠林小区,000000058260971
110100011345003,8,右安门外,000000058260971
110100011345004,9,右安门,000000058260971
110100011345005,10,右安门内,000000058260971
110100011345006,11,南樱桃园路口北,000000058260971
110100011345007,12,牛街南口,000000058260971
110100011345008,13,牛街礼拜寺,000000058260971
110100011345009,14,牛街,000000058260971
110100011345010,15,宣武医院,000000058260971
110100011345011,16,槐柏树街东口,000000058260971
110100011345012,17,长椿街路口北,000000058260971
110100011345013,18,新文化街西口,000000058260971
110100011345014,19,民族文化宫,000000058260971
110100011345015,20,西单路口南,000000058260971
110100011345016,21,西单商场,000000058260971
110100011345017,22,缸瓦市,000000058260971
110100011345018,23,西四路口北,000000058260971
110100011345019,24,大红罗厂西口,000000058260971
110100011345020,25,平安里路口南,000000058260971
110100011345021,26,护国寺,000000058260971
110100011345022,27,新街口北,000000058260971
110100011345023,28,积水潭桥南,000000058260971
110100011345024,29,小西天,000000058260971
110100011345025,30,北师大路口南,000000058260971
110100011345026,31,铁狮子坟,000000058260971
110100011345027,32,北太平桥西,000000058260971
110100011345028,33,蓟门桥东,000000058260971
110100011345029,34,蓟门桥西,000000058260971
110100011345030,35,地铁大钟寺站,000000058260971
110100011345041,36,大钟寺站,000000058260971
