stationId,stopNumber,stopName,lineId
110100015032002,1,东直门,000000058276470
110100015032003,2,香河园,000000058276470
110100015032004,3,左家庄,000000058276470
110100015032005,4,三元桥,000000058276470
110100015032006,5,京密路丽都饭店,000000058276470
110100015032007,6,大山桥东,000000058276470
110100015032087,7,东辛店,000000058276470
110100015032061,8,北皋,000000058276470
110100015032086,9,东郊农场,000000058276470
110100015032009,10,孙河,000000058276470
110100015032059,11,顺义马连店,000000058276470
110100015032050,12,地铁国展站,000000058276470
110100015032051,13,花梨坎,000000058276470
110100015032052,14,地铁花梨坎站,000000058276470
110100015032088,15,喇苏营,000000058276470
110100015032053,16,顺义铁匠营,000000058276470
110100015032013,17,火神营,000000058276470
110100015032054,18,地铁后沙峪站,000000058276470
110100015032015,19,金马工业开发区,000000058276470
110100015032016,20,杜兰庄,000000058276470
110100015032017,21,衙门村,000000058276470
110100015032055,22,泥河村,000000058276470
110100015032019,23,顺义白各庄,000000058276470
110100015032056,24,秦武姚东,000000058276470
110100015032021,25,荆卷,000000058276470
110100015032022,26,姚各庄,000000058276470
110100015032023,27,后晏子,000000058276470
110100015032024,28,牛栏山路口,000000058276470
110100015032089,29,牛栏山站,000000058276470
110100015032090,30,北军营,000000058276470
110100015032027,31,富各庄,000000058276470
110100015032028,32,龙王头,000000058276470
110100015032029,33,赵各庄,000000058276470
110100015032030,34,焦村,000000058276470
110100015032057,35,怀柔桥北,000000058276470
110100015032031,36,庙城东,000000058276470
110100015032091,37,华欣湾小区,000000058276470
110100015032032,38,南华,000000058276470
110100015032082,39,迎宾路南口,000000058276470
110100015032074,40,怀柔商业街东口,000000058276470
110100015032079,41,后横街,000000058276470
110100015032080,42,滨湖小区,000000058276470
110100015032081,43,杨家园,000000058276470
110100015032075,44,于家园一区,000000058276470
110100015032076,45,于家园,000000058276470
110100015032077,46,下元,000000058276470
110100015032078,47,怀柔招商局,000000058276470
110100015032085,48,怀柔汽车站,000000058276470
