stationId,stopNumber,stopName,lineId
110100013876002,1,南七家,000000058307131
110100013876003,2,燕丹村,000000058307131
110100013876004,3,燕丹村北口,000000058307131
110100013876005,4,燕城苑,000000058307131
110100013876019,5,燕城苑路口南,000000058307131
110100013876006,6,七星路南口,000000058307131
110100013876007,7,天通北苑三区北门,000000058307131
110100013876008,8,狮子营,000000058307131
110100013876009,9,天通北苑二区北门,000000058307131
110100013876010,10,天通北苑一区北门,000000058307131
110100013876011,11,地铁天通苑站,000000058307131
110100013876012,12,天通苑太平庄,000000058307131
110100013876013,13,地铁天通苑南站,000000058307131
110100013876014,14,天通西苑南,000000058307131
110100013876015,15,东小口,000000058307131
110100013876016,16,地铁立水桥站,000000058307131
110100013876017,17,立水桥北站,000000058307131
110100013876018,18,立水桥,000000058307131
