stationId,stopNumber,stopName,lineId
110100015065002,1,永宁公交场站,000007275832990
110100015065003,2,永宁,000007275832990
110100015065004,3,左所屯,000007275832990
110100015065005,4,吴家坟,000007275832990
110100015065006,5,西山沟,000007275832990
110100015065007,6,聂庄,000007275832990
110100015065058,7,里仁堡南,000007275832990
110100015065028,8,里仁堡,000007275832990
110100015065029,9,后所屯,000007275832990
110100015065030,10,香营卫生院,000007275832990
110100015065031,11,延庆小堡,000007275832990
110100015065063,12,延庆小堡西站,000007275832990
110100015065032,13,东白庙东口,000007275832990
110100015065033,14,东白庙,000007275832990
110100015065059,15,东白庙北,000007275832990
110100015065060,16,白河堡村,000007275832990
110100015065061,17,阎家庄,000007275832990
110100015065035,18,阎家庄南口,000007275832990
110100015065036,19,车坊,000007275832990
110100015065037,20,延庆旧县,000007275832990
110100015065038,21,耿家营路口,000007275832990
110100015065039,22,延庆旧县新村,000007275832990
110100015065075,23,延庆旧县镇政府,000007275832990
110100015065076,24,东羊坊,000007275832990
110100015065077,25,三里庄路口,000007275832990
110100015065078,26,延庆农业示范园,000007275832990
110100015065079,27,米粮屯,000007275832990
110100015065080,28,延庆古城,000007275832990
110100015065081,29,龙庆峡,000007275832990
110100015065082,30,韩郝庄,000007275832990
110100015065083,31,韩郝庄西口,000007275832990
110100015065084,32,黄柏寺,000007275832990
110100015065085,33,黄柏寺路口,000007275832990
110100015065086,34,延庆苏庄路口,000007275832990
110100015065087,35,卓家营,000007275832990
110100015065088,36,米家堡,000007275832990
110100015065089,37,米家堡桥北,000007275832990
110100015065090,38,米家堡桥南,000007275832990
110100015065091,39,延庆北站,000007275832990
110100015065092,40,樾熙府小区,000007275832990
110100015065054,41,延庆镇社区卫生服务中心,000007275832990
110100015065055,42,新城街,000007275832990
110100015065056,43,延庆电信局,000007275832990
110100015065069,44,延庆二小,000007275832990
110100015065057,45,妫水北街南,000007275832990
110100015065071,46,延庆东关,000007275832990
110100015065072,47,延庆南菜园,000007275832990
110100015065073,48,司家营,000007275832990
110100015065074,49,延庆火车站北广场,000007275832990
