stationId,stopNumber,stopName,lineId
110100011135002,1,佰富苑,000000058225241
110100011135055,2,宋庄美术馆,000000058225241
110100011135056,3,小堡艺术东区,000000058225241
110100011135057,4,小堡环岛,000000058225241
110100011135058,5,小堡北街,000000058225241
110100011135006,6,小堡商业广场,000000058225241
110100011135007,7,小堡南街,000000058225241
110100011135008,8,宋庄,000000058225241
110100011135009,9,后夏公庄,000000058225241
110100011135010,10,前夏邢各庄,000000058225241
110100011135011,11,丁各庄,000000058225241
110100011135012,12,召里,000000058225241
110100011135045,13,召里南,000000058225241
110100011135034,14,后北营,000000058225241
110100011135035,15,胡各庄新村,000000058225241
110100011135036,16,胡各庄新村西,000000058225241
110100011135048,17,地铁郝家府站(临时站),000000058225241
110100011135059,18,通州杨坨桥西(临时站),000000058225241
110100011135060,19,运河湾小区(临时站),000000058225241
110100011135022,20,运河明珠家园,000000058225241
110100011135023,21,东上园,000000058225241
110100011135024,22,西上园,000000058225241
110100011135025,23,北小园,000000058225241
110100011135026,24,通州南关西,000000058225241
110100011135027,25,通州车站路口西,000000058225241
110100011135028,26,潞河医院路口东,000000058225241
110100011135029,27,潞河医院路口西,000000058225241
110100011135030,28,后南仓,000000058225241
110100011135031,29,旅游新村小区,000000058225241
110100011135032,30,玉带河西街西口,000000058225241
110100011135047,31,大北窑东,000000058225241
110100011135044,32,大北窑南,000000058225241
