stationId,stopNumber,stopName,lineId
900000110690001,1,静安庄东,000009466780660
900000110690002,2,三元桥南,000009466780660
900000110690003,3,燕莎桥南,000009466780660
900000110690004,4,长虹桥南,000009466780660
900000110690005,5,科印小区,000009466780660
900000110690006,6,翠屏西路北口,000009466780660
900000110690007,7,靓景明居,000009466780660
900000110690008,8,通州半壁店,000009466780660
900000110690009,9,通州半壁店新村,000009466780660
900000110690010,10,大稿南站,000009466780660
900000110690011,11,小稿村,000009466780660
900000110690012,12,桃花岛小区,000009466780660
900000110690013,13,群芳二园,000009466780660
900000110690014,14,颐瑞中二路,000009466780660
900000110690015,15,地铁土桥站,000009466780660
900000110690016,16,花石匠小区,000009466780660
900000110690017,17,花石匠小区东,000009466780660
