stationId,stopNumber,stopName,lineId
110100013532022,1,晓月苑公交场站,000000058416231
110100013532023,2,晓月苑三里东门,000000058416231
110100013532024,3,晓月苑医院,000000058416231
110100013532025,4,晓月苑二里,000000058416231
110100013532026,5,晓月苑一里,000000058416231
110100013532009,6,抗战雕塑园,000000058416231
110100013532010,7,杜家坎,000000058416231
110100013532011,8,装甲兵干休所,000000058416231
110100013532012,9,张郭庄小区东,000000058416231
110100013532013,10,张郭庄小区北,000000058416231
110100013532014,11,张郭庄,000000058416231
110100013532035,12,地铁张郭庄站,000000058416231
110100013532036,13,槐树岭南站,000000058416231
110100013532037,14,槐树岭,000000058416231
110100013532038,15,南营东站,000000058416231
110100013532043,16,南营,000000058416231
110100013532044,17,南营西站,000000058416231
110100013532045,18,丰台辛庄东站,000000058416231
110100013532046,19,丰台辛庄,000000058416231
