stationId,stopNumber,stopName,lineId
110100014214002,1,开发区交通服务中心,000000058188671
110100014214003,2,地铁荣京东街站,000000058188671
110100014214004,3,宏达北路南口,000000058188671
110100014214005,4,经开创业园,000000058188671
110100014214006,5,宏达工业园,000000058188671
110100014214025,6,万源街西口,000000058188671
110100014214026,7,天华北街东口,000000058188671
110100014214027,8,天华北街西口,000000058188671
110100014214028,9,天华西路,000000058188671
110100014214011,10,新康家园,000000058188671
110100014214012,11,贵园东里,000000058188671
110100014214013,12,地铁亦庄桥站,000000058188671
110100014214014,13,方庄桥东,000000058188671
110100014214015,14,刘家窑桥西,000000058188671
110100014214016,15,木樨园桥,000000058188671
110100014214017,16,木樨园桥西,000000058188671
110100014214018,17,洋桥北,000000058188671
110100014214019,18,四路通,000000058188671
110100014214020,19,北京南站南广场,000000058188671
