stationId,stopNumber,stopName,lineId
110100013612028,1,雍王府,000000058149230
110100013612027,2,八大处南站,000000058149230
110100013612004,3,杏石口,000000058149230
110100013612005,4,西下庄东,000000058149230
110100013612006,5,北京射击场,000000058149230
110100013612007,6,巨山,000000058149230
110100013612008,7,南辛庄,000000058149230
110100013612009,8,巨山农场,000000058149230
110100013612010,9,西平庄,000000058149230
110100013612011,10,南平庄,000000058149230
110100013612012,11,海淀区残联,000000058149230
110100013612013,12,佟家坟,000000058149230
110100013612014,13,四季青桥西,000000058149230
110100013612015,14,四季青桥东,000000058149230
110100013612016,15,板井,000000058149230
110100013612017,16,车道沟桥东,000000058149230
110100013612018,17,北洼路,000000058149230
110100013612019,18,白石桥西,000000058149230
110100013612020,19,白石桥东,000000058149230
110100013612021,20,动物园,000000058149230
110100013612022,21,西直门外,000000058149230
110100013612023,22,玉桃园,000000058149230
110100013612024,23,新街口豁口,000000058149230
