stationId,stopNumber,stopName,lineId
900000157606001,1,十渡公交场站,000013973918411
900000157606002,2,十渡镇西庄,000013973918411
900000157606003,3,十渡,000013973918411
900000157606004,4,九渡,000013973918411
900000157606005,5,十渡卫生院,000013973918411
900000157606006,6,八渡,000013973918411
900000157606007,7,八渡北,000013973918411
900000157606008,8,七渡西,000013973918411
900000157606009,9,七渡村,000013973918411
900000157606010,10,七渡,000013973918411
900000157606011,11,六渡,000013973918411
900000157606012,12,六渡东,000013973918411
900000157606013,13,五渡,000013973918411
900000157606014,14,五渡村,000013973918411
900000157606015,15,五渡桥,000013973918411
900000157606028,16,四渡,000013973918411
900000157606017,17,四渡东,000013973918411
900000157606018,18,三渡西,000013973918411
900000157606019,19,三渡,000013973918411
900000157606020,20,三渡桥南,000013973918411
900000157606021,21,二渡,000013973918411
900000157606022,22,一渡,000013973918411
900000157606023,23,一渡南,000013973918411
900000157606024,24,片上村,000013973918411
900000157606025,25,下寺路口,000013973918411
900000157606026,26,张坊镇政府,000013973918411
900000157606027,27,张坊公交场站,000013973918411
