stationId,stopNumber,stopName,lineId
900000157676001,1,东北旺,000013896323150
900000157676002,2,东馨园南门,000013896323150
900000157676003,3,软件园西区,000013896323150
900000157676004,4,东北旺西路北口,000013896323150
900000157676005,5,软件园北站,000013896323150
900000157676006,6,后厂村东,000013896323150
900000157676007,7,后厂村路,000013896323150
900000157676008,8,春晖园,000013896323150
900000157676009,9,夏霖园,000013896323150
900000157676010,10,中海枫涟山庄北门,000013896323150
900000157676011,11,百旺新城,000013896323150
900000157676013,12,茉莉园南路,000013896323150
900000157676014,13,永丰南路,000013896323150
900000157676015,14,西北旺西路,000013896323150
900000157676016,15,永靓家园南,000013896323150
900000157676012,16,颐和山庄,000013896323150
