stationId,stopNumber,stopName,lineId
110100013831029,1,宏泰东街,000000058365400
110100013831030,2,阜安东路,000000058365400
110100013831027,3,国风北京,000000058365400
110100013831012,4,大山桥北,000000058365400
110100013831013,5,大山子路口南,000000058365400
110100013831014,6,王爷坟,000000058365400
110100013831015,7,陈各庄,000000058365400
110100013831016,8,将台路口北,000000058365400
110100013831028,9,将台路口东站,000000058365400
110100013831017,10,将台路东站,000000058365400
110100013831018,11,将台路东口,000000058365400
110100013831019,12,驼房营,000000058365400
110100013831020,13,电子城小区,000000058365400
110100013831021,14,三街坊,000000058365400
110100013831022,15,四街坊,000000058365400
110100013831023,16,南十里居北站,000000058365400
110100013831024,17,南十里居,000000058365400
