stationId,stopNumber,stopName,lineId
110100013777061,1,来广营西桥东,000000058346241
110100013777003,2,来广营路口西,000000058346241
110100013777067,3,容达路,000000058346241
110100013777065,4,广泽路,000000058346241
110100013777062,5,望京科技创业园,000000058346241
110100013777063,6,望京花园,000000058346241
110100013777064,7,宏昌路,000000058346241
110100013777051,8,侯庄路口南,000000058346241
110100013777052,9,湖光中街东口,000000058346241
110100013777009,10,南湖南路北口,000000058346241
110100013777059,11,南湖南路,000000058346241
110100013777010,12,花家地西里,000000058346241
110100013777011,13,花家地北里,000000058346241
110100013777012,14,望京医院,000000058346241
110100013777013,15,丽都饭店,000000058346241
110100013777053,16,四得公园北,000000058346241
110100013777054,17,四得公园,000000058346241
110100013777015,18,肖君庙,000000058346241
110100013777016,19,五里沟,000000058346241
110100013777066,20,天泽路,000000058346241
110100013777056,21,燕莎桥东,000000058346241
110100013777019,22,燕莎桥南,000000058346241
110100013777020,23,亮马桥,000000058346241
110100013777060,24,幸福三村,000000058346241
110100013777029,25,春秀路,000000058346241
110100013777057,26,东直门枢纽站,000000058346241
