stationId,stopNumber,stopName,lineId
110100011749002,1,于家园,000004341109871
110100011749051,2,于家园一区,000004341109871
110100011749052,3,迎宾路北口,000004341109871
110100011749053,4,大中富乐村口,000004341109871
110100011749006,5,中富乐,000004341109871
110100011749036,6,光织谷,000004341109871
110100011749038,7,雁栖中心路北站,000004341109871
110100011749039,8,雁栖镇医院,000004341109871
110100011749024,9,雁栖镇,000004341109871
110100011749019,10,雁栖镇北口,000004341109871
110100011749031,11,雁栖大街西口,000004341109871
110100011749030,12,栖美园小区,000004341109871
110100011749040,13,雁栖大街路口西,000004341109871
110100011749041,14,雁栖大街路口东,000004341109871
110100011749027,15,雁栖东一路南口,000004341109871
110100011749037,16,雁栖北一街东口,000004341109871
110100011749054,17,雁栖北二街东口,000004341109871
110100011749033,18,雁栖东二路北站,000004341109871
110100011749056,19,雁栖北三街,000004341109871
110100011749057,20,雁栖北三街东站,000004341109871
110100011749044,21,雁栖开发区公交场站,000004341109871
