stationId,stopNumber,stopName,lineId
900000146694001,1,菜户营西路,000012876816571
900000146694002,2,菜户营西站,000012876816571
900000146694003,3,中国戏曲学院,000012876816571
900000146694004,4,三路居(临时站),000012876816571
900000146694006,5,东局南(临时站),000012876816571
900000146694007,6,东局,000012876816571
900000146694008,7,中新佳园,000012876816571
900000146694014,8,茶源路,000012876816571
900000146694009,9,茶源路北口,000012876816571
900000146694010,10,马连道西里,000012876816571
900000146694011,11,湾子路口南,000012876816571
900000146694012,12,莲花池,000012876816571
900000146694013,13,北京西站南广场,000012876816571
900000146694015,14,广莲路,000012876816571
900000146694016,15,广源小区西区,000012876816571
900000146694017,16,广源小区东区,000012876816571
900000146694018,17,小马厂路,000012876816571
900000146694019,18,白云观,000012876816571
900000146694020,19,白云路,000012876816571
900000146694021,20,三里河东路南口,000012876816571
900000146694022,21,三里河东口,000012876816571
900000146694023,22,西城三里河,000012876816571
