stationId,stopNumber,stopName,lineId
900000029488001,1,东直门医院通州院区,000000000022500
900000029488021,2,格瑞雅居小区,000000000022500
900000029488022,3,翠屏北里,000000000022500
900000029488071,4,新华联家园东,000000000022500
900000029488023,5,翠屏北里北,000000000022500
900000029488061,6,果园西,000000000022500
900000029488062,7,地铁九棵树站,000000000022500
900000029488005,8,九棵树,000000000022500
900000029488055,9,梨园北街西口,000000000022500
900000029488050,10,玉桥西路南口,000000000022500
900000029488009,11,通州交通队,000000000022500
900000029488048,12,玉桥中路,000000000022500
900000029488051,13,西上园,000000000022500
900000029488070,14,通州赵登禹大街(临时站),000000000022500
900000029488014,15,东关大桥,000000000022500
900000029488047,16,耿庄桥南,000000000022500
900000029488052,17,耿庄桥北,000000000022500
900000029488058,18,友谊医院通州院区,000000000022500
900000029488019,19,苏坨新村,000000000022500
900000029488053,20,李庄佳苑,000000000022500
900000029488063,21,通州李庄,000000000022500
900000029488067,22,通州李庄北,000000000022500
900000029488068,23,疃里二区,000000000022500
