stationId,stopNumber,stopName,lineId
110100014366002,1,动物园枢纽站,000000058211390
110100014366003,2,西直门外,000000058211390
110100014366004,3,西直门内,000000058211390
110100014366005,4,新开胡同,000000058211390
110100014366006,5,宝产胡同,000000058211390
110100014366007,6,祖家街,000000058211390
110100014366008,7,报子胡同,000000058211390
110100014366009,8,白塔寺南,000000058211390
110100014366010,9,丰盛胡同,000000058211390
110100014366011,10,辟才胡同,000000058211390
110100014366012,11,太平桥,000000058211390
110100014366013,12,民族文化宫,000000058211390
110100014366035,13,西单路口南,000000058211390
110100014366032,14,西绒线胡同,000000058211390
110100014366016,15,西绒线胡同东口,000000058211390
110100014366017,16,和平门内,000000058211390
110100014366018,17,和平门外,000000058211390
110100014366019,18,琉璃厂南,000000058211390
110100014366020,19,虎坊桥路口南,000000058211390
110100014366033,20,永安路,000000058211390
110100014366021,21,友谊医院东,000000058211390
110100014366022,22,天桥,000000058211390
110100014366034,23,天坛西门,000000058211390
110100014366023,24,先农坛,000000058211390
110100014366024,25,永定门内,000000058211390
110100014366025,26,沙子口东,000000058211390
110100014366026,27,安乐林,000000058211390
110100014366027,28,琉璃井,000000058211390
110100014366028,29,刘家窑路,000000058211390
110100014366029,30,刘家窑桥北,000000058211390
110100014366030,31,横七条,000000058211390
110100014366031,32,五间楼,000000058211390
