stationId,stopNumber,stopName,lineId
110100015797026,1,地铁草房站,000000058329211
110100015797027,2,东十里堡村,000000058329211
110100015797028,3,五里桥一街,000000058329211
110100015797039,4,草房西路北口,000000058329211
110100015797029,5,常营中路东口,000000058329211
110100015797030,6,阳光美园北门,000000058329211
110100015797031,7,北辰福第小区,000000058329211
110100015797032,8,万象新天三区,000000058329211
110100015797033,9,万象新天一区,000000058329211
110100015797037,10,常营中路,000000058329211
110100015797034,11,常营民族家园,000000058329211
110100015797038,12,常营中路西口,000000058329211
110100015797035,13,地铁黄渠站,000000058329211
110100015797007,14,黄渠村,000000058329211
110100015797008,15,地铁褡裢坡站,000000058329211
110100015797009,16,白家楼桥东,000000058329211
110100015797010,17,亮马厂,000000058329211
110100015797011,18,黄杉木店,000000058329211
110100015797012,19,青年路口北,000000058329211
110100015797013,20,姚家园村,000000058329211
110100015797025,21,国美第一城小区,000000058329211
110100015797014,22,姚家园南,000000058329211
110100015797015,23,姚家园西,000000058329211
110100015797016,24,姚家园西口,000000058329211
110100015797017,25,豆各庄路口西,000000058329211
110100015797018,26,朝阳公园桥东,000000058329211
110100015797019,27,朝阳公园南门,000000058329211
110100015797020,28,甜水园街北口,000000058329211
110100015797021,29,团结湖,000000058329211
110100015797036,30,长虹桥北,000000058329211
110100015797022,31,亮马桥,000000058329211
110100015797023,32,燕莎桥南,000000058329211
