stationId,stopNumber,stopName,lineId
900000074261001,1,土井村西口,000005819576390
900000074261043,2,土井村南口,000005819576390
900000074261039,3,西北旺二街,000005819576390
900000074261030,4,后厂村路西口,000005819576390
900000074261041,5,百旺新城,000005819576390
900000074261042,6,赵家庄,000005819576390
900000074261032,7,赵家庄南,000005819576390
900000074261044,8,永靓家园北,000005819576390
900000074261033,9,颐和山庄,000005819576390
900000074261034,10,颐和山庄南站,000005819576390
900000074261035,11,画眉山路东,000005819576390
900000074261036,12,画眉山路,000005819576390
900000074261038,13,屯佃大桥,000005819576390
900000074261037,14,冷泉村北,000005819576390
900000074261009,15,太舟坞,000005819576390
900000074261010,16,温泉路东口,000005819576390
900000074261011,17,杨家庄,000005819576390
900000074261012,18,白家疃东口,000005819576390
900000074261013,19,白家疃西口,000005819576390
900000074261014,20,温泉苗圃,000005819576390
900000074261015,21,温泉,000005819576390
900000074261016,22,温泉辛庄,000005819576390
900000074261017,23,温泉辛庄北站,000005819576390
900000074261018,24,高里掌,000005819576390
900000074261019,25,西小营南站,000005819576390
900000074261020,26,西小营,000005819576390
900000074261021,27,稻香湖,000005819576390
900000074261022,28,稻香湖桥西,000005819576390
900000074261045,29,凤仪佳苑六里,000005819576390
900000074261023,30,凤仪佳苑七里,000005819576390
900000074261024,31,凤仪佳苑八里,000005819576390
900000074261025,32,前沙涧村,000005819576390
900000074261026,33,后沙涧路,000005819576390
900000074261027,34,同泽园东里北门,000005819576390
900000074261028,35,同泽园西里东门,000005819576390
900000074261029,36,苏家坨公交场站,000005819576390
