stationId,stopNumber,stopName,lineId
110100011782002,1,杏树台,000005815190930
110100011782039,2,杏树台道班,000005815190930
110100011782040,3,杏树台南,000005815190930
110100011782078,4,西坡,000005815190930
110100011782062,5,水泉峪,000005815190930
110100011782056,6,西流石,000005815190930
110100011782004,7,躺石,000005815190930
110100011782005,8,庙上路口,000005815190930
110100011782038,9,鳞龙山,000005815190930
110100011782076,10,二道关北,000005815190930
110100011782006,11,二道关,000005815190930
110100011782042,12,二道关北牌楼,000005815190930
110100011782007,13,二道关南牌楼,000005815190930
110100011782043,14,鹞子峪,000005815190930
110100011782075,15,二道关东,000005815190930
110100011782067,16,落凤坡,000005815190930
110100011782008,17,口楼,000005815190930
110100011782068,18,黄花城北,000005815190930
110100011782069,19,黄花城水库,000005815190930
110100011782044,20,黄花城,000005815190930
110100011782074,21,黄花城桥南,000005815190930
110100011782079,22,黄花城邮局,000005815190930
110100011782080,23,黄花城电管站,000005815190930
110100011782057,24,西台路口,000005815190930
110100011782058,25,东宫,000005815190930
110100011782077,26,黄花镇,000005815190930
110100011782011,27,黄花镇路口,000005815190930
110100011782012,28,怀柔红庙,000005815190930
110100011782097,29,九渡河北,000005815190930
110100011782105,30,九渡河信用社,000005815190930
110100011782098,31,九渡河,000005815190930
110100011782103,32,九渡河中学,000005815190930
110100011782071,33,九渡河东,000005815190930
110100011782099,34,花木,000005815190930
110100011782016,35,局里,000005815190930
110100011782063,36,团泉变电站,000005815190930
110100011782100,37,团泉村西,000005815190930
110100011782101,38,团泉,000005815190930
110100011782102,39,团泉村东,000005815190930
110100011782095,40,九渡河镇政府,000005815190930
110100011782096,41,黄坎,000005815190930
110100011782104,42,黄坎村东,000005815190930
110100011782083,43,黄坎村南,000005815190930
110100011782019,44,西四渡河村口,000005815190930
110100011782020,45,一渡河,000005815190930
110100011782066,46,一渡河东,000005815190930
110100011782050,47,红林,000005815190930
110100011782091,48,岐庄,000005815190930
110100011782084,49,蔡家庄北,000005815190930
110100011782085,50,蔡家庄村口,000005815190930
110100011782022,51,苏峪口,000005815190930
110100011782081,52,茶坞,000005815190930
110100011782051,53,茶坞火车站路口,000005815190930
110100011782086,54,山立庄,000005815190930
110100011782053,55,桥梓镇政府,000005815190930
110100011782024,56,桥梓,000005815190930
110100011782054,57,桥梓开发区,000005815190930
110100011782082,58,西台上西,000005815190930
110100011782025,59,西台上,000005815190930
110100011782055,60,西台下,000005815190930
110100011782026,61,怀柔石厂,000005815190930
110100011782027,62,丽湖馨居,000005815190930
110100011782060,63,青春路南口,000005815190930
110100011782030,64,怀柔南大街,000005815190930
110100011782031,65,康馨家园,000005815190930
110100011782032,66,怀柔东关村,000005815190930
110100011782033,67,怀柔五中,000005815190930
110100011782034,68,怀柔汽车站,000005815190930
110100011782035,69,怀柔招商局,000005815190930
110100011782036,70,下元,000005815190930
110100011782037,71,于家园,000005815190930
