stationId,stopNumber,stopName,lineId
110100053346002,1,北京南站,000000058372530
110100053346003,2,永定门汽车站,000000058372530
110100053346004,3,陶然桥北,000000058372530
110100053346005,4,太平街,000000058372530
110100053346006,5,虎坊路,000000058372530
110100053346007,6,虎坊桥路口西,000000058372530
110100053346008,7,果子巷,000000058372530
110100053346009,8,菜市口北,000000058372530
110100053346010,9,校场口,000000058372530
110100053346011,10,宣武门外,000000058372530
110100053346012,11,西单路口南,000000058372530
110100053346013,12,西单商场,000000058372530
110100053346014,13,缸瓦市,000000058372530
110100053346015,14,西四路口南,000000058372530
110100053346016,15,西四路口东,000000058372530
110100053346017,16,白塔寺东,000000058372530
110100053346018,17,阜成门内,000000058372530
110100053346019,18,阜成门,000000058372530
110100053346020,19,阜成门外,000000058372530
110100053346021,20,展览路,000000058372530
110100053346022,21,阜外西口,000000058372530
110100053346023,22,甘家口北,000000058372530
110100053346024,23,甘家口大厦,000000058372530
110100053346025,24,百万庄,000000058372530
110100053346026,25,二里沟,000000058372530
110100053346027,26,动物园枢纽站,000000058372530
