stationId,stopNumber,stopName,lineId
110100015773002,1,东大桥公交场站,000000058149280
110100015773019,2,东大桥路口东,000000058149280
110100015773003,3,呼家楼东,000000058149280
110100015773021,4,小庄路口东,000000058149280
110100015773004,5,东八里庄,000000058149280
110100015773005,6,十里堡,000000058149280
110100015773006,7,朝阳路太平庄,000000058149280
110100015773007,8,民航总医院,000000058149280
110100015773008,9,朝阳路高井,000000058149280
110100015773009,10,大黄庄桥西,000000058149280
110100015773010,11,白家楼,000000058149280
110100015773011,12,平房桥南,000000058149280
110100015773012,13,平房东口,000000058149280
110100015773013,14,泓鑫家园,000000058149280
110100015773014,15,东坝中路,000000058149280
110100015773022,16,金泰丽富嘉园,000000058149280
110100015773015,17,北京奥林匹克花园,000000058149280
110100015773016,18,北京奥林匹克花园北站,000000058149280
110100015773027,19,朝运街西站,000000058149280
110100015773017,20,铁十六局,000000058149280
110100015773028,21,朝运街,000000058149280
110100015773029,22,朝运街东站,000000058149280
110100015773033,23,华瀚福园小区北,000000058149280
110100015773030,24,三岔河南站,000000058149280
110100015773031,25,焦庄桥西,000000058149280
110100015773032,26,焦庄桥北,000000058149280
