stationId,stopNumber,stopName,lineId
110100016106027,1,四季青桥南,000000058551010
110100016106028,2,营慧寺,000000058551010
110100016106029,3,五路桥,000000058551010
110100016106030,4,定慧桥北,000000058551010
110100016106031,5,定慧桥南,000000058551010
110100016106032,6,金沟河,000000058551010
110100016106033,7,五棵松桥北,000000058551010
110100016106034,8,沙窝桥北,000000058551010
110100016106035,9,南沙窝桥,000000058551010
110100016106036,10,青塔,000000058551010
110100016106037,11,郑常庄,000000058551010
110100016106038,12,岳各庄,000000058551010
110100016106039,13,岳各庄桥北,000000058551010
110100016106040,14,西道口,000000058551010
110100016106041,15,抗战雕塑园,000000058551010
110100016106042,16,卢沟新桥,000000058551010
110100016106043,17,杜家坎,000000058551010
110100016106044,18,杜家坎南,000000058551010
110100016106045,19,长辛店北口,000000058551010
110100016106046,20,长辛店南口,000000058551010
110100016106047,21,北京十中,000000058551010
110100016106096,22,赵辛店北,000000058551010
110100016106048,23,赵辛店村,000000058551010
110100016106049,24,北岗洼,000000058551010
110100016106050,25,南岗洼,000000058551010
110100016106051,26,黄管屯北,000000058551010
110100016106095,27,黄管屯,000000058551010
110100016106089,28,昊天北桥北,000000058551010
110100016106052,29,昊天北桥南,000000058551010
110100016106053,30,长阳碧桂园,000000058551010
110100016106054,31,黄辛庄路口,000000058551010
110100016106055,32,送变电公司路口西,000000058551010
110100016106056,33,行宫小区南门,000000058551010
110100016106091,34,良乡北关西,000000058551010
110100016106058,35,西潞园,000000058551010
110100016106059,36,良乡西门,000000058551010
110100016106060,37,苏庄东街北口,000000058551010
110100016106084,38,良乡西路,000000058551010
110100016106062,39,蝶翠苑路口,000000058551010
110100016106063,40,阎村,000000058551010
110100016106064,41,紫草坞路口,000000058551010
110100016106065,42,大董村,000000058551010
110100016106066,43,大窦桥南,000000058551010
110100016106085,44,西坟村,000000058551010
110100016106086,45,昊腾家园,000000058551010
110100016106087,46,开古庄,000000058551010
110100016106115,47,水墨林溪北,000000058551010
110100016106098,48,水墨林溪,000000058551010
110100016106099,49,下坡店路口南,000000058551010
110100016106100,50,下坡店,000000058551010
110100016106101,51,房山于庄,000000058551010
110100016106102,52,金鑫苑,000000058551010
110100016106103,53,瓦窑头,000000058551010
110100016106104,54,田家园小区,000000058551010
110100016106105,55,窦店镇政府,000000058551010
110100016106106,56,窦店卫生院,000000058551010
110100016106107,57,房山板桥,000000058551010
110100016106108,58,田家园西,000000058551010
110100016106109,59,夏村桥西,000000058551010
110100016106110,60,小庄子,000000058551010
110100016106111,61,夏村东口,000000058551010
110100016106112,62,夏村村委会,000000058551010
110100016106113,63,夏村西口,000000058551010
110100016106114,64,夏村北站,000000058551010
