stationId,stopNumber,stopName,lineId
110100010777019,1,地铁善各庄站,000000058608521
110100010777021,2,善各庄,000000058608521
110100010777003,3,地铁崔各庄站,000000058608521
110100010777004,4,崔各庄,000000058608521
110100010777005,5,崔各庄东,000000058608521
110100010777006,6,马南里,000000058608521
110100010777007,7,东郊农场西站,000000058608521
110100010777008,8,京顺东街口,000000058608521
110100010777018,9,京顺东街,000000058608521
110100010777022,10,京旺家园七区,000000058608521
110100010777023,11,京旺东路,000000058608521
110100010777024,12,京旺东路南口,000000058608521
110100010777014,13,黑桥,000000058608521
110100010777025,14,南皋,000000058608521
110100010777026,15,中国电影博物馆,000000058608521
