stationId,stopNumber,stopName,lineId
900000052768059,1,延庆火车站北广场,000003077454781
900000052768055,2,司家营,000003077454781
900000052768002,3,延庆南菜园,000003077454781
900000052768003,4,延庆东关,000003077454781
900000052768004,5,妫水北街南,000003077454781
900000052768005,6,延庆一中,000003077454781
900000052768006,7,温泉西里,000003077454781
900000052768033,8,延庆北关,000003077454781
900000052768034,9,延庆永安小区,000003077454781
900000052768007,10,康安小区东门,000003077454781
900000052768008,11,妫水公园,000003077454781
900000052768035,12,东屯,000003077454781
900000052768037,13,中屯,000003077454781
900000052768009,14,西屯,000003077454781
900000052768010,15,西白庙,000003077454781
900000052768011,16,延庆农场,000003077454781
900000052768036,17,幽径园,000003077454781
900000052768048,18,葡萄博览园南门,000003077454781
900000052768049,19,葡萄博览园北门,000003077454781
900000052768032,20,西卓家营,000003077454781
900000052768057,21,后黑龙庙,000003077454781
900000052768038,22,后黑龙庙村,000003077454781
900000052768058,23,松山路口北,000003077454781
900000052768028,24,佛峪口村南,000003077454781
900000052768061,25,佛峪口,000003077454781
900000052768062,26,松山景区南,000003077454781
900000052768063,27,松山,000003077454781
900000052768051,28,延庆奥林匹克园区,000003077454781
900000052768050,29,西大庄科,000003077454781
