stationId,stopNumber,stopName,lineId
110100014371002,1,柴厂屯,000011664936351
110100014371003,2,柴厂屯西口,000011664936351
110100014371004,3,应寺小学,000011664936351
110100014371005,4,应寺西口,000011664936351
110100014371071,5,应寺检查站,000011664936351
110100014371006,6,仇庄村,000011664936351
110100014371049,7,枣林村,000011664936351
110100014371007,8,枣林村北口,000011664936351
110100014371008,9,小海字村,000011664936351
110100014371009,10,渠头,000011664936351
110100014371079,11,渠头路西口,000011664936351
110100014371057,12,通州崔各庄村东,000011664936351
110100014371010,13,通州王各庄村,000011664936351
110100014371011,14,满庄村,000011664936351
110100014371012,15,神仙村路口,000011664936351
110100014371064,16,通州北辛店,000011664936351
110100014371013,17,大耕垡村,000011664936351
110100014371058,18,南仪阁村,000011664936351
110100014371059,19,北仪阁村,000011664936351
110100014371060,20,前青山村,000011664936351
110100014371061,21,青山路口,000011664936351
110100014371062,22,西永和屯村,000011664936351
110100014371063,23,后南关村,000011664936351
110100014371070,24,牛堡屯卫生院,000011664936351
110100014371020,25,牛堡屯,000011664936351
110100014371051,26,牛堡屯北站,000011664936351
110100014371072,27,坨堤,000011664936351
110100014371022,28,大北关,000011664936351
110100014371053,29,大北关北口,000011664936351
110100014371023,30,潞关村,000011664936351
110100014371024,31,三间房村,000011664936351
110100014371052,32,齐善庄南站,000011664936351
110100014371026,33,齐善庄,000011664936351
110100014371027,34,牌楼营村,000011664936351
110100014371028,35,祥和乐园小区,000011664936351
110100014371029,36,张家湾,000011664936351
110100014371030,37,太玉园小区,000011664936351
110100014371031,38,太玉园北口,000011664936351
110100014371074,39,高楼金村,000011664936351
110100014371075,40,地铁高楼金站,000011664936351
110100014371076,41,颐瑞中二路南口,000011664936351
110100014371069,42,颐瑞中二路,000011664936351
110100014371034,43,地铁临河里站,000011664936351
110100014371035,44,通州小街桥东,000011664936351
110100014371036,45,地铁梨园站,000011664936351
110100014371037,46,杨家洼,000011664936351
110100014371038,47,九棵树,000011664936351
110100014371077,48,地铁九棵树站,000011664936351
110100014371039,49,果园北,000011664936351
110100014371040,50,潞河医院路口西,000011664936351
110100014371041,51,后南仓,000011664936351
110100014371042,52,复兴里,000011664936351
110100014371043,53,通州西门路口南,000011664936351
110100014371044,54,通州西门路口北,000011664936351
110100014371045,55,通惠北路南口,000011664936351
110100014371046,56,通惠北路北口,000011664936351
110100014371047,57,北京财贸职业学院,000011664936351
110100014371048,58,北京胸科医院,000011664936351
