stationId,stopNumber,stopName,lineId
110100014404002,1,莲花池南路,000000058231990
110100014404003,2,莲花池,000000058231990
110100014404004,3,六里桥东,000000058231990
110100014404005,4,六里桥南,000000058231990
110100014404006,5,西局,000000058231990
110100014404043,6,丽泽桥,000000058231990
110100014404007,7,夏家胡同,000000058231990
110100014404008,8,玉泉营桥西,000000058231990
110100014404009,9,草桥,000000058231990
110100014404010,10,洋桥西,000000058231990
110100014404011,11,木樨园桥西,000000058231990
110100014404012,12,木樨园桥东,000000058231990
110100014404014,13,赵公口桥南,000000058231990
110100014404015,14,石榴园,000000058231990
110100014404016,15,石榴园南,000000058231990
110100014404017,16,彩虹城小区,000000058231990
110100014404018,17,榴乡桥西,000000058231990
110100014404019,18,红寺桥,000000058231990
110100014404020,19,肖村桥,000000058231990
110100014404021,20,小红门桥,000000058231990
110100014404022,21,十八里店南桥,000000058231990
110100014404023,22,恋日绿岛,000000058231990
110100014404024,23,荣华桥东,000000058231990
110100014404025,24,大羊坊桥西,000000058231990
110100014404026,25,大羊坊桥东,000000058231990
110100014404027,26,小羊坊,000000058231990
110100014404028,27,小康小区,000000058231990
110100014404041,28,梧桐公园,000000058231990
110100014404030,29,北神树西口,000000058231990
110100014404031,30,科创五街东口,000000058231990
110100014404032,31,嘉创二路路口西,000000058231990
110100014404042,32,次渠西口,000000058231990
110100014404033,33,敬园小区,000000058231990
110100014404034,34,次渠,000000058231990
110100014404035,35,地铁次渠站,000000058231990
110100014404036,36,次渠水管站,000000058231990
110100014404037,37,麦庄,000000058231990
110100014404038,38,垛子,000000058231990
110100014404039,39,大地公交场站,000000058231990
