stationId,stopNumber,stopName,lineId
110100014622002,1,厢白旗桥,000011531333761
110100014622003,2,圆明园东门,000011531333761
110100014622004,3,清华附中,000011531333761
110100014622005,4,圆明园东路,000011531333761
110100014622006,5,圆明园南门,000011531333761
110100014622007,6,北京大学西门,000011531333761
110100014622008,7,海淀桥北,000011531333761
110100014622009,8,北京市地震局,000011531333761
110100014622010,9,海淀南路西口,000011531333761
110100014622011,10,巴沟村,000011531333761
110100014622012,11,地铁巴沟站,000011531333761
110100014622022,12,柳浪游泳场,000011531333761
110100014622023,13,火器营桥,000011531333761
110100014622013,14,空军指挥学院,000011531333761
110100014622014,15,火器营,000011531333761
110100014622015,16,蓝靛厂,000011531333761
110100014622016,17,长春桥,000011531333761
110100014622017,18,麦钟桥,000011531333761
110100014622018,19,车道沟桥西,000011531333761
110100014622019,20,正福寺,000011531333761
110100014622024,21,五福路北口,000011531333761
110100014622020,22,彰化路,000011531333761
110100014622021,23,金庄,000011531333761
