stationId,stopNumber,stopName,lineId
110100015945030,1,怀柔商业街东口,000007714718711
110100015945031,2,康馨家园,000007714718711
110100015945032,3,怀柔南小街,000007714718711
110100015945033,4,怀柔南大街,000007714718711
110100015945034,5,怀柔区中医院,000007714718711
110100015945035,6,怀柔府前街西口,000007714718711
110100015945036,7,青春路七院,000007714718711
110100015945037,8,青春路小区,000007714718711
110100015945038,9,湖光小区,000007714718711
110100015945039,10,滨湖北街西口,000007714718711
110100015945040,11,新兴居小区,000007714718711
110100015945041,12,怀柔北大街,000007714718711
110100015945042,13,怀柔学管中心,000007714718711
110100015945043,14,怀柔妇幼保健医院,000007714718711
110100015945044,15,杨家园,000007714718711
110100015945045,16,翠竹园小区,000007714718711
110100015945046,17,怀柔金融大厦,000007714718711
110100015945047,18,滨湖小区,000007714718711
110100015945048,19,礼贤街,000007714718711
110100015945049,20,后横街,000007714718711
110100015945050,21,怀柔商业街东口,000007714718711
