stationId,stopNumber,stopName,lineId
110100014085026,1,地铁通州北关站,000000058530010
110100014085033,2,岳庄,000000058530010
110100014085034,3,皇木厂,000000058530010
110100014085006,4,北京胸科医院,000000058530010
110100014085007,5,北京财贸职业学院,000000058530010
110100014085008,6,通惠北路北口,000000058530010
110100014085009,7,通惠北路南口,000000058530010
110100014085010,8,通州西门路口北,000000058530010
110100014085011,9,通州西门路口东,000000058530010
110100014085012,10,西大街路口西,000000058530010
110100014085013,11,通州佟麟阁大街,000000058530010
110100014085014,12,潞河医院,000000058530010
110100014085015,13,果园北,000000058530010
110100014085016,14,果园南,000000058530010
110100014085031,15,蓝调沙龙小区,000000058530010
110100014085017,16,翠屏南里,000000058530010
110100014085018,17,西小马,000000058530010
110100014085019,18,龙鼎家园,000000058530010
110100014085020,19,日新路北口,000000058530010
110100014085021,20,小稿村,000000058530010
110100014085022,21,万盛北街,000000058530010
110100014085023,22,大稿新村,000000058530010
110100014085032,23,大稿南站,000000058530010
110100014085027,24,大稿北站,000000058530010
110100014085028,25,通州半壁店新村,000000058530010
110100014085029,26,通州半壁店,000000058530010
110100014085030,27,怡乐南街公交场站,000000058530010
