stationId,stopNumber,stopName,lineId
900000128559001,1,永丰公交场站,000010858354140
900000128559002,2,丰润中路,000010858354140
900000128559003,3,丰润中路东口,000010858354140
900000128559004,4,丰润东路,000010858354140
900000128559005,5,永泽北路,000010858354140
900000128559014,6,永泽南路北站,000010858354140
900000128559006,7,永泽南路,000010858354140
900000128559007,8,邓庄南路西站,000010858354140
900000128559008,9,邓庄南路,000010858354140
900000128559009,10,航天城南门,000010858354140
900000128559010,11,邓庄南路东站,000010858354140
900000128559011,12,京包路南站,000010858354140
900000128559012,13,唐家岭东,000010858354140
900000128559013,14,地铁西二旗站,000010858354140
