stationId,stopNumber,stopName,lineId
110100014222037,1,定慧桥南,000000058191420
110100014222041,2,定慧北桥,000000058191420
110100014222042,3,五路桥,000000058191420
110100014222043,4,营慧寺,000000058191420
110100014222044,5,四季青桥南,000000058191420
110100014222045,6,四季青桥东,000000058191420
110100014222046,7,板井,000000058191420
110100014222047,8,车道沟桥东,000000058191420
110100014222048,9,北洼路,000000058191420
110100014222049,10,紫竹院南门,000000058191420
110100014222050,11,国家图书馆,000000058191420
110100014222051,12,中央民族大学,000000058191420
110100014222052,13,魏公村,000000058191420
110100014222053,14,中国农业科学院,000000058191420
110100014222018,15,四通桥东,000000058191420
110100014222019,16,红民村,000000058191420
110100014222020,17,大钟寺,000000058191420
110100014222040,18,地铁大钟寺站,000000058191420
110100014222021,19,蓟门桥西,000000058191420
110100014222022,20,蓟门桥,000000058191420
110100014222023,21,蓟门桥北,000000058191420
110100014222024,22,学知桥东,000000058191420
110100014222025,23,塔院小区南门,000000058191420
110100014222026,24,牡丹园西,000000058191420
110100014222027,25,牡丹园东,000000058191420
110100014222028,26,健德门北,000000058191420
110100014222029,27,祁家豁子,000000058191420
110100014222030,28,健翔桥东,000000058191420
110100014222031,29,北辰西桥,000000058191420
110100014222032,30,亚运村,000000058191420
110100014222033,31,安慧桥东,000000058191420
110100014222034,32,惠新东桥西,000000058191420
110100014222035,33,育慧西里,000000058191420
110100014222036,34,嘉铭园,000000058191420
110100014222056,35,嘉铭园公交场站,000000058191420
