stationId,stopNumber,stopName,lineId
110100014072016,1,南小街西里,000000058524921
110100014072017,2,向阳路口,000000058524921
110100014072018,3,宇航小区,000000058524921
110100014072019,4,南小街中里,000000058524921
110100014072020,5,南小街东里,000000058524921
110100014072006,6,南小街,000000058524921
110100014072007,7,东营房,000000058524921
110100014072008,8,梅源里小区,000000058524921
110100014072009,9,六营门,000000058524921
110100014072010,10,万源路,000000058524921
110100014072011,11,德贤路,000000058524921
110100014072012,12,德贤路北站,000000058524921
110100014072021,13,庑殿桥南,000000058524921
110100014072022,14,庑殿桥,000000058524921
110100014072023,15,榴乡桥南,000000058524921
110100014072024,16,榴乡桥,000000058524921
110100014072025,17,怡和世家小区,000000058524921
110100014072026,18,世华水岸小区,000000058524921
110100014072027,19,顶秀欣园,000000058524921
110100014072014,20,宋家庄枢纽站,000000058524921
