stationId,stopNumber,stopName,lineId
110100015598086,1,小罗山北,000005815190850
110100015598052,2,韦里,000005815190850
110100015598053,3,韦里北,000005815190850
110100015598080,4,郑家庄路口,000005815190850
110100015598075,5,梨园庄村南,000005815190850
110100015598078,6,梨园庄,000005815190850
110100015598006,7,驸马庄,000005815190850
110100015598047,8,北房镇政府东,000005815190850
110100015598048,9,北房镇政府,000005815190850
110100015598049,10,北房卫生院,000005815190850
110100015598045,11,北房村南,000005815190850
110100015598067,12,南房,000005815190850
110100015598072,13,南房村南,000005815190850
110100015598068,14,南房村口,000005815190850
110100015598082,15,张自口,000005815190850
110100015598083,16,张自口南,000005815190850
110100015598081,17,杨宋镇政府,000005815190850
110100015598014,18,杨宋大槐树,000005815190850
110100015598050,19,凤翔公园,000005815190850
110100015598016,20,中影基地,000005815190850
110100015598058,21,雁栖河桥东,000005815190850
110100015598060,22,高两河,000005815190850
110100015598043,23,高两河西,000005815190850
110100015598041,24,庙城检测场,000005815190850
110100015598084,25,华欣湾小区,000005815190850
110100015598020,26,南华,000005815190850
110100015598042,27,南华大街东口,000005815190850
110100015598022,28,南华园三区,000005815190850
110100015598023,29,青春路南口,000005815190850
110100015598069,30,怀柔南大街,000005815190850
110100015598025,31,康馨家园,000005815190850
110100015598026,32,怀柔东关村,000005815190850
110100015598027,33,怀柔五中,000005815190850
110100015598028,34,怀柔汽车站,000005815190850
110100015598029,35,怀柔招商局,000005815190850
110100015598030,36,下元,000005815190850
110100015598031,37,于家园,000005815190850
