stationId,stopNumber,stopName,lineId
110100013960002,1,香泉环岛,000000058481461
110100013960025,2,国家植物园,000000058481461
110100013960026,3,香山,000000058481461
110100013960005,4,国家植物园西南门,000000058481461
110100013960006,5,红旗村,000000058481461
110100013960007,6,南河滩北站,000000058481461
110100013960008,7,南河滩,000000058481461
110100013960009,8,门头馨村南区,000000058481461
110100013960010,9,北辛庄,000000058481461
110100013960011,10,双新园,000000058481461
110100013960012,11,南辛庄,000000058481461
110100013960013,12,巨山农场,000000058481461
110100013960014,13,西平庄,000000058481461
110100013960015,14,南平庄,000000058481461
110100013960016,15,海淀区残联,000000058481461
110100013960017,16,佟家坟,000000058481461
110100013960018,17,四季青桥西,000000058481461
110100013960019,18,四季青桥南,000000058481461
110100013960020,19,营慧寺,000000058481461
110100013960021,20,五路桥,000000058481461
110100013960022,21,定慧桥北,000000058481461
110100013960023,22,定慧桥南,000000058481461
