stationId,stopNumber,stopName,lineId
110100013645023,1,天桥,000000058149270
110100013645030,2,天桥商场,000000058149270
110100013645025,3,福长街,000000058149270
110100013645026,4,福长街北口,000000058149270
110100013645022,5,天桥路口东,000000058149270
110100013645003,6,金鱼池,000000058149270
110100013645004,7,天坛北门,000000058149270
110100013645005,8,红桥路口西,000000058149270
110100013645006,9,法华寺,000000058149270
110100013645007,10,北京体育馆西,000000058149270
110100013645008,11,北京体育馆,000000058149270
110100013645009,12,光明楼,000000058149270
110100013645010,13,光明桥东,000000058149270
110100013645011,14,劲松中街,000000058149270
110100013645040,15,劲松桥东,000000058149270
110100013645041,16,南磨房,000000058149270
110100013645051,17,平乐园,000000058149270
110100013645043,18,平乐园北,000000058149270
110100013645016,19,珠江帝景,000000058149270
110100013645017,20,大郊亭桥西,000000058149270
110100013645027,21,大郊亭桥东,000000058149270
110100013645052,22,地铁百子湾站,000000058149270
110100013645029,23,唐家村,000000058149270
110100013645044,24,小海子,000000058149270
110100013645045,25,四根旗杆,000000058149270
110100013645046,26,方家村,000000058149270
110100013645047,27,朝阳半壁店,000000058149270
110100013645048,28,高碑店南站,000000058149270
110100013645049,29,文化新大街,000000058149270
110100013645050,30,小郊亭公交场站,000000058149270
