stationId,stopNumber,stopName,lineId
110100014588027,1,中关村一街,000011531333780
110100014588028,2,中关村西,000011531333780
110100014588029,3,海淀桥东,000011531333780
110100014588030,4,海淀桥北,000011531333780
110100014588031,5,北京大学西门,000011531333780
110100014588032,6,颐和园路东口,000011531333780
110100014588009,7,西苑,000011531333780
110100014588033,8,西苑北站,000011531333780
110100014588010,9,骚子营,000011531333780
110100014588011,10,小清河,000011531333780
110100014588012,11,肖家河,000011531333780
110100014588013,12,中国农业大学西校区,000011531333780
110100014588014,13,梅园,000011531333780
110100014588015,14,圆明园西路北口,000011531333780
110100014588016,15,马连洼西站,000011531333780
110100014588017,16,马连洼,000011531333780
110100014588018,17,菊园,000011531333780
110100014588019,18,菊园东站,000011531333780
110100014588020,19,马连洼北路东口,000011531333780
110100014588021,20,上地三街西口,000011531333780
110100014588022,21,上地五街,000011531333780
110100014588023,22,上地七街,000011531333780
110100014588034,23,软件园东站,000011531333780
110100014588035,24,地铁西二旗站南,000011531333780
110100014588036,25,西二旗大街,000011531333780
110100014588037,26,西二旗,000011531333780
110100014588038,27,安宁庄路,000011531333780
110100014588039,28,西三旗桥西,000011531333780
110100014588040,29,西三旗桥北,000011531333780
110100014588041,30,回龙观桥北,000011531333780
110100014588043,31,北郊农场桥南,000011531333780
110100014588044,32,二拨子,000011531333780
110100014588045,33,朱辛庄,000011531333780
110100014588046,34,地铁生命科学园站,000011531333780
110100014588047,35,地铁生命科学园站西,000011531333780
