stationId,stopNumber,stopName,lineId
110100016114002,1,京原东站,000000058453420
110100016114034,2,京原路口东,000000058453420
110100016114004,3,衙门口西,000000058453420
110100016114005,4,衙门口桥北,000000058453420
110100016114006,5,衙门口村,000000058453420
110100016114007,6,三号桥,000000058453420
110100016114008,7,石景山水屯,000000058453420
110100016114009,8,河堤,000000058453420
110100016114010,9,燕山水泥厂,000000058453420
110100016114037,10,漫水桥东,000000058453420
110100016114035,11,卧龙岗村东,000000058453420
110100016114011,12,卧龙岗村,000000058453420
110100016114012,13,栗园庄,000000058453420
110100016114013,14,小园路口西,000000058453420
110100016114014,15,紫金路,000000058453420
110100016114015,16,紫金北路,000000058453420
110100016114016,17,永定镇何各庄,000000058453420
110100016114017,18,石龙工业区,000000058453420
110100016114036,19,丽景长安小区北,000000058453420
110100016114018,20,冯村南口,000000058453420
110100016114019,21,冯村中路南口,000000058453420
110100016114020,22,冯村中路东口,000000058453420
110100016114021,23,润西山小区,000000058453420
110100016114022,24,永定中学,000000058453420
110100016114023,25,葡萄嘴路口南,000000058453420
110100016114024,26,葡萄嘴,000000058453420
110100016114025,27,月季园小区,000000058453420
110100016114026,28,新桥南街,000000058453420
110100016114027,29,京煤集团,000000058453420
110100016114028,30,大峪,000000058453420
110100016114029,31,大峪南路小区,000000058453420
110100016114030,32,门头沟教委小区,000000058453420
110100016114031,33,坡头小区,000000058453420
110100016114032,34,中门花园,000000058453420
110100016114033,35,中门寺生态园,000000058453420
