stationId,stopNumber,stopName,lineId
110100016107082,1,夏村北站,000000058551011
110100016107083,2,夏村西口,000000058551011
110100016107084,3,夏村村委会,000000058551011
110100016107085,4,夏村东口,000000058551011
110100016107086,5,小庄子,000000058551011
110100016107087,6,夏村桥西,000000058551011
110100016107088,7,田家园西,000000058551011
110100016107089,8,房山板桥,000000058551011
110100016107090,9,窦店卫生院,000000058551011
110100016107091,10,窦店镇政府,000000058551011
110100016107092,11,田家园小区,000000058551011
110100016107093,12,瓦窑头,000000058551011
110100016107094,13,金鑫苑,000000058551011
110100016107095,14,房山于庄,000000058551011
110100016107096,15,下坡店,000000058551011
110100016107097,16,下坡店路口南,000000058551011
110100016107098,17,水墨林溪,000000058551011
110100016107102,18,水墨林溪北,000000058551011
110100016107004,19,开古庄,000000058551011
110100016107005,20,昊腾家园,000000058551011
110100016107072,21,西坟村,000000058551011
110100016107006,22,大窦桥南,000000058551011
110100016107007,23,大董村,000000058551011
110100016107008,24,紫草坞路口,000000058551011
110100016107009,25,阎村,000000058551011
110100016107010,26,蓝光海悦城小区,000000058551011
110100016107011,27,良乡西路,000000058551011
110100016107012,28,苏庄东街北口,000000058551011
110100016107013,29,良乡西门,000000058551011
110100016107014,30,西潞园,000000058551011
110100016107079,31,良坨路口,000000058551011
110100016107015,32,良乡北关北,000000058551011
110100016107016,33,行宫小区南门,000000058551011
110100016107017,34,送变电公司路口西,000000058551011
110100016107018,35,黄辛庄路口,000000058551011
110100016107019,36,长阳碧桂园,000000058551011
110100016107020,37,昊天北桥南,000000058551011
110100016107021,38,昊天北桥北,000000058551011
110100016107081,39,黄管屯,000000058551011
110100016107073,40,黄管屯北,000000058551011
110100016107022,41,南岗洼,000000058551011
110100016107023,42,北岗洼,000000058551011
110100016107024,43,赵辛店村,000000058551011
110100016107100,44,赵辛店北,000000058551011
110100016107025,45,北京十中,000000058551011
110100016107026,46,长辛店南口,000000058551011
110100016107027,47,长辛店北口,000000058551011
110100016107028,48,杜家坎南,000000058551011
110100016107029,49,杜家坎,000000058551011
110100016107030,50,卢沟新桥,000000058551011
110100016107031,51,抗战雕塑园,000000058551011
110100016107032,52,西道口,000000058551011
110100016107075,53,岳各庄桥东,000000058551011
110100016107034,54,岳各庄桥北,000000058551011
110100016107035,55,岳各庄,000000058551011
110100016107036,56,郑常庄,000000058551011
110100016107037,57,青塔,000000058551011
110100016107038,58,南沙窝桥,000000058551011
110100016107039,59,沙窝桥北,000000058551011
110100016107040,60,五棵松桥北,000000058551011
110100016107041,61,金沟河,000000058551011
110100016107042,62,定慧桥南,000000058551011
110100016107043,63,定慧桥北,000000058551011
110100016107044,64,五路桥,000000058551011
110100016107045,65,营慧寺,000000058551011
110100016107046,66,四季青桥南,000000058551011
