stationId,stopNumber,stopName,lineId
110100015852002,1,黎各庄,000001889057921
110100015852003,2,朝阳农场,000001889057921
110100015852004,3,皮村西口,000001889057921
110100015852005,4,海洼子,000001889057921
110100015852045,5,曹各庄,000001889057921
110100015852046,6,楼梓庄路口东,000001889057921
110100015852047,7,楼梓庄路口南,000001889057921
110100015852048,8,楼梓庄南站,000001889057921
110100015852049,9,楼梓庄马家沟,000001889057921
110100015852050,10,焦沙路口南,000001889057921
110100015852051,11,马各庄东,000001889057921
110100015852052,12,高安屯,000001889057921
110100015852053,13,五里桥,000001889057921
110100015852055,14,五里桥路口北,000001889057921
110100015852040,15,地铁草房站,000001889057921
110100015852041,16,东十里堡村,000001889057921
110100015852042,17,高安屯路南口,000001889057921
110100015852056,18,地铁常营站,000001889057921
110100015852015,19,常营路口东,000001889057921
110100015852016,20,常营路口南,000001889057921
110100015852017,21,科技大学管庄校区,000001889057921
110100015852018,22,管庄路口北,000001889057921
110100015852019,23,周家井,000001889057921
110100015852020,24,朝阳路三间房,000001889057921
110100015852021,25,第二外国语学院,000001889057921
110100015852022,26,定福庄,000001889057921
110100015852023,27,大黄庄桥东,000001889057921
110100015852024,28,朝阳路高井,000001889057921
110100015852025,29,民航总医院,000001889057921
110100015852026,30,朝阳路太平庄,000001889057921
110100015852027,31,甘露园东,000001889057921
110100015852028,32,甘露园西,000001889057921
110100015852029,33,十里堡,000001889057921
110100015852030,34,东八里庄,000001889057921
110100015852031,35,慈云寺,000001889057921
110100015852032,36,红庙路口东,000001889057921
110100015852033,37,光华路东口,000001889057921
110100015852034,38,针织路口西,000001889057921
110100015852035,39,光华桥西,000001889057921
110100015852036,40,光华路口东,000001889057921
110100015852037,41,日坛公园,000001889057921
110100015852038,42,北京站东街,000001889057921
