stationId,stopNumber,stopName,lineId
900000091769001,1,燕山体育馆,000011574150480
900000091769002,2,宏塔小区,000011574150480
900000091769003,3,富燕新村,000011574150480
900000091769012,4,房山北关北,000011574150480
900000091769013,5,富燕新村东门,000011574150480
900000091769014,6,燕山二一八公交场站,000011574150480
900000091769015,7,燕化动力厂,000011574150480
900000091769016,8,羊头岗村,000011574150480
900000091769017,9,羊头岗,000011574150480
900000091769026,10,房山城关新城北,000011574150480
900000091769018,11,房山城关新城,000011574150480
900000091769019,12,城关新城路口,000011574150480
900000091769024,13,纬三路东口,000011574150480
900000091769020,14,城关街道办事处,000011574150480
900000091769021,15,饶乐府,000011574150480
900000091769022,16,房山东大桥,000011574150480
900000091769023,17,房山东大街,000011574150480
900000091769025,18,房山西大街,000011574150480
900000091769007,19,洪福家园,000011574150480
900000091769008,20,山水家园,000011574150480
900000091769009,21,洪顺家园,000011574150480
900000091769010,22,原香嘉苑,000011574150480
900000091769011,23,燕山体育馆,000011574150480
