stationId,stopNumber,stopName,lineId
110100011720044,1,地铁望京西站,000000058470390
110100011720046,2,怀柔桥北,000000058470390
110100011720047,3,庙城东,000000058470390
110100011720052,4,怀杨路口,000000058470390
110100011720003,5,怀柔渔场,000000058470390
110100011720004,6,王化村,000000058470390
110100011720050,7,北房,000000058470390
110100011720005,8,北房开发区,000000058470390
110100011720006,9,驸马庄,000000058470390
110100011720064,10,梨园庄,000000058470390
110100011720007,11,梨园庄路口,000000058470390
110100011720008,12,统军庄路口北,000000058470390
110100011720009,13,清水潭路口,000000058470390
110100011720010,14,密云大辛庄,000000058470390
110100011720011,15,密云沿村,000000058470390
110100011720060,16,渤海寨南,000000058470390
110100011720013,17,渤海寨,000000058470390
110100011720053,18,苍头,000000058470390
110100011720054,19,卸甲山路口,000000058470390
110100011720055,20,董各庄,000000058470390
110100011720056,21,西田各庄,000000058470390
110100011720057,22,朝阳村路口,000000058470390
110100011720058,23,韩各庄,000000058470390
110100011720048,24,季庄西站,000000058470390
110100011720021,25,季庄村,000000058470390
110100011720049,26,密云鼓楼西大街,000000058470390
110100011720023,27,密云新中街,000000058470390
110100011720024,28,花园小区,000000058470390
110100011720025,29,密云老城墙,000000058470390
110100011720026,30,宾阳西里,000000058470390
110100011720027,31,宾阳北里,000000058470390
110100011720028,32,密云沙河,000000058470390
110100011720051,33,密云北站,000000058470390
110100011720065,34,云北小区,000000058470390
110100011720029,35,白石岭村,000000058470390
110100011720030,36,白河公园,000000058470390
110100011720031,37,白河公园北,000000058470390
110100011720032,38,东智西,000000058470390
110100011720045,39,西智,000000058470390
110100011720033,40,东智北,000000058470390
110100011720034,41,立新庄,000000058470390
110100011720035,42,马头山桥,000000058470390
110100011720036,43,金叵罗,000000058470390
110100011720037,44,溪水小区,000000058470390
110100011720038,45,溪翁庄,000000058470390
110100011720061,46,溪翁庄东,000000058470390
110100011720062,47,京溪小区,000000058470390
110100011720063,48,云佛山滑雪场,000000058470390
