stationId,stopNumber,stopName,lineId
110100014293002,1,韩庄子北,000014286687461
110100014293039,2,造甲村,000014286687461
110100014293003,3,造甲村东,000014286687461
110100014293004,4,新村,000014286687461
110100014293005,5,四合庄,000014286687461
110100014293006,6,首经贸西校区,000014286687461
110100014293007,7,樊家村,000014286687461
110100014293008,8,纪家庙,000014286687461
110100014293009,9,夏家胡同(东行),000014286687461
110100014293010,10,夏家胡同(西行),000014286687461
110100014293011,11,丽泽桥,000014286687461
110100014293041,12,西局,000014286687461
110100014293012,13,六里桥南,000014286687461
110100014293013,14,六里桥东,000014286687461
110100014293014,15,莲花池,000014286687461
110100014293037,16,湾子,000014286687461
110100014293040,17,广外甘石桥,000014286687461
110100014293015,18,达官营,000014286687461
110100014293042,19,广外关厢,000014286687461
110100014293016,20,广安门北,000014286687461
110100014293017,21,天宁寺桥东,000014286687461
110100014293038,22,西便门,000014286687461
110100014293018,23,复兴门南,000014286687461
110100014293019,24,北京儿童医院,000014286687461
110100014293020,25,阜成门北,000014286687461
110100014293021,26,西直门南,000014286687461
110100014293035,27,索家坟,000014286687461
