stationId,stopNumber,stopName,lineId
110100014176002,1,五路,000000058179740
110100014176003,2,慈寿寺桥(南行),000000058179740
110100014176004,3,八里庄桥,000000058179740
110100014176005,4,慈寿寺桥(北行),000000058179740
110100014176006,5,五路(北行),000000058179740
110100014176007,6,善家坟,000000058179740
110100014176008,7,车道沟桥东,000000058179740
110100014176009,8,北洼路,000000058179740
110100014176010,9,白石桥东,000000058179740
110100014176011,10,动物园,000000058179740
110100014176012,11,西直门外,000000058179740
110100014176013,12,西直门,000000058179740
110100014176014,13,车公庄北,000000058179740
110100014176035,14,文慧桥北,000000058179740
110100014176016,15,明光桥北,000000058179740
110100014176017,16,蓟门桥,000000058179740
110100014176018,17,北京航空航天大学,000000058179740
110100014176034,18,成府路口南,000000058179740
110100014176033,19,学院路北口,000000058179740
110100014176021,20,静淑苑,000000058179740
110100014176022,21,学知园,000000058179740
110100014176023,22,马家沟,000000058179740
110100014176024,23,清河北,000000058179740
110100014176025,24,清河小营桥南,000000058179740
110100014176026,25,清河小营桥西,000000058179740
110100014176027,26,毛纺路北口,000000058179740
110100014176028,27,学府树公交场站,000000058179740
