stationId,stopNumber,stopName,lineId
110100014576002,1,田村半壁店东,000011531333861
110100014576003,2,五孔桥,000011531333861
110100014576004,3,定慧桥北,000011531333861
110100014576005,4,定慧桥南,000011531333861
110100014576006,5,定慧寺东,000011531333861
110100014576007,6,西钓鱼台,000011531333861
110100014576008,7,航天桥西,000011531333861
110100014576009,8,航天桥南,000011531333861
110100014576035,9,八一湖,000011531333861
110100014576010,10,公主坟北,000011531333861
110100014576011,11,公主坟南,000011531333861
110100014576037,12,莲花桥,000011531333861
110100014576012,13,北京西站,000011531333861
110100014576013,14,小马厂,000011531333861
110100014576014,15,天宁寺桥西,000011531333861
110100014576015,16,广安门北,000011531333861
110100014576016,17,广安门南,000011531333861
110100014576017,18,椿树馆街,000011531333861
110100014576018,19,白纸坊桥南,000011531333861
110100014576019,20,菜户营桥北,000011531333861
110100014576020,21,大观园,000011531333861
110100014576021,22,右安门西,000011531333861
110100014576022,23,开阳桥西,000011531333861
110100014576023,24,陶然亭公园南门,000011531333861
110100014576024,25,永定门西,000011531333861
110100014576025,26,永定门东,000011531333861
110100014576026,27,天坛南门,000011531333861
110100014576027,28,李村,000011531333861
110100014576036,29,琉璃井,000011531333861
110100014576028,30,定安路,000011531333861
110100014576029,31,赵公口桥西,000011531333861
110100014576030,32,木樨园桥东,000011531333861
110100014576031,33,木樨园桥西,000011531333861
110100014576032,34,洋桥南,000011531333861
110100014576033,35,角门北路东口,000011531333861
110100014576034,36,马家堡公交场站,000011531333861
