stationId,stopNumber,stopName,lineId
110100014401057,1,东夏园枢纽站,000000058231080
110100014401037,2,前北营,000000058231080
110100014401038,3,后北营,000000058231080
110100014401039,4,召里南,000000058231080
110100014401036,5,召里,000000058231080
110100014401046,6,兴达广场小区,000000058231080
110100014401047,7,燕灵路口,000000058231080
110100014401048,8,交通干部管理学院,000000058231080
110100014401049,9,防灾科技学院,000000058231080
110100014401050,10,中赵甫村,000000058231080
110100014401051,11,东方夏威夷小区东门,000000058231080
110100014401052,12,东方夏威夷小区西门,000000058231080
110100014401033,13,意华小区,000000058231080
110100014401021,14,世纪名苑,000000058231080
110100014401027,15,燕京新城,000000058231080
110100014401031,16,星河皓月小区南门,000000058231080
110100014401025,17,星河皓月小区北门,000000058231080
110100014401030,18,美林小区南门,000000058231080
110100014401023,19,美林小区北门,000000058231080
110100014401018,20,诸葛店,000000058231080
