stationId,stopNumber,stopName,lineId
900000067860001,1,上地南口,000005562252810
900000067860002,2,上地西里,000005562252810
900000067860003,3,上地五街,000005562252810
900000067860004,4,上地七街,000005562252810
900000067860005,5,软件园东站,000005562252810
900000067860006,6,软件园广场,000005562252810
900000067860014,7,水屯桥东,000005562252810
900000067860015,8,北控,000005562252810
900000067860026,9,拓然家苑,000005562252810
900000067860017,10,白浮泉路,000005562252810
900000067860018,11,富泉花园南门,000005562252810
900000067860019,12,昌盛路,000005562252810
900000067860020,13,京科苑,000005562252810
900000067860021,14,昌盛园北口,000005562252810
900000067860022,15,南环大桥西,000005562252810
900000067860023,16,南环大桥东,000005562252810
900000067860024,17,昌平内环东路,000005562252810
900000067860025,18,昌平何营,000005562252810
