stationId,stopNumber,stopName,lineId
110100015841034,1,东大桥公交场站,000015325370841
110100015841035,2,东大桥路口东,000015325370841
110100015841036,3,东大桥东站,000015325370841
110100015841037,4,呼家楼北街小区,000015325370841
110100015841038,5,水碓子,000015325370841
110100015841039,6,金台路口西,000015325370841
110100015841011,7,金台路口北,000015325370841
110100015841012,8,甜水园北里,000015325370841
110100015841030,9,朝阳公园南门,000015325370841
110100015841014,10,朝阳公园桥东,000015325370841
110100015841015,11,豆各庄路口西,000015325370841
110100015841016,12,姚家园西口,000015325370841
110100015841040,13,姚家园北,000015325370841
110100015841041,14,姚家园西里,000015325370841
110100015841042,15,青年北路,000015325370841
110100015841043,16,李家坟,000015325370841
110100015841044,17,李家坟北,000015325370841
110100015841045,18,七棵树桥东,000015325370841
110100015841046,19,北京奥林匹克花园西站,000015325370841
110100015841047,20,北京奥林匹克花园,000015325370841
110100015841048,21,驹子房路口,000015325370841
110100015841049,22,驹子房东站,000015325370841
110100015841050,23,金驹家园,000015325370841
110100015841051,24,三岔河南站,000015325370841
110100015841053,25,焦庄桥北,000015325370841
110100015841052,26,组干学院站,000015325370841
