stationId,stopNumber,stopName,lineId
110100013827002,1,地铁龙泽站,000000058363431
110100013827003,2,龙华园南,000000058363431
110100013827004,3,龙华园,000000058363431
110100013827005,4,龙华园东,000000058363431
110100013827006,5,龙腾苑二区路口东,000000058363431
110100013827007,6,龙腾苑一区路口西,000000058363431
110100013827008,7,体育公园北门,000000058363431
110100013827009,8,龙跃苑一区路口东,000000058363431
110100013827010,9,天龙苑小区,000000058363431
110100013827011,10,和谐家园,000000058363431
110100013827012,11,地铁回龙观东大街站,000000058363431
110100013827013,12,华龙苑北里北门,000000058363431
110100013827014,13,天鑫家园,000000058363431
110100013827015,14,新干线一区西门,000000058363431
110100013827023,15,新干线家园,000000058363431
110100013827024,16,九台庄园西站,000000058363431
110100013827016,17,九台庄园,000000058363431
110100013827017,18,都市芳园,000000058363431
110100013827018,19,半截塔村,000000058363431
110100013827019,20,天通西苑三区北门,000000058363431
110100013827020,21,地铁天通苑北站南,000000058363431
110100013827021,22,天通苑北枢纽站,000000058363431
