stationId,stopNumber,stopName,lineId
110100014140055,1,南菜园,000000058246560
110100014140048,2,南菜园路口南,000000058246560
110100014140049,3,白纸坊桥南,000000058246560
110100014140050,4,白纸坊桥西,000000058246560
110100014140051,5,京铁和园,000000058246560
110100014140052,6,广安门车站西街,000000058246560
110100014140053,7,广安门货站,000000058246560
110100014140054,8,手帕口南街,000000058246560
110100014140017,9,达官营,000000058246560
110100014140018,10,广外甘石桥,000000058246560
110100014140019,11,湾子,000000058246560
110100014140041,12,广莲路,000000058246560
110100014140036,13,北蜂窝路南口,000000058246560
110100014140037,14,北蜂窝路,000000058246560
110100014140038,15,会城门,000000058246560
110100014140042,16,木樨地西,000000058246560
110100014140039,17,军事博物馆,000000058246560
110100014140040,18,玉渊潭南门,000000058246560
110100014140043,19,柳林馆,000000058246560
110100014140044,20,普惠南里,000000058246560
110100014140045,21,玉渊潭南路,000000058246560
110100014140026,22,罗道庄,000000058246560
110100014140027,23,翠微西里,000000058246560
110100014140028,24,八里庄桥,000000058246560
110100014140029,25,慈寿寺桥,000000058246560
110100014140046,26,五路(北行),000000058246560
110100014140030,27,善家坟,000000058246560
110100014140031,28,车道沟桥(北行),000000058246560
110100014140047,29,车道沟桥(南行),000000058246560
110100014140032,30,五路,000000058246560
