stationId,stopNumber,stopName,lineId
110100013859002,1,北京南站,000000058301970
110100013859003,2,永定门汽车站,000000058301970
110100013859005,3,开阳桥西,000000058301970
110100013859006,4,右安门东,000000058301970
110100013859007,5,右安门西,000000058301970
110100013859045,6,菜户营西站,000000058301970
110100013859046,7,中国戏曲学院站,000000058301970
110100013859010,8,三路居(临时站),000000058301970
110100013859011,9,丽泽桥东,000000058301970
110100013859012,10,丽泽桥,000000058301970
110100013859013,11,地铁西局站,000000058301970
110100013859014,12,丰台北路,000000058301970
110100013859015,13,七里庄,000000058301970
110100013859016,14,丰北桥东,000000058301970
110100013859051,15,丰台体育中心南门,000000058301970
110100013859017,16,大井南里,000000058301970
110100013859018,17,大井,000000058301970
110100013859019,18,五里店东站,000000058301970
110100013859020,19,五里店,000000058301970
110100013859021,20,五里店西站,000000058301970
110100013859022,21,西道口,000000058301970
110100013859023,22,抗战雕塑园,000000058301970
110100013859024,23,卢沟新桥,000000058301970
110100013859025,24,杜家坎,000000058301970
110100013859026,25,崔村,000000058301970
110100013859027,26,二七厂北,000000058301970
110100013859028,27,崔村西,000000058301970
110100013859047,28,留霞峪东,000000058301970
110100013859029,29,留霞峪,000000058301970
110100013859030,30,太子峪南,000000058301970
110100013859048,31,珠光逸景小区,000000058301970
110100013859031,32,吕村北站,000000058301970
110100013859032,33,吕村,000000058301970
110100013859050,34,吕村(临时站),000000058301970
110100013859033,35,吕村南站,000000058301970
110100013859034,36,珠江御景小区北门,000000058301970
110100013859035,37,辛庄南路南口,000000058301970
110100013859036,38,镇岗塔路南口,000000058301970
110100013859037,39,云岗北区,000000058301970
110100013859038,40,云岗,000000058301970
110100013859039,41,南宫北站,000000058301970
110100013859040,42,南宫,000000058301970
110100013859041,43,王佐镇政府,000000058301970
110100013859042,44,世界地热博览园,000000058301970
110100013859044,45,南宫迎宾路,000000058301970
110100013859043,46,南宫迎宾路南站,000000058301970
