stationId,stopNumber,stopName,lineId
110100010724002,1,城南嘉园北,000014286687330
110100010724003,2,嘉园三里,000014286687330
110100010724004,3,嘉园三里北,000014286687330
110100010724005,4,嘉园二里南门,000014286687330
110100010724006,5,嘉园二里东门,000014286687330
110100010724007,6,万芳桥南,000014286687330
110100010724008,7,万芳桥北,000014286687330
110100010724009,8,开阳桥南,000014286687330
110100010724010,9,开阳桥北,000014286687330
110100010724011,10,自新路口北,000014286687330
110100010724012,11,南横街路口北,000014286687330
110100010724013,12,菜市口北,000014286687330
110100010724014,13,宣武门外,000014286687330
110100010724015,14,长椿街路口西,000014286687330
110100010724016,15,天宁寺桥西,000014286687330
110100010724017,16,白云桥西,000014286687330
110100010724018,17,北京西站,000014286687330
110100010724019,18,莲花小区,000014286687330
110100010724020,19,金家村桥东,000014286687330
110100010724021,20,岳家楼桥,000014286687330
