stationId,stopNumber,stopName,lineId
900000056524001,1,双峪,000003957966991
900000056524002,2,新桥南街,000003957966991
900000056524003,3,永定中学,000003957966991
900000056524004,4,冯村,000003957966991
900000056524005,5,石龙工业区,000003957966991
900000056524006,6,石门营,000003957966991
900000056524007,7,小园村,000003957966991
900000056524008,8,栗园庄,000003957966991
900000056524009,9,卧龙岗,000003957966991
900000056524010,10,明春苑,000003957966991
900000056524011,11,六圈南路中口,000003957966991
900000056524021,12,丰茂南路东口,000003957966991
900000056524012,13,地铁丰台科技园站,000003957966991
900000056524013,14,总部基地金融港,000003957966991
900000056524014,15,总部基地六区,000003957966991
900000056524015,16,海鹰路口,000003957966991
900000056524016,17,航丰路口,000003957966991
900000056524017,18,中核路口东,000003957966991
900000056524018,19,内环西路北口,000003957966991
900000056524019,20,富丰桥西,000003957966991
