stationId,stopNumber,stopName,lineId
110100015396003,1,房山体育场,000011574151020
110100015396004,2,地铁房山城关站,000011574151020
110100015396005,3,房山北关,000011574151020
110100015396006,4,万宁桥,000011574151020
110100015396007,5,房山北大街,000011574151020
110100015396008,6,仓房小区,000011574151020
110100015396009,7,房山大角南,000011574151020
110100015396010,8,房山南大街,000011574151020
110100015396048,9,房山中医医院,000011574151020
110100015396056,10,房山南关立交桥北,000011574151020
110100015396049,11,房山南关立交桥南,000011574151020
110100015396014,12,牛口峪路口,000011574151020
110100015396015,13,顾册,000011574151020
110100015396059,14,房山云峰寺路口,000011574151020
110100015396050,15,周口村路口,000011574151020
110100015396017,16,周口店路口,000011574151020
110100015396060,17,龙乡苑,000011574151020
110100015396018,18,大韩继,000011574151020
110100015396061,19,周口店镇辛庄,000011574151020
110100015396020,20,新街,000011574151020
110100015396021,21,龙宝峪,000011574151020
110100015396022,22,南韩继,000011574151020
110100015396023,23,瓦井,000011574151020
110100015396024,24,石瓦路口,000011574151020
110100015396025,25,东周各庄,000011574151020
110100015396026,26,尤家坟,000011574151020
110100015396027,27,育才学校房山分校,000011574151020
110100015396028,28,房山岳各庄,000011574151020
110100015396029,29,五侯路口,000011574151020
110100015396030,30,二龙岗,000011574151020
110100015396051,31,长沟检查站,000011574151020
110100015396032,32,长沟沿村,000011574151020
110100015396033,33,云居寺路东口,000011574151020
110100015396034,34,长沟中学,000011574151020
110100015396035,35,长沟镇政府,000011574151020
110100015396037,36,长沟,000011574151020
110100015396053,37,长沟南站,000011574151020
110100015396054,38,北良各庄路口,000011574151020
110100015396062,39,北正东,000011574151020
110100015396063,40,北正,000011574151020
110100015396045,41,北正西,000011574151020
110100015396055,42,黄元井南站,000011574151020
110100015396047,43,黄元井,000011574151020
