stationId,stopNumber,stopName,lineId
110100015823002,1,苹果派小区,000000058533240
110100015823003,2,民族家园中路,000000058533240
110100015823031,3,常营民族家园,000000058533240
110100015823037,4,常营中路,000000058533240
110100015823032,5,常营,000000058533240
110100015823005,6,常营路口东,000000058533240
110100015823033,7,地铁常营站,000000058533240
110100015823029,8,高安屯路南口,000000058533240
110100015823006,9,东十里堡村,000000058533240
110100015823007,10,地铁草房站,000000058533240
110100015823008,11,地铁草房站东,000000058533240
110100015823030,12,邓家窑,000000058533240
110100015823009,13,北京物资学院,000000058533240
110100015823010,14,天赐良园,000000058533240
110100015823011,15,物资学院路南口,000000058533240
110100015823034,16,通州北关站,000000058533240
110100015823013,17,皇木厂,000000058533240
110100015823014,18,岳庄,000000058533240
110100015823015,19,通州佟麟阁大街,000000058533240
110100015823016,20,潞河医院,000000058533240
110100015823017,21,果园北,000000058533240
110100015823040,22,地铁九棵树站,000000058533240
110100015823035,23,九棵树,000000058533240
110100015823019,24,杨家洼,000000058533240
110100015823020,25,地铁梨园站,000000058533240
110100015823021,26,梨园南街西口,000000058533240
110100015823022,27,梨园东里南区,000000058533240
110100015823023,28,玉桥东里,000000058533240
110100015823024,29,幸福艺居小区,000000058533240
110100015823025,30,玉桥东路,000000058533240
110100015823026,31,乔庄,000000058533240
110100015823027,32,运乔嘉园,000000058533240
110100015823028,33,京东运乔建材城,000000058533240
110100015823038,34,通州杨坨桥西,000000058533240
110100015823039,35,郝家府公交场站,000000058533240
