stationId,stopNumber,stopName,lineId
110100015859002,1,疃里公交场站,000008180774021
110100015859045,2,疃里二区,000008180774021
110100015859046,3,疃里一区,000008180774021
110100015859047,4,疃里新村,000008180774021
110100015859006,5,潞邑西路,000008180774021
110100015859007,6,小潞邑北站,000008180774021
110100015859008,7,小潞邑,000008180774021
110100015859009,8,耿庄桥北,000008180774021
110100015859017,9,北京胸科医院,000008180774021
110100015859018,10,北京物资学院南站,000008180774021
110100015859019,11,西马庄,000008180774021
110100015859020,12,八里桥北站,000008180774021
110100015859021,13,西军庄,000008180774021
110100015859022,14,杨闸环岛东,000008180774021
110100015859023,15,杨闸路口西,000008180774021
110100015859044,16,郎家园,000008180774021
110100015859039,17,大北窑东,000008180774021
