stationId,stopNumber,stopName,lineId
900000074254001,1,学府树公交场站,000005819576381
900000074254002,2,清河中街西口,000005819576381
900000074254003,3,朱房路西口,000005819576381
900000074254004,4,上地桥东,000005819576381
900000074254005,5,上地三街东口,000005819576381
900000074254006,6,上地五街,000005819576381
900000074254007,7,上地七街,000005819576381
900000074254008,8,软件园东站,000005819576381
900000074254009,9,软件园广场,000005819576381
900000074254010,10,东北旺北,000005819576381
900000074254011,11,土井东,000005819576381
900000074254012,12,唐家岭新城,000005819576381
900000074254013,13,航天城南站,000005819576381
900000074254014,14,航天城,000005819576381
900000074254015,15,航天城北站,000005819576381
900000074254016,16,辛店,000005819576381
900000074254017,17,永丰产业基地,000005819576381
900000074254018,18,永丰路口西,000005819576381
900000074254019,19,地铁永丰站,000005819576381
