stationId,stopNumber,stopName,lineId
110100015786002,1,金安桥北,000000058311620
110100015786003,2,金顶路西口,000000058311620
110100015786029,3,金顶街五区,000000058311620
110100015786004,4,金顶街三区,000000058311620
110100015786005,5,地铁苹果园站北,000000058311620
110100015786006,6,苹果园路东口,000000058311620
110100015786007,7,苹果园北,000000058311620
110100015786008,8,苹果园南,000000058311620
110100015786009,9,杨庄路西口,000000058311620
110100015786010,10,古城北路西口,000000058311620
110100015786011,11,八角北路西口,000000058311620
110100015786012,12,八角北路西站,000000058311620
110100015786013,13,石景山科技馆,000000058311620
110100015786014,14,八角西街,000000058311620
110100015786015,15,京燕饭店,000000058311620
110100015786016,16,京原路口东,000000058311620
110100015786017,17,银河大街,000000058311620
110100015786018,18,六合园北,000000058311620
110100015786019,19,七星东街,000000058311620
110100015786020,20,衙门口上街,000000058311620
110100015786021,21,芳园西街南口,000000058311620
110100015786022,22,莲芳桥东,000000058311620
110100015786023,23,莲芳东桥东,000000058311620
110100015786024,24,远洋山水小区南,000000058311620
110100015786025,25,石槽,000000058311620
110100015786026,26,鲁谷路东口,000000058311620
110100015786027,27,十院,000000058311620
110100015786028,28,鲁谷公交场站,000000058311620
