stationId,stopNumber,stopName,lineId
900000037150105,1,辛庄检查站,000011574150471
900000037150113,2,陈家台东,000011574150471
900000037150035,3,陈家台,000011574150471
900000037150036,4,班各庄,000011574150471
900000037150037,5,佛子庄乡政府,000011574150471
900000037150038,6,黑龙关,000011574150471
900000037150039,7,佛子庄乡南河,000011574150471
900000037150114,8,银狐洞路口,000011574150471
900000037150115,9,佛子庄桥,000011574150471
900000037150116,10,佛子庄西口,000011574150471
900000037150042,11,西大地,000011574150471
900000037150117,12,红煤厂公交场站,000011574150471
900000037150043,13,南窖路口,000011574150471
900000037150044,14,红煤厂路口,000011574150471
900000037150118,15,长操桥,000011574150471
900000037150045,16,长操,000011574150471
900000037150046,17,长操北,000011574150471
900000037150047,18,房山二道河,000011574150471
900000037150048,19,房山四道河,000011574150471
900000037150049,20,房山五道河,000011574150471
900000037150050,21,山川,000011574150471
900000037150052,22,房山石板房路口,000011574150471
900000037150135,23,九道河西,000011574150471
900000037150130,24,六马堂桥南,000011574150471
900000037150053,25,贾峪口东,000011574150471
900000037150054,26,贾峪口,000011574150471
900000037150131,27,佛子庄乡土洞,000011574150471
900000037150055,28,沙湖,000011574150471
900000037150101,29,沙湖南,000011574150471
900000037150057,30,下石堡北,000011574150471
900000037150058,31,下石堡,000011574150471
900000037150059,32,中石堡,000011574150471
900000037150060,33,立台岭,000011574150471
900000037150061,34,上石堡,000011574150471
900000037150132,35,凉水泉东,000011574150471
900000037150062,36,凉水泉,000011574150471
900000037150063,37,凉水泉路口,000011574150471
900000037150064,38,下河,000011574150471
900000037150065,39,霞云岭小学,000011574150471
900000037150066,40,霞云岭,000011574150471
900000037150133,41,霞云岭敬老院,000011574150471
900000037150067,42,四合南站,000011574150471
900000037150068,43,四合北站,000011574150471
900000037150069,44,郑家台东,000011574150471
900000037150070,45,郑家台西,000011574150471
900000037150071,46,石板台,000011574150471
900000037150072,47,石板台西,000011574150471
900000037150073,48,三江堰,000011574150471
900000037150134,49,王家台东,000011574150471
900000037150074,50,王家台,000011574150471
900000037150075,51,任家台,000011574150471
900000037150137,52,柳树沟桥,000011574150471
900000037150076,53,南直河,000011574150471
900000037150077,54,台港沟路口,000011574150471
900000037150078,55,鱼骨寺路口,000011574150471
900000037150079,56,庄户台,000011574150471
900000037150080,57,庄户台西,000011574150471
900000037150081,58,何家台,000011574150471
900000037150082,59,龙门台路口,000011574150471
