stationId,stopNumber,stopName,lineId
110100015229035,1,云岗,000000058463180
110100015229036,2,南宫北站,000000058463180
110100015229037,3,东王佐,000000058463180
110100015229038,4,王佐学校,000000058463180
110100015229074,5,王佐卫生院,000000058463180
110100015229075,6,西王佐北,000000058463180
110100015229076,7,下庄村,000000058463180
110100015229077,8,丰台瓦窑村东口,000000058463180
110100015229078,9,民族苑路,000000058463180
110100015229079,10,栗园村,000000058463180
110100015229080,11,栗园村西,000000058463180
110100015229084,12,文林北街东口,000000058463180
110100015229069,13,北洛平村,000000058463180
110100015229070,14,南洛平村,000000058463180
110100015229071,15,怪村,000000058463180
110100015229045,16,怪村公交场站,000000058463180
110100015229081,17,王佐桥西,000000058463180
110100015229087,18,林家坟,000000058463180
110100015229082,19,南宫南站,000000058463180
110100015229083,20,丰台河西村,000000058463180
