stationId,stopNumber,stopName,lineId
900000130541001,1,石厂村,000011160430131
900000130541013,2,紫金北路,000011160430131
900000130541003,3,紫金路,000011160430131
900000130541004,4,小园路口西,000011160430131
900000130541005,5,小园公交场站,000011160430131
900000130541012,6,紫上南口,000011160430131
900000130541006,7,紫上北口,000011160430131
900000130541007,8,永上路口,000011160430131
900000130541014,9,西山燕庐家园,000011160430131
900000130541015,10,金地华宸小区,000011160430131
900000130541016,11,翡翠长安小区,000011160430131
900000130541017,12,梧桐苑北,000011160430131
900000130541018,13,玉带街,000011160430131
900000130541019,14,玉带街南口,000011160430131
900000130541010,15,梧桐苑公交场站,000011160430131
