stationId,stopNumber,stopName,lineId
110100016246155,1,周庄村南,000011574150731
110100016246156,2,周庄,000011574150731
110100016246157,3,周庄村东,000011574150731
110100016246158,4,南洛北,000011574150731
110100016246007,5,北洛,000011574150731
110100016246093,6,北京金隅科技学校,000011574150731
110100016246088,7,琉璃河水泥厂家属区,000011574150731
110100016246010,8,房山平各庄,000011574150731
110100016246087,9,琉璃河水泥厂站,000011574150731
110100016246090,10,琉璃河水泥厂西站,000011574150731
110100016246014,11,琉璃河东,000011574150731
110100016246015,12,琉璃河,000011574150731
110100016246016,13,琉璃河镇政府,000011574150731
110100016246017,14,琉璃河卫生院,000011574150731
110100016246144,15,刘夏路南口,000011574150731
110100016246145,16,刘李店西,000011574150731
110100016246146,17,芦村南站,000011574150731
110100016246147,18,芦村北站,000011574150731
110100016246148,19,芦村,000011574150731
110100016246149,20,芦村东站,000011574150731
110100016246150,21,窦店中心小学,000011574150731
110100016246025,22,窦店村,000011574150731
110100016246095,23,窦店路口东,000011574150731
110100016246096,24,京南嘉园,000011574150731
110100016246097,25,迎宾南街南口,000011574150731
110100016246098,26,交道广电路口,000011574150731
110100016246099,27,启航街,000011574150731
110100016246100,28,启航街路口,000011574150731
110100016246101,29,弘安路,000011574150731
110100016246102,30,智怡嘉园,000011574150731
110100016246103,31,圣福洲周转房小区,000011574150731
110100016246104,32,小高舍南,000011574150731
110100016246138,33,小高舍,000011574150731
110100016246152,34,大高舍,000011574150731
110100016246153,35,大高舍北,000011574150731
110100016246141,36,亚新一里,000011574150731
110100016246109,37,小十三里路口,000011574150731
110100016246110,38,小十三里北口,000011574150731
110100016246111,39,大十三里,000011574150731
110100016246112,40,大十三里北,000011574150731
110100016246113,41,房山肖庄南站,000011574150731
110100016246114,42,房山肖庄,000011574150731
110100016246115,43,翠柳大街,000011574150731
110100016246116,44,佳世苑小区,000011574150731
110100016246117,45,苏庄大街,000011574150731
110100016246118,46,苏庄中路,000011574150731
110100016246119,47,苏庄东街,000011574150731
110100016246052,48,良乡西门,000011574150731
110100016246053,49,良乡大角站,000011574150731
110100016246120,50,良乡东关,000011574150731
110100016246121,51,昊天公园南门,000011574150731
110100016246122,52,良乡伟业嘉园,000011574150731
110100016246123,53,竹园街,000011574150731
110100016246124,54,竹园街北站,000011574150731
110100016246125,55,梅花庄新村,000011574150731
110100016246127,56,梅花庄新村东,000011574150731
110100016246126,57,小西庄村北,000011574150731
110100016246067,58,长阳一村,000011574150731
110100016246061,59,天骄俊园小区,000011574150731
110100016246062,60,碧波园,000011574150731
110100016246086,61,地铁广阳城站北,000011574150731
