stationId,stopNumber,stopName,lineId
900000067868001,1,中关村南,000005562252790
900000067868003,2,海淀黄庄北,000005562252790
900000067868004,3,人民大学,000005562252790
900000067868005,4,侯庄子,000005562252790
900000067868016,5,滨河西区,000005562252790
900000067868006,6,葡东小区,000005562252790
900000067868007,7,葡萄嘴路口南,000005562252790
900000067868008,8,永定中学,000005562252790
900000067868009,9,冯村,000005562252790
900000067868010,10,石龙工业区,000005562252790
900000067868011,11,石门营,000005562252790
900000067868012,12,小园路口西,000005562252790
900000067868013,13,紫金路,000005562252790
900000067868014,14,紫金路南站,000005562252790
