stationId,stopNumber,stopName,lineId
110100014616002,1,华纺易城公交场站,000011531333611
110100014616003,2,华纺易城小区,000011531333611
110100014616004,3,青年路口北,000011531333611
110100014616015,4,青年路口东,000011531333611
110100014616016,5,青年路小区南站,000011531333611
110100014616005,6,天鹅湾小区,000011531333611
110100014616014,7,甘露园中街南口,000011531333611
110100014616007,8,康家沟,000011531333611
110100014616008,9,兴隆家园,000011531333611
110100014616009,10,兴隆中街,000011531333611
110100014616010,11,高碑店桥北,000011531333611
110100014616011,12,四惠东站,000011531333611
110100014616012,13,陈家林,000011531333611
110100014616013,14,八王坟东,000011531333611
