stationId,stopNumber,stopName,lineId
110100015499001,1,祁家豁子,000000058664291
110100015499055,2,民族园西路,000000058664291
110100015499056,3,华严里,000000058664291
110100015499057,4,健德门东,000000058664291
110100015499002,5,马甸桥北,000000058664291
110100015499003,6,马甸桥南,000000058664291
110100015499004,7,德外关厢,000000058664291
110100015499005,8,德胜门外,000000058664291
110100015499006,9,德胜门,000000058664291
110100015499074,10,德胜门南站,000000058664291
110100015499077,11,果子市,000000058664291
110100015499076,12,德内甘水桥,000000058664291
110100015499079,13,铸钟厂,000000058664291
110100015499075,14,宝钞胡同,000000058664291
110100015499078,15,小经厂,000000058664291
110100015499069,16,交道口南,000000058664291
110100015499070,17,北兵马司,000000058664291
110100015499071,18,南锣鼓巷,000000058664291
110100015499072,19,地安门东,000000058664291
110100015499011,20,地安门内,000000058664291
110100015499035,21,景山东街,000000058664291
110100015499012,22,景山东门,000000058664291
110100015499013,23,沙滩路口西,000000058664291
110100015499036,24,骑河楼,000000058664291
110100015499014,25,东安门,000000058664291
110100015499037,26,南河沿,000000058664291
110100015499064,27,正义路南口,000000058664291
110100015499065,28,前门东,000000058664291
110100015499038,29,前门,000000058664291
110100015499039,30,大栅栏,000000058664291
110100015499073,31,珠市口南,000000058664291
110100015499054,32,天桥,000000058664291
110100015499018,33,天坛西门,000000058664291
110100015499041,34,先农坛,000000058664291
110100015499019,35,永定门内,000000058664291
110100015499042,36,沙子口,000000058664291
110100015499020,37,木樨园桥北,000000058664291
110100015499021,38,海户屯,000000058664291
110100015499022,39,海慧寺,000000058664291
110100015499066,40,南顶村北口,000000058664291
110100015499023,41,南顶村,000000058664291
110100015499024,42,大红门北站,000000058664291
110100015499025,43,大红门桥北,000000058664291
110100015499026,44,久敬庄,000000058664291
110100015499027,45,和义农场,000000058664291
110100015499028,46,和义南站,000000058664291
110100015499029,47,三营门,000000058664291
110100015499043,48,西洼地,000000058664291
110100015499031,49,东高地,000000058664291
110100015499032,50,万源路,000000058664291
