stationId,stopNumber,stopName,lineId
110100014076002,1,杏坛路南口,000000058527480
110100014076003,2,杏坛路,000000058527480
110100014076004,3,杏坛路北口,000000058527480
110100014076005,4,北太平桥西,000000058527480
110100014076006,5,北太平桥北,000000058527480
110100014076007,6,牡丹园,000000058527480
110100014076008,7,牡丹园西,000000058527480
110100014076009,8,塔院小区南门,000000058527480
110100014076010,9,知春路,000000058527480
110100014076011,10,知春里东站,000000058527480
110100014076012,11,知春里路口北,000000058527480
110100014076013,12,科学院小区,000000058527480
110100014076014,13,科学院南路北口,000000058527480
110100014076015,14,中关村一街,000000058527480
110100014076016,15,中关村北,000000058527480
110100014076017,16,中关园,000000058527480
110100014076018,17,中关园北站,000000058527480
110100014076019,18,清华大学西门,000000058527480
110100014076020,19,圆明园南门,000000058527480
110100014076021,20,颐和园路东口,000000058527480
110100014076022,21,西苑,000000058527480
