stationId,stopNumber,stopName,lineId
110100015494001,1,青年路小区,000000058675491
110100015494002,2,青年路口西,000000058675491
110100015494003,3,十里堡北里,000000058675491
110100015494004,4,八里庄南里,000000058675491
110100015494005,5,红领巾公园,000000058675491
110100015494006,6,延静里,000000058675491
110100015494007,7,金台路口东,000000058675491
110100015494008,8,水碓子,000000058675491
110100015494009,9,水碓路口西,000000058675491
110100015494010,10,东大桥东站,000000058675491
110100015494011,11,东大桥,000000058675491
110100015494012,12,东大桥路口北,000000058675491
110100015494013,13,朝阳医院,000000058675491
110100015494014,14,工人体育场,000000058675491
110100015494015,15,幸福三村,000000058675491
110100015494016,16,春秀路,000000058675491
110100015494017,17,东直门,000000058675491
110100015494018,18,东直门内,000000058675491
110100015494019,19,东内小街,000000058675491
110100015494020,20,北新桥路口北,000000058675491
110100015494021,21,国子监,000000058675491
110100015494022,22,雍和宫,000000058675491
110100015494023,23,地坛南门,000000058675491
110100015494038,24,地坛东门,000000058675491
110100015494024,25,地铁和平里北街站,000000058675491
110100015494025,26,和平里西街,000000058675491
110100015494026,27,青年沟,000000058675491
110100015494027,28,青年沟西口,000000058675491
110100015494028,29,小黄庄,000000058675491
110100015494029,30,外馆斜街,000000058675491
110100015494030,31,安华西里,000000058675491
110100015494031,32,安华桥南,000000058675491
110100015494039,33,安华桥北,000000058675491
110100015494032,34,安贞西里,000000058675491
110100015494033,35,地铁北土城站,000000058675491
110100015494034,36,华严里,000000058675491
110100015494035,37,北辰西桥南,000000058675491
110100015494036,38,北辰西桥北,000000058675491
110100015494037,39,国家体育馆,000000058675491
