stationId,stopNumber,stopName,lineId
900000034877040,1,龙泉庄,000004341219250
900000034877041,2,沙峪村北,000004341219250
900000034877042,3,沙峪村东,000004341219250
900000034877043,4,景峪路口,000004341219250
900000034877044,5,怀柔李家峪,000004341219250
900000034877045,6,景峪,000004341219250
900000034877052,7,怀柔李家峪,000004341219250
900000034877004,8,白木,000004341219250
900000034877029,9,渤海卫生院,000004341219250
900000034877046,10,渤海所西(临时站),000004341219250
900000034877047,11,渤海所路口,000004341219250
900000034877023,12,渤海所,000004341219250
900000034877036,13,渤海所东,000004341219250
900000034877037,14,渤海所小学,000004341219250
900000034877048,15,得水湾西,000004341219250
900000034877024,16,得水湾,000004341219250
900000034877030,17,辛营,000004341219250
900000034877025,18,慕田峪环岛,000004341219250
900000034877034,19,苇店北,000004341219250
900000034877026,20,苇店,000004341219250
900000034877049,21,苇店南,000004341219250
900000034877035,22,马道峪北,000004341219250
900000034877027,23,马道峪,000004341219250
900000034877038,24,马道峪南,000004341219250
900000034877031,25,花台子,000004341219250
900000034877028,26,三渡河,000004341219250
900000034877050,27,三渡河村口,000004341219250
900000034877032,28,三亩园,000004341219250
900000034877053,29,关渡河,000004341219250
900000034877012,30,口头,000004341219250
900000034877051,31,东峪(临时站),000004341219250
900000034877039,32,西三村口,000004341219250
900000034877033,33,小东庄,000004341219250
900000034877014,34,郭家坞,000004341219250
900000034877015,35,怀柔北大街,000004341219250
900000034877016,36,怀柔学管中心,000004341219250
900000034877017,37,于家园一区,000004341219250
900000034877018,38,于家园,000004341219250
