stationId,stopNumber,stopName,lineId
110100013648027,1,动物园枢纽站,000000058150700
110100013648028,2,新苑街,000000058150700
110100013648003,3,白石桥西,000000058150700
110100013648004,4,北洼路,000000058150700
110100013648005,5,车道沟桥东,000000058150700
110100013648006,6,板井路东口,000000058150700
110100013648007,7,黄庄东站,000000058150700
110100013648022,8,黄庄,000000058150700
110100013648008,9,东冉村,000000058150700
110100013648009,10,南坞,000000058150700
110100013648010,11,四海桥南,000000058150700
110100013648029,12,四海桥北,000000058150700
110100013648023,13,北营门,000000058150700
110100013648011,14,中坞,000000058150700
110100013648012,15,闵庄,000000058150700
110100013648013,16,小屯,000000058150700
110100013648014,17,清华育才实验学校,000000058150700
110100013648024,18,瑞王坟,000000058150700
110100013648015,19,门头村,000000058150700
110100013648016,20,南河滩,000000058150700
110100013648017,21,红旗村,000000058150700
110100013648018,22,国家植物园西南门,000000058150700
110100013648025,23,国家植物园,000000058150700
110100013648026,24,香泉环岛,000000058150700
