stationId,stopNumber,stopName,lineId
110100016099002,1,奶子房公交场站,000000058293631
110100016099003,2,奶西村南,000000058293631
110100016099004,3,奶东村,000000058293631
110100016099005,4,奶东工业区,000000058293631
110100016099006,5,何各庄西口,000000058293631
110100016099007,6,何各庄,000000058293631
110100016099076,7,马泉营村西口,000000058293631
110100016099010,8,崔各庄东,000000058293631
110100016099065,9,崔各庄,000000058293631
110100016099012,10,地铁崔各庄站,000000058293631
110100016099013,11,善各庄,000000058293631
110100016099062,12,望京火车站,000000058293631
110100016099014,13,善各庄西站,000000058293631
110100016099015,14,来广营路口南,000000058293631
110100016099016,15,广顺桥南,000000058293631
110100016099017,16,利泽中街西口,000000058293631
110100016099018,17,望京花园西区,000000058293631
110100016099019,18,湖光北街东口,000000058293631
110100016099020,19,南湖东园,000000058293631
110100016099021,20,南湖南路北口,000000058293631
110100016099022,21,南湖南路,000000058293631
110100016099023,22,花家地北里,000000058293631
110100016099024,23,花家地南里,000000058293631
110100016099077,24,阜通东大街西口,000000058293631
110100016099025,25,望京桥东,000000058293631
110100016099026,26,望京桥西,000000058293631
110100016099027,27,望和桥东,000000058293631
110100016099028,28,望和桥,000000058293631
110100016099029,29,育慧里,000000058293631
110100016099067,30,惠新东桥南,000000058293631
110100016099068,31,对外经贸大学北,000000058293631
110100016099069,32,惠新里,000000058293631
110100016099070,33,惠新西街,000000058293631
110100016099075,34,小关东里,000000058293631
110100016099071,35,小关,000000058293631
110100016099072,36,五路居,000000058293631
110100016099073,37,安贞桥北,000000058293631
110100016099074,38,安贞桥西,000000058293631
