stationId,stopNumber,stopName,lineId
110100015751002,1,清河营公交场站,000000058151460
110100015751003,2,水岸中街东口,000000058151460
110100015751004,3,水岸南街东口,000000058151460
110100015751005,4,清河营中街东口,000000058151460
110100015751006,5,广来路东口,000000058151460
110100015751007,6,红军营南路东口,000000058151460
110100015751008,7,顾家庄桥北,000000058151460
110100015751009,8,顾家庄桥南,000000058151460
110100015751035,9,黄草湾北,000000058151460
110100015751010,10,黄草湾,000000058151460
110100015751031,11,关庄路东口,000000058151460
110100015751011,12,姜庄湖,000000058151460
110100015751012,13,育慧东路,000000058151460
110100015751013,14,世纪村,000000058151460
110100015751014,15,小营东路,000000058151460
110100015751015,16,惠新东桥西,000000058151460
110100015751016,17,安慧桥东,000000058151460
110100015751017,18,亚运村,000000058151460
110100015751018,19,北辰西桥,000000058151460
110100015751019,20,健翔桥东,000000058151460
110100015751020,21,健翔桥西,000000058151460
110100015751021,22,志新桥西,000000058151460
110100015751022,23,学院桥东,000000058151460
110100015751023,24,北京航空航天大学,000000058151460
110100015751032,25,学知桥西,000000058151460
110100015751024,26,地铁知春路站,000000058151460
110100015751025,27,知春里东站,000000058151460
110100015751026,28,知春里,000000058151460
110100015751027,29,海淀黄庄西,000000058151460
110100015751028,30,海淀南路,000000058151460
110100015751029,31,海淀南路西口,000000058151460
110100015751030,32,巴沟村,000000058151460
