stationId,stopNumber,stopName,lineId
110100053402002,1,西四路口东,000000058388450
110100053402003,2,西安门,000000058388450
110100053402004,3,北海,000000058388450
110100053402005,4,神武门,000000058388450
110100053402006,5,景山东门,000000058388450
110100053402007,6,景山东街,000000058388450
110100053402008,7,地安门内,000000058388450
110100053402024,8,地安门外,000000058388450
110100053402010,9,鼓楼,000000058388450
110100053402011,10,宝钞胡同,000000058388450
110100053402012,11,小经厂,000000058388450
110100053402013,12,方家胡同,000000058388450
110100053402014,13,安定门内,000000058388450
110100053402015,14,地坛西门,000000058388450
110100053402016,15,蒋宅口,000000058388450
110100053402017,16,安外甘水桥,000000058388450
110100053402018,17,安贞里,000000058388450
110100053402019,18,五路居,000000058388450
110100053402020,19,奥体东门,000000058388450
110100053402021,20,安慧桥北,000000058388450
110100053402022,21,炎黄艺术馆,000000058388450
110100053402023,22,大屯南,000000058388450
