stationId,stopNumber,stopName,lineId
900000128032001,1,红煤厂公交场站,000010858354181
900000128032002,2,南窖路口,000010858354181
900000128032003,3,红煤厂路口,000010858354181
900000128032004,4,长操桥,000010858354181
900000128032005,5,长操,000010858354181
900000128032006,6,长操北,000010858354181
900000128032007,7,房山二道河,000010858354181
900000128032008,8,房山四道河,000010858354181
900000128032009,9,房山五道河,000010858354181
900000128032010,10,山川,000010858354181
900000128032011,11,大港,000010858354181
900000128032012,12,房山石板房路口,000010858354181
900000128032027,13,九道河西(临时站),000010858354181
900000128032013,14,六马堂桥北,000010858354181
900000128032014,15,贾峪口东,000010858354181
900000128032015,16,贾峪口,000010858354181
900000128032032,17,佛子庄乡土洞,000010858354181
900000128032016,18,沙湖,000010858354181
900000128032017,19,沙湖南,000010858354181
900000128032018,20,下石堡北,000010858354181
900000128032019,21,下石堡,000010858354181
900000128032020,22,中石堡,000010858354181
900000128032021,23,外柜,000010858354181
900000128032022,24,宽地,000010858354181
900000128032028,25,天南崖口,000010858354181
900000128032029,26,峪子沟一队,000010858354181
900000128032030,27,龙头水口,000010858354181
900000128032023,28,杏儿地,000010858354181
900000128032031,29,房山南窑,000010858354181
900000128032024,30,大横岭,000010858354181
900000128032025,31,北直河村委会,000010858354181
900000128032026,32,北直河西站,000010858354181
