stationId,stopNumber,stopName,lineId
110100014898058,1,韩家川南站,000007525540111
110100014898038,2,韩家川,000007525540111
110100014898045,3,韩家川村,000007525540111
110100014898004,4,韩家川北站,000007525540111
110100014898005,5,回民公墓,000007525540111
110100014898006,6,西北旺,000007525540111
110100014898007,7,百望山森林公园,000007525540111
110100014898057,8,黑山扈北口,000007525540111
110100014898046,9,黑山扈,000007525540111
110100014898047,10,国防大学,000007525540111
110100014898048,11,红山口,000007525540111
110100014898049,12,安河桥,000007525540111
110100014898050,13,颐和园北宫门,000007525540111
110100014898051,14,地铁北宫门站,000007525540111
110100014898052,15,坡上村,000007525540111
110100014898053,16,西苑北站,000007525540111
110100014898015,17,西苑,000007525540111
110100014898039,18,西苑医院,000007525540111
110100014898056,19,海淀公园,000007525540111
110100014898040,20,万寿寺,000007525540111
110100014898041,21,紫竹桥,000007525540111
110100014898042,22,花园桥北,000007525540111
110100014898043,23,航天桥,000007525540111
110100014898044,24,公主坟南,000007525540111
110100014898036,25,北京西站,000007525540111
