stationId,stopNumber,stopName,lineId
110100013600022,1,翠福园小区,000000058440850
110100013600023,2,翠福园西口,000000058440850
110100013600024,3,安顺北里,000000058440850
110100013600025,4,榆东一街,000000058440850
110100013600036,5,金地格林小区,000000058440850
110100013600026,6,北马庄,000000058440850
110100013600033,7,北马庄南,000000058440850
110100013600027,8,西潞苑小区,000000058440850
110100013600032,9,富河园小区,000000058440850
110100013600029,10,地铁通州北关站,000000058440850
110100013600012,11,西大街路口东,000000058440850
110100013600013,12,新华大街,000000058440850
110100013600035,13,通州东关,000000058440850
110100013600015,14,东关大桥,000000058440850
110100013600016,15,百合湾小区,000000058440850
110100013600017,16,三元村,000000058440850
110100013600018,17,武夷花园,000000058440850
110100013600030,18,霍屯村,000000058440850
110100013600031,19,古城西桥公交场站,000000058440850
