stationId,stopNumber,stopName,lineId
110100015758002,1,石佛营西里,000000058340310
110100015758003,2,高庙,000000058340310
110100015758004,3,八里庄北里,000000058340310
110100015758005,4,八里庄北里东站,000000058340310
110100015758006,5,十里堡北区,000000058340310
110100015758007,6,石佛营东里,000000058340310
110100015758008,7,豆各庄路口南,000000058340310
110100015758009,8,豆各庄,000000058340310
110100015758010,9,星火西路,000000058340310
110100015758011,10,星火西路北站,000000058340310
110100015758012,11,南十里居,000000058340310
110100015758013,12,南十里居北站,000000058340310
110100015758014,13,酒仙桥中心小学,000000058340310
110100015758015,14,酒仙桥,000000058340310
110100015758016,15,将台路口西,000000058340310
110100015758017,16,高家园,000000058340310
110100015758018,17,丽都饭店,000000058340310
110100015758019,18,京密路丽都饭店,000000058340310
110100015758020,19,法制日报社,000000058340310
110100015758021,20,阜通东大街西口,000000058340310
110100015758022,21,望京桥东,000000058340310
110100015758023,22,望京桥西,000000058340310
110100015758024,23,望和桥东,000000058340310
110100015758025,24,望和桥,000000058340310
110100015758026,25,育慧里,000000058340310
110100015758027,26,惠新东桥西,000000058340310
110100015758028,27,安慧桥东,000000058340310
110100015758029,28,安慧桥北,000000058340310
110100015758030,29,炎黄艺术馆,000000058340310
110100015758031,30,慧忠里,000000058340310
