stationId,stopNumber,stopName,lineId
110100013917022,1,未来科学城北公交场站,000003095816271
110100013917036,2,未来科学城路北口,000003095816271
110100013917046,3,英才北二街,000003095816271
110100013917045,4,地铁未来科学城北站,000003095816271
110100013917037,5,英才北一街,000003095816271
110100013917038,6,未来科学城东路桥北,000003095816271
110100013917039,7,未来科学城东路桥南,000003095816271
110100013917040,8,鲁疃嘉园西,000003095816271
110100013917023,9,英才南三街,000003095816271
110100013917042,10,岭上北街东口,000003095816271
110100013917034,11,沟自头村东站,000003095816271
110100013917035,12,沟自头村,000003095816271
110100013917024,13,岭上村,000003095816271
110100013917025,14,北七家东路南口,000003095816271
110100013917026,15,七北南路西口,000003095816271
110100013917027,16,海鶄落东站,000003095816271
110100013917028,17,海鶄落,000003095816271
110100013917029,18,海鶄落村委会,000003095816271
110100013917030,19,名流花园菊苑,000003095816271
110100013917031,20,名流花园兰苑,000003095816271
110100013917043,21,名佳四区,000003095816271
110100013917032,22,名佳花园,000003095816271
110100013917033,23,平西王府路口东,000003095816271
110100013917013,24,东三旗,000003095816271
110100013917014,25,天通苑北枢纽站,000003095816271
