stationId,stopNumber,stopName,lineId
900000083052001,1,地铁宋家庄站,000006863955240
900000083052003,2,榴乡路,000006863955240
900000083052004,3,榴乡路南站,000006863955240
900000083052005,4,榴乡桥,000006863955240
900000083052006,5,榴乡桥南,000006863955240
900000083052007,6,庑殿桥,000006863955240
900000083052008,7,庑殿桥南,000006863955240
900000083052009,8,南场东街西口,000006863955240
900000083052010,9,南场东街,000006863955240
900000083052011,10,庑殿家苑,000006863955240
900000083052012,11,北空小区,000006863955240
900000083052013,12,成和园小区,000006863955240
900000083052014,13,润星家园,000006863955240
900000083052015,14,碧海公园,000006863955240
900000083052002,15,宣颐家园,000006863955240
