stationId,stopNumber,stopName,lineId
110100014945049,1,大灰店村,000000000022760
110100014945106,2,林屯村,000000000022760
110100014945051,3,西集,000000000022760
110100014945052,4,武辛庄村,000000000022760
110100014945053,5,望君疃村,000000000022760
110100014945054,6,杜柳棵村,000000000022760
110100014945055,7,通州马坊村桥,000000000022760
110100014945056,8,通州马坊村,000000000022760
110100014945057,9,谢家楼村南,000000000022760
110100014945058,10,谢家楼村,000000000022760
110100014945059,11,小东各庄村,000000000022760
110100014945060,12,大东各庄村,000000000022760
110100014945112,13,侉子店村,000000000022760
110100014945113,14,东刘庄村,000000000022760
110100014945063,15,卜落垡村,000000000022760
110100014945064,16,前榆林庄村,000000000022760
110100014945065,17,八各庄村,000000000022760
110100014945066,18,南刘各庄村,000000000022760
110100014945067,19,七级村,000000000022760
110100014945104,20,地铁潞城站,000000000022760
110100014945117,21,庙上村北口,000000000022760
110100014945107,22,东夏园路口北,000000000022760
110100014945103,23,前北营,000000000022760
110100014945110,24,后北营,000000000022760
110100014945073,25,胡各庄,000000000022760
110100014945074,26,胡各庄西,000000000022760
110100014945075,27,通州古城村,000000000022760
110100014945076,28,霍屯村,000000000022760
110100014945077,29,武夷花园,000000000022760
110100014945078,30,三元村,000000000022760
110100014945114,31,百合湾小区,000000000022760
110100014945080,32,东关大桥,000000000022760
110100014945081,33,通州东关西,000000000022760
110100014945082,34,新华大街,000000000022760
110100014945083,35,西大街路口东,000000000022760
110100014945084,36,西大街路口西,000000000022760
110100014945085,37,通州西门路口东,000000000022760
110100014945044,38,通州北苑路口东,000000000022760
110100014945045,39,地铁通州北苑站,000000000022760
110100014945046,40,科印小区,000000000022760
110100014945115,41,日光清城,000000000022760
110100014945048,42,果园西,000000000022760
110100014945034,43,地铁九棵树站,000000000022760
110100014945035,44,九棵树,000000000022760
110100014945036,45,杨家洼,000000000022760
110100014945002,46,地铁梨园站,000000000022760
110100014945003,47,通州小街桥东,000000000022760
110100014945111,48,地铁临河里站,000000000022760
110100014945005,49,地铁土桥站,000000000022760
110100014945006,50,土桥村,000000000022760
110100014945007,51,土桥欣村,000000000022760
110100014945096,52,土桥新桥东,000000000022760
110100014945009,53,北许场村,000000000022760
110100014945010,54,张家湾开发区,000000000022760
110100014945011,55,张辛庄村西,000000000022760
110100014945012,56,张辛庄村,000000000022760
110100014945013,57,梁各庄村,000000000022760
110100014945014,58,武兴路口,000000000022760
110100014945015,59,上店村北口,000000000022760
110100014945016,60,上店村路口,000000000022760
110100014945017,61,武窑村,000000000022760
110100014945018,62,里二泗村北口,000000000022760
110100014945019,63,里二泗村,000000000022760
110100014945097,64,姚辛庄北口,000000000022760
110100014945038,65,姚辛庄南口,000000000022760
110100014945022,66,沙古堆村西,000000000022760
110100014945023,67,沙古堆村,000000000022760
110100014945024,68,供给店村,000000000022760
110100014945025,69,通州小辛庄村,000000000022760
110100014945026,70,任辛庄村,000000000022760
110100014945027,71,杜柳棵村西,000000000022760
110100014945028,72,郎府,000000000022760
110100014945029,73,金各庄村,000000000022760
110100014945086,74,冯各庄村,000000000022760
110100014945087,75,通州王庄村,000000000022760
110100014945118,76,耿楼村,000000000022760
110100014945099,77,陈桁村,000000000022760
110100014945116,78,陈桁村南,000000000022760
