stationId,stopNumber,stopName,lineId
110100011011002,1,桂村,000000058201971
110100011011033,2,大兴李村,000000058201971
110100011011003,3,邢各庄南站,000000058201971
110100011011004,4,邢各庄,000000058201971
110100011011005,5,刘村东口,000000058201971
110100011011006,6,刘村,000000058201971
110100011011007,7,海子角北口,000000058201971
110100011011008,8,大兴桥北,000000058201971
110100011011009,9,兴政街东口,000000058201971
110100011011010,10,黄村东大街东口北,000000058201971
110100011011011,11,团河路西口,000000058201971
110100011011012,12,清源路东口,000000058201971
110100011011013,13,滨河东里,000000058201971
110100011011034,14,福海路西口,000000058201971
110100011011014,15,康庄路东口,000000058201971
110100011011015,16,高米店,000000058201971
110100011011016,17,郁花园,000000058201971
110100011011031,18,西红门南站,000000058201971
110100011011032,19,西红门北站,000000058201971
110100011011019,20,九龙山庄,000000058201971
110100011011020,21,新发地北,000000058201971
110100011011021,22,马家楼桥北,000000058201971
110100011011022,23,玉泉营桥南,000000058201971
110100011011023,24,草桥,000000058201971
110100011011024,25,洋桥西,000000058201971
110100011011025,26,木樨园桥西,000000058201971
110100011011026,27,木樨园桥,000000058201971
110100011011027,28,木樨园桥北,000000058201971
