stationId,stopNumber,stopName,lineId
110100013602002,1,北京南站南广场,000000058441500
110100013602003,2,四路通,000000058441500
110100013602004,3,洋桥北,000000058441500
110100013602021,4,洋桥南,000000058441500
110100013602005,5,马家堡东口,000000058441500
110100013602006,6,西马场北口,000000058441500
110100013602022,7,鑫福里小区,000000058441500
110100013602023,8,建欣苑北,000000058441500
110100013602024,9,建欣苑,000000058441500
110100013602009,10,大红门,000000058441500
110100013602010,11,大红门南路北口,000000058441500
110100013602011,12,大红门派出所,000000058441500
110100013602029,13,和义公园,000000058441500
110100013602012,14,大红门南路,000000058441500
110100013602013,15,南苑,000000058441500
110100013602014,16,南苑北马路,000000058441500
110100013602015,17,红房子路口北,000000058441500
110100013602025,18,五爱屯,000000058441500
110100013602026,19,南庭新苑北区北门,000000058441500
110100013602027,20,地铁新宫站,000000058441500
