stationId,stopNumber,stopName,lineId
900000031467031,1,康西草原南门,000000058699240
900000031467002,2,大王庄,000000058699240
900000031467003,3,小王庄,000000058699240
900000031467004,4,北曹营,000000058699240
900000031467005,5,姬庄子,000000058699240
900000031467006,6,康庄镇政府,000000058699240
900000031467007,7,刁营,000000058699240
900000031467044,8,延庆马坊村,000000058699240
900000031467045,9,延庆太平庄,000000058699240
900000031467046,10,延庆太平庄北,000000058699240
900000031467047,11,延庆大营,000000058699240
900000031467048,12,东官坊,000000058699240
900000031467013,13,东红寺,000000058699240
900000031467014,14,军营道口,000000058699240
900000031467015,15,下屯,000000058699240
900000031467016,16,下屯中学,000000058699240
900000031467033,17,世园三号门,000000058699240
900000031467039,18,世园四号门,000000058699240
900000031467040,19,世园五号门,000000058699240
900000031467058,20,康安小区,000000058699240
900000031467021,21,延庆东关,000000058699240
900000031467022,22,川北小区南门,000000058699240
900000031467023,23,石河营,000000058699240
900000031467041,24,京张路口南,000000058699240
900000031467042,25,日上批发市场,000000058699240
900000031467059,26,延庆五中,000000058699240
900000031467060,27,湖南小区,000000058699240
900000031467061,28,延庆南菜园,000000058699240
900000031467062,29,司家营,000000058699240
900000031467063,30,延庆火车站北广场,000000058699240
