stationId,stopNumber,stopName,lineId
110100014954057,1,北京物资学院,000000000022710
110100014954067,2,天赐良园,000000000022710
110100014954068,3,物资学院路南口,000000000022710
110100014954070,4,北京财贸职业学院,000000000022710
110100014954071,5,通惠北路北口,000000000022710
110100014954072,6,通惠北路南口,000000000022710
110100014954073,7,通州西门路口北,000000000022710
110100014954011,8,通州西门路口东,000000000022710
110100014954062,9,西大街路口西,000000000022710
110100014954063,10,西大街路口东,000000000022710
110100014954016,11,新华大街,000000000022710
110100014954017,12,通州东关西,000000000022710
110100014954064,13,故城东路北口,000000000022710
110100014954019,14,西上园小区西门,000000000022710
110100014954065,15,玉桥中路北口,000000000022710
110100014954058,16,玉桥中路,000000000022710
110100014954059,17,玉桥小区,000000000022710
110100014954060,18,玉桥东路,000000000022710
110100014954075,19,幸福艺居小区,000000000022710
110100014954076,20,玉桥东里,000000000022710
110100014954027,21,临河里路北口,000000000022710
110100014954028,22,临河里路,000000000022710
110100014954047,23,临河里路南口,000000000022710
110100014954029,24,土桥村,000000000022710
110100014954041,25,砖厂中路,000000000022710
110100014954031,26,花石匠小区,000000000022710
110100014954066,27,花石匠小区东,000000000022710
110100014954056,28,潞阳桥西路,000000000022710
