stationId,stopNumber,stopName,lineId
110100013745002,1,东直门枢纽站,000000058336371
110100013745003,2,左家庄桥西,000000058336371
110100013745004,3,左家庄,000000058336371
110100013745005,4,三元桥西站,000000058336371
110100013745006,5,三元桥,000000058336371
110100013745007,6,三元桥东站,000000058336371
110100013745008,7,四元桥西,000000058336371
110100013745009,8,京密路丽都饭店,000000058336371
110100013745010,9,西八间房,000000058336371
110100013745011,10,大山子路口南,000000058336371
110100013745012,11,王爷坟,000000058336371
110100013745013,12,陈各庄,000000058336371
110100013745014,13,将台路口北,000000058336371
110100013745015,14,酒仙桥,000000058336371
110100013745017,15,酒仙桥南,000000058336371
110100013745018,16,酒仙桥中心小学,000000058336371
110100013745019,17,南十里居北站,000000058336371
110100013745020,18,南十里居,000000058336371
