stationId,stopNumber,stopName,lineId
110100014023002,1,霍营公交场站,000000058509480
110100014023003,2,龙跃苑东四区东门,000000058509480
110100014023004,3,龙跃苑东二区东门,000000058509480
110100014023005,4,天龙苑小区,000000058509480
110100014023006,5,龙跃苑一区路口东,000000058509480
110100014023007,6,良庄家园,000000058509480
110100014023008,7,龙锦苑六区,000000058509480
110100014023009,8,东亚上北小区,000000058509480
110100014023010,9,龙禧苑二区西门,000000058509480
110100014023025,10,流星花园,000000058509480
110100014023026,11,流星花园三区西门,000000058509480
110100014023013,12,文华西路北口,000000058509480
110100014023014,13,马连店北,000000058509480
110100014023020,14,马连店东,000000058509480
110100014023015,15,白各庄新区南,000000058509480
110100014023027,16,白各庄新村西区,000000058509480
110100014023016,17,白各庄新村,000000058509480
110100014023017,18,白各庄公交场站,000000058509480
