stationId,stopNumber,stopName,lineId
110100013224002,1,八王坟东,000000058228840
110100013224003,2,兴达广场小区,000000058228840
110100013224004,3,燕灵路口,000000058228840
110100013224005,4,交通干部管理学院,000000058228840
110100013224006,5,防灾科技学院,000000058228840
110100013224007,6,中赵甫村,000000058228840
110100013224008,7,东方夏威夷小区东门,000000058228840
110100013224009,8,东方夏威夷小区西门,000000058228840
110100013224010,9,意华小区,000000058228840
110100013224011,10,世纪名苑,000000058228840
110100013224012,11,燕京新城,000000058228840
110100013224018,12,星河皓月小区南门,000000058228840
110100013224014,13,星河皓月小区北门,000000058228840
110100013224015,14,美林小区南门,000000058228840
110100013224016,15,美林小区北门,000000058228840
110100013224017,16,诸葛店,000000058228840
