stationId,stopNumber,stopName,lineId
110100014912002,1,通州北关,000000000022740
110100014912003,2,皇木厂,000000000022740
110100014912004,3,岳庄,000000000022740
110100014912005,4,通州佟麟阁大街,000000000022740
110100014912006,5,潞河医院,000000000022740
110100014912048,6,果园北,000000000022740
110100014912087,7,地铁九棵树站,000000000022740
110100014912088,8,九棵树,000000000022740
110100014912076,9,杨家洼,000000000022740
110100014912011,10,地铁梨园站,000000000022740
110100014912012,11,通州小街桥东,000000000022740
110100014912013,12,地铁临河里站,000000000022740
110100014912014,13,地铁土桥站,000000000022740
110100014912050,14,土桥村,000000000022740
110100014912104,15,巨星桥北,000000000022740
110100014912078,16,太玉园北口,000000000022740
110100014912018,17,太玉园小区,000000000022740
110100014912019,18,张家湾,000000000022740
110100014912079,19,通州马营,000000000022740
110100014912091,20,瓜厂村,000000000022740
110100014912089,21,瓜厂村东口,000000000022740
110100014912090,22,瓜厂村北口,000000000022740
110100014912053,23,月亮湾小区,000000000022740
110100014912024,24,通州大辛庄,000000000022740
110100014912025,25,枣林庄北口,000000000022740
110100014912026,26,枣林庄小学,000000000022740
110100014912027,27,枣林庄南口,000000000022740
110100014912073,28,中辛庄,000000000022740
110100014912074,29,通州垡头村,000000000022740
110100014912030,30,小北关北口,000000000022740
110100014912035,31,小北关东口,000000000022740
110100014912031,32,东永和屯村,000000000022740
110100014912032,33,青山路口,000000000022740
110100014912033,34,苍上村,000000000022740
110100014912075,35,马务村一队,000000000022740
110100014912054,36,马务村三队,000000000022740
110100014912092,37,翟各庄村西口,000000000022740
110100014912094,38,人民医院通州院区西,000000000022740
110100014912093,39,漷城西一路,000000000022740
110100014912099,40,漷兴西三街西口,000000000022740
110100014912103,41,东鲁村大桥,000000000022740
110100014912105,42,东鲁村中街,000000000022740
110100014912098,43,东鲁村委会,000000000022740
110100014912102,44,草厂村西口,000000000022740
110100014912101,45,草厂村北口,000000000022740
110100014912081,46,草厂村中街,000000000022740
110100014912082,47,草厂村南街,000000000022740
110100014912083,48,草厂村南口,000000000022740
110100014912084,49,周起营村,000000000022740
110100014912106,50,临时站,000000000022740
110100014912086,51,黄厂铺村北口,000000000022740
110100014912046,52,黄厂铺村,000000000022740
