stationId,stopNumber,stopName,lineId
110100015708002,1,安定门外,000000058403860
110100015708003,2,地兴居,000000058403860
110100015708004,3,六铺炕,000000058403860
110100015708005,4,后九条,000000058403860
110100015708006,5,安德路西口,000000058403860
110100015708007,6,德胜门西,000000058403860
110100015708008,7,新街口豁口,000000058403860
110100015708009,8,玉桃园,000000058403860
110100015708010,9,西直门外,000000058403860
110100015708011,10,动物园,000000058403860
110100015708012,11,白石桥东,000000058403860
110100015708013,12,四道口北,000000058403860
110100015708014,13,外文印刷厂,000000058403860
110100015708015,14,老虎庙,000000058403860
110100015708016,15,花园桥东,000000058403860
110100015708017,16,花园桥南,000000058403860
110100015708018,17,航天桥北,000000058403860
110100015708019,18,航天桥西,000000058403860
110100015708020,19,西钓鱼台,000000058403860
110100015708026,20,定慧寺东,000000058403860
