stationId,stopNumber,stopName,lineId
110100014905002,1,看丹桥,000014286687241
110100014905003,2,富丰桥南,000014286687241
110100014905004,3,怡海花园南门,000014286687241
110100014905005,4,花乡桥,000014286687241
110100014905006,5,花乡桥东,000014286687241
110100014905007,6,黄土岗,000014286687241
110100014905008,7,公益西桥西,000014286687241
110100014905009,8,公益桥,000014286687241
110100014905042,9,大红门桥,000014286687241
110100014905011,10,肖村桥,000014286687241
110100014905012,11,小红门桥,000014286687241
110100014905013,12,十八里店南桥东,000014286687241
110100014905014,13,十八里店北桥,000014286687241
110100014905015,14,窑洼湖桥北,000014286687241
110100014905016,15,大郊亭桥南,000014286687241
110100014905043,16,四惠桥,000014286687241
110100014905018,17,慈云寺桥南,000014286687241
110100014905019,18,红领巾桥南,000014286687241
110100014905020,19,朝阳公园桥北,000014286687241
110100014905021,20,东风北桥,000014286687241
110100014905022,21,东风北桥北,000014286687241
110100014905023,22,望京桥东,000014286687241
110100014905024,23,望和桥,000014286687241
110100014905040,24,育慧里,000014286687241
110100014905025,25,惠新东桥西,000014286687241
110100014905026,26,安慧桥东,000014286687241
110100014905027,27,学院桥东,000014286687241
110100014905028,28,北京城市学院,000014286687241
110100014905029,29,保福寺桥西,000014286687241
110100014905030,30,中关村一街,000014286687241
110100014905031,31,中关村西,000014286687241
110100014905032,32,东冉村,000014286687241
110100014905033,33,四季青桥南,000014286687241
110100014905034,34,营慧寺,000014286687241
110100014905041,35,五路桥,000014286687241
110100014905035,36,郑常庄,000014286687241
110100014905036,37,岳各庄,000014286687241
110100014905037,38,丰台路口,000014286687241
110100014905038,39,北大地,000014286687241
110100014905039,40,看丹桥,000014286687241
