stationId,stopNumber,stopName,lineId
110100015816021,1,北京会议中心,000000058521010
110100015816003,2,顾家庄桥西,000000058521010
110100015816004,3,城市绿洲家园,000000058521010
110100015816005,4,城市绿洲家园西,000000058521010
110100015816006,5,北苑桥东,000000058521010
110100015816007,6,拂林路,000000058521010
110100015816008,7,仰山路东口,000000058521010
110100015816009,8,北苑,000000058521010
110100015816010,9,辛店村,000000058521010
110100015816011,10,北苑路大屯北站,000000058521010
110100015816012,11,地铁大屯路东站,000000058521010
110100015816013,12,北苑路大屯,000000058521010
110100015816014,13,小营北路,000000058521010
110100015816015,14,紫薇天悦小区,000000058521010
110100015816016,15,育慧北路北口,000000058521010
110100015816017,16,育慧北路,000000058521010
110100015816018,17,世纪村,000000058521010
110100015816019,18,育慧东路,000000058521010
110100015816020,19,姜庄湖,000000058521010
110100015816022,20,小营公交场站,000000058521010
