stationId,stopNumber,stopName,lineId
110100016145039,1,西栅子西,000005815190960
110100016145040,2,西栅子,000005815190960
110100016145041,3,西栅子东,000005815190960
110100016145042,4,南沟,000005815190960
110100016145004,5,黄梁子,000005815190960
110100016145005,6,八道河,000005815190960
110100016145006,7,五道河,000005815190960
110100016145007,8,交界河,000005815190960
110100016145037,9,怀柔莲花池,000005815190960
110100016145009,10,山吧,000005815190960
110100016145035,11,长园村西,000005815190960
110100016145010,12,长园,000005815190960
110100016145011,13,环坨子,000005815190960
110100016145038,14,长园小学,000005815190960
110100016145012,15,神堂峪路口,000005815190960
110100016145027,16,川谷,000005815190960
110100016145032,17,雁栖岛,000005815190960
110100016145022,18,雁栖湖国际会展中心,000005815190960
110100016145029,19,雁栖学校,000005815190960
110100016145036,20,雁栖镇,000005815190960
110100016145031,21,雁栖镇南口,000005815190960
110100016145017,22,中富乐,000005815190960
110100016145018,23,大中富乐村口,000005815190960
110100016145019,24,迎宾路北口,000005815190960
110100016145023,25,于家园一区,000005815190960
110100016145020,26,于家园,000005815190960
