stationId,stopNumber,stopName,lineId
900000065275064,1,梨园北街,000000000022600
900000065275069,2,梨园中街东口,000000000022600
900000065275041,3,京东运乔建材城,000000000022600
900000065275042,4,地铁北运河西站南,000000000022600
900000065275008,5,运河湾小区,000000000022600
900000065275009,6,紫运中路,000000000022600
900000065275010,7,水仙园小区,000000000022600
900000065275011,8,耿庄桥南,000000000022600
900000065275012,9,耿庄桥北,000000000022600
900000065275043,10,焦王庄南口,000000000022600
900000065275044,11,焦王庄北口,000000000022600
900000065275052,12,刘庄,000000000022600
900000065275065,13,刘庄西口,000000000022600
900000065275066,14,范庄,000000000022600
900000065275018,15,西潞苑小区,000000000022600
900000065275068,16,富河园小区,000000000022600
900000065275049,17,北京胸科医院,000000000022600
900000065275021,18,北京财贸职业学院,000000000022600
900000065275054,19,通惠北路北口,000000000022600
900000065275056,20,通州西门路口北,000000000022600
900000065275025,21,地铁通州北苑站,000000000022600
