stationId,stopNumber,stopName,lineId
900000083565001,1,清源西路,000006955771870
900000083565010,2,圣和南巷东口,000006955771870
900000083565011,3,清源北路西口,000006955771870
900000083565012,4,三合庄北,000006955771870
900000083565002,5,清源西里南门,000006955771870
900000083565003,6,黄村镇政府,000006955771870
900000083565004,7,清源路东口,000006955771870
900000083565005,8,团河路西口,000006955771870
900000083565006,9,新安里,000006955771870
900000083565007,10,新居里,000006955771870
900000083565008,11,新居里北口,000006955771870
900000083565009,12,首座御园,000006955771870
900000083565013,13,团河苑小区,000006955771870
900000083565016,14,福礼路西口,000006955771870
900000083565017,15,福礼路,000006955771870
900000083565018,16,广仁街南口,000006955771870
900000083565015,17,地铁大兴新城站,000006955771870
