stationId,stopNumber,stopName,lineId
110100016201002,1,艾官营,000007444772120
110100016201003,2,井庄镇政府,000007444772120
110100016201004,3,井庄,000007444772120
110100016201005,4,小胡家营,000007444772120
110100016201006,5,二司路口,000007444772120
110100016201007,6,柳沟,000007444772120
110100016201032,7,柳沟南口,000007444772120
110100016201033,8,延庆八家北口,000007444772120
110100016201034,9,延庆八家,000007444772120
110100016201010,10,二道河路口,000007444772120
110100016201035,11,张伍堡,000007444772120
110100016201036,12,东红山,000007444772120
110100016201037,13,王仲营,000007444772120
110100016201038,14,上辛庄,000007444772120
110100016201039,15,下辛庄,000007444772120
110100016201040,16,杨户庄村南,000007444772120
110100016201043,17,陈家营,000007444772120
110100016201042,18,延庆莲花池东,000007444772120
110100016201018,19,延庆莲花池,000007444772120
110100016201028,20,日上批发市场,000007444772120
110100016201029,21,京张路口南,000007444772120
110100016201021,22,石河营,000007444772120
110100016201022,23,川北小区南门,000007444772120
110100016201023,24,延庆东关,000007444772120
110100016201024,25,延庆南菜园,000007444772120
110100016201025,26,司家营,000007444772120
110100016201026,27,延庆火车站北广场,000007444772120
