stationId,stopNumber,stopName,lineId
110100016269069,1,篱笆房客运站,000011574151140
110100016269002,2,地铁篱笆房站,000011574151140
110100016269003,3,篱笆房,000011574151140
110100016269039,4,昊天北桥东,000011574151140
110100016269055,5,昊天北桥南,000011574151140
110100016269041,6,长阳碧桂园,000011574151140
110100016269009,7,原香小镇,000011574151140
110100016269010,8,长阳一村,000011574151140
110100016269011,9,天骄俊园小区,000011574151140
110100016269012,10,碧波园,000011574151140
110100016269013,11,地铁广阳城站北,000011574151140
110100016269043,12,长阳滨水公园南,000011574151140
110100016269014,13,张家场村口,000011574151140
110100016269015,14,半岛广场西,000011574151140
110100016269044,15,徜徉墅小区,000011574151140
110100016269070,16,怡和路,000011574151140
110100016269071,17,长政南街,000011574151140
110100016269019,18,地铁长阳站,000011574151140
110100016269059,19,长阳镇政府,000011574151140
110100016269060,20,馨然嘉园,000011574151140
110100016269045,21,长阳路东口,000011574151140
110100016269023,22,长海化工厂,000011574151140
110100016269024,23,朱岗子村,000011574151140
110100016269025,24,阎仙垡村口,000011574151140
110100016269026,25,阎仙垡公交场站,000011574151140
110100016269027,26,葫芦垡路口北,000011574151140
110100016269046,27,葫芦垡路口南,000011574151140
110100016269072,28,葫芦垡南站,000011574151140
110100016269047,29,葫芦垡中学,000011574151140
110100016269030,30,夏场北站,000011574151140
110100016269061,31,夏场村,000011574151140
110100016269032,32,夏场南站,000011574151140
110100016269033,33,佛满村,000011574151140
110100016269034,34,房山赵庄村口,000011574151140
110100016269073,35,公议庄北口,000011574151140
110100016269048,36,公议庄,000011574151140
110100016269036,37,赵营路口,000011574151140
110100016269037,38,西场路口(西行),000011574151140
110100016269038,39,西场村,000011574151140
110100016269068,40,西场路口(南行),000011574151140
110100016269062,41,任营村,000011574151140
110100016269063,42,任场路口,000011574151140
110100016269064,43,万里村北站,000011574151140
110100016269065,44,万里村,000011574151140
110100016269066,45,万里村南站,000011574151140
110100016269056,46,房山窑上,000011574151140
