stationId,stopNumber,stopName,lineId
110100013676002,1,怡乐南街公交场站,000000058150901
110100013676003,2,通州半壁店北,000000058150901
110100013676004,3,北探小区,000000058150901
110100013676032,4,新华联家园西门,000000058150901
110100013676035,5,怡乐中路北口,000000058150901
110100013676025,6,通州杨庄南口,000000058150901
110100013676006,7,通州杨庄,000000058150901
110100013676007,8,新华联锦园,000000058150901
110100013676008,9,通州杨庄北口,000000058150901
110100013676030,10,通州北苑路口西,000000058150901
110100013676009,11,通州北苑路口东,000000058150901
110100013676010,12,通州西门路口东,000000058150901
110100013676011,13,西大街路口西,000000058150901
110100013676012,14,通州佟麟阁大街,000000058150901
110100013676013,15,潞河医院,000000058150901
110100013676014,16,果园北,000000058150901
110100013676015,17,果园东,000000058150901
110100013676016,18,九棵树,000000058150901
110100013676026,19,杨家洼,000000058150901
110100013676017,20,杨家洼路口南,000000058150901
110100013676018,21,云景东路,000000058150901
110100013676019,22,云景里,000000058150901
110100013676020,23,群芳园,000000058150901
110100013676021,24,大马庄,000000058150901
110100013676022,25,大马庄南站,000000058150901
110100013676027,26,地铁万盛东站,000000058150901
110100013676036,27,文旅路北口,000000058150901
110100013676034,28,曹园逸家小区,000000058150901
110100013676037,29,文旅路,000000058150901
110100013676028,30,田府北街西口,000000058150901
