stationId,stopNumber,stopName,lineId
900000087055019,1,地铁经海路站,000000000023070
900000087055020,2,经海五路,000000000023070
900000087055044,3,定海园,000000000023070
900000087055050,4,定海园北,000000000023070
900000087055005,5,次渠西口,000000000023070
900000087055023,6,次渠银行,000000000023070
900000087055009,7,敬园小区,000000000023070
900000087055026,8,玉江佳园,000000000023070
900000087055027,9,次渠,000000000023070
900000087055048,10,地铁次渠站,000000000023070
900000087055049,11,次渠中学,000000000023070
900000087055041,12,次渠嘉园北,000000000023070
900000087055042,13,次渠嘉园南,000000000023070
900000087055043,14,东惠家园东,000000000023070
