stationId,stopNumber,stopName,lineId
110100015721002,1,金蝉南里,000000058415561
110100015721003,2,厚金路南口,000000058415561
110100015721004,3,金蝉南路西口,000000058415561
110100015721005,4,金蝉西路,000000058415561
110100015721006,5,紫南家园,000000058415561
110100015721007,6,世纪东方嘉园,000000058415561
110100015721008,7,工大桥,000000058415561
110100015721009,8,窑洼湖桥北,000000058415561
110100015721010,9,大郊亭桥南,000000058415561
110100015721011,10,地铁百子湾站,000000058415561
110100015721012,11,唐家村,000000058415561
110100015721013,12,水南庄南站,000000058415561
110100015721014,13,水南庄,000000058415561
110100015721015,14,百子湾,000000058415561
110100015721016,15,百子湾桥东,000000058415561
110100015721017,16,百子湾桥西,000000058415561
110100015721018,17,百子湾路口东,000000058415561
110100015721031,18,光辉桥南,000000058415561
110100015721019,19,八王坟南,000000058415561
110100015721021,20,景辉街东口,000000058415561
110100015721022,21,红庙路口北,000000058415561
110100015721023,22,金台路口北,000000058415561
110100015721024,23,甜水园北里,000000058415561
110100015721025,24,六里屯,000000058415561
110100015721026,25,朝阳体育馆,000000058415561
110100015721027,26,团结湖路北口,000000058415561
110100015721028,27,团结湖,000000058415561
110100015721029,28,甜水园街北口,000000058415561
