stationId,stopNumber,stopName,lineId
110100010139002,1,十里河桥北,000000058409221
110100010139003,2,华威桥南,000000058409221
110100010139004,3,潘家园桥北,000000058409221
110100010139039,4,双井桥南,000000058409221
110100010139005,5,双井桥北,000000058409221
110100010139006,6,亮马桥,000000058409221
110100010139007,7,三元桥南,000000058409221
110100010139008,8,静安庄西,000000058409221
110100010139009,9,西坝河,000000058409221
110100010139010,10,安贞桥东,000000058409221
110100010139011,11,安贞桥西,000000058409221
110100010139037,12,安华桥西,000000058409221
110100010139013,13,马甸桥东,000000058409221
110100010139014,14,北太平桥西,000000058409221
110100010139015,15,蓟门桥西,000000058409221
110100010139016,16,四通桥西,000000058409221
110100010139017,17,万寿寺,000000058409221
110100010139018,18,紫竹桥,000000058409221
110100010139019,19,花园桥北,000000058409221
110100010139020,20,航天桥,000000058409221
110100010139021,21,公主坟南,000000058409221
110100010139022,22,六里桥北里,000000058409221
110100010139023,23,六里桥南,000000058409221
110100010139024,24,西局,000000058409221
110100010139025,25,丽泽桥,000000058409221
110100010139026,26,夏家胡同,000000058409221
110100010139038,27,玉泉营桥西,000000058409221
110100010139028,28,草桥,000000058409221
110100010139029,29,洋桥西,000000058409221
110100010139030,30,木樨园桥西,000000058409221
110100010139031,31,木樨园桥,000000058409221
110100010139032,32,木樨园桥东,000000058409221
110100010139033,33,刘家窑桥,000000058409221
110100010139034,34,方庄桥西,000000058409221
110100010139035,35,方庄桥东,000000058409221
110100010139036,36,十里河桥西,000000058409221
