stationId,stopNumber,stopName,lineId
900000065380001,1,北京市商业学校,000011531333531
900000065380002,2,八仙庄西,000011531333531
900000065380003,3,北亚花园东门,000011531333531
900000065380004,4,北亚花园南站,000011531333531
900000065380005,5,天权路南口,000011531333531
900000065380006,6,北七家,000011531333531
900000065380007,7,北京洋房小区,000011531333531
900000065380032,8,翡翠公园,000011531333531
900000065380031,9,七星路,000011531333531
900000065380008,10,燕城苑路口南,000011531333531
900000065380009,11,七星路南口,000011531333531
900000065380010,12,天通北苑,000011531333531
900000065380011,13,白坊,000011531333531
900000065380012,14,天通中苑东区东门,000011531333531
900000065380013,15,天通东苑一区西门,000011531333531
900000065380014,16,天通苑六区北门,000011531333531
900000065380015,17,丽水园,000011531333531
900000065380016,18,天通苑西门,000011531333531
900000065380017,19,东小口,000011531333531
900000065380018,20,地铁立水桥站,000011531333531
900000065380019,21,立水桥北站,000011531333531
900000065380033,22,立水桥,000011531333531
