stationId,stopNumber,stopName,lineId
110100013779002,1,金盏,000001641658981
110100013779003,2,金盏卫生院,000001641658981
110100013779004,3,长店路口东,000001641658981
110100013779005,4,小店路口,000001641658981
110100013779031,5,金盏嘉园东,000001641658981
110100013779038,6,金盏嘉园,000001641658981
110100013779037,7,张万坟东,000001641658981
110100013779008,8,张万坟,000001641658981
110100013779035,9,京旺家园一区,000001641658981
110100013779009,10,黑桥,000001641658981
110100013779010,11,南皋,000001641658981
110100013779011,12,南皋西站,000001641658981
110100013779012,13,草场地,000001641658981
110100013779013,14,望京公园,000001641658981
110100013779014,15,彩虹路,000001641658981
110100013779015,16,大山子路口东,000001641658981
110100013779016,17,王爷坟,000001641658981
110100013779017,18,陈各庄,000001641658981
110100013779018,19,将台路口北,000001641658981
110100013779019,20,酒仙桥,000001641658981
110100013779039,21,酒仙桥南,000001641658981
110100013779020,22,酒仙桥中心小学,000001641658981
110100013779040,23,酒仙桥商场,000001641658981
110100013779021,24,东风北桥东,000001641658981
110100013779022,25,朝阳公园北门,000001641658981
110100013779036,26,安家楼东,000001641658981
110100013779023,27,安家楼,000001641658981
110100013779024,28,燕莎桥东,000001641658981
110100013779032,29,燕莎桥西,000001641658981
110100013779033,30,新源南路西口,000001641658981
110100013779034,31,塔园村,000001641658981
110100013779028,32,春秀路,000001641658981
110100013779029,33,东直门枢纽站,000001641658981
