stationId,stopNumber,stopName,lineId
900000112824021,1,延庆火车站北广场,000009536864451
900000112824022,2,司家营,000009536864451
900000112824023,3,延庆南菜园,000009536864451
900000112824024,4,东关小区南门,000009536864451
900000112824025,5,延庆小营路口,000009536864451
900000112824026,6,湖北小区,000009536864451
900000112824027,7,石河营南门,000009536864451
900000112824002,8,延庆莲花池,000009536864451
900000112824003,9,延庆莲花池东,000009536864451
900000112824004,10,临河南,000009536864451
900000112824005,11,杨户庄村北,000009536864451
900000112824006,12,奚官营,000009536864451
900000112824007,13,阜高营西站,000009536864451
900000112824008,14,阜高营东站,000009536864451
900000112824009,15,南老君堂村西,000009536864451
900000112824010,16,南老君堂村,000009536864451
900000112824011,17,艾官营,000009536864451
900000112824012,18,宝林寺,000009536864451
900000112824013,19,房老营西口,000009536864451
900000112824014,20,石河村北,000009536864451
900000112824015,21,石河村南,000009536864451
900000112824016,22,二司村,000009536864451
900000112824017,23,二司村西,000009536864451
900000112824018,24,二司路口,000009536864451
900000112824019,25,柳沟,000009536864451
900000112824020,26,果树园,000009536864451
