stationId,stopNumber,stopName,lineId
900000091953001,1,怀柔北站,000007759680930
900000091953018,2,怀北庄东,000007759680930
900000091953024,3,怀北庄,000007759680930
900000091953025,4,怀北庄南,000007759680930
900000091953037,5,雁栖湖,000007759680930
900000091953005,6,怀北镇,000007759680930
900000091953006,7,北台下,000007759680930
900000091953033,8,永乐庄路口,000007759680930
900000091953020,9,雁栖北二街,000007759680930
900000091953009,10,雁栖大街路口南,000007759680930
900000091953010,11,乐园大街路口北,000007759680930
900000091953011,12,雁栖开发区管委会,000007759680930
900000091953034,13,兴科北一街,000007759680930
900000091953031,14,兴科南一街,000007759680930
900000091953017,15,兴科南二街,000007759680930
900000091953014,16,王化村,000007759680930
900000091953036,17,兴怀大街东口,000007759680930
900000091953016,18,怀柔汽车站,000007759680930
