stationId,stopNumber,stopName,lineId
110100014599057,1,巴沟村,000011531333580
110100014599058,2,海淀南路西口,000011531333580
110100014599059,3,北京市地震局,000011531333580
110100014599029,4,海淀桥东,000011531333580
110100014599030,5,中关村东,000011531333580
110100014599031,6,中关村一街,000011531333580
110100014599032,7,保福寺桥西,000011531333580
110100014599033,8,北京城市学院,000011531333580
110100014599034,9,学院桥西,000011531333580
110100014599035,10,学院桥东,000011531333580
110100014599036,11,志新桥西,000011531333580
110100014599037,12,健翔桥西,000011531333580
110100014599038,13,健翔桥东,000011531333580
110100014599039,14,北辰西桥,000011531333580
110100014599040,15,亚运村,000011531333580
110100014599041,16,安慧桥东,000011531333580
110100014599042,17,惠新东桥西,000011531333580
110100014599043,18,育慧里,000011531333580
110100014599044,19,望和桥,000011531333580
110100014599045,20,望和桥东,000011531333580
110100014599046,21,望京桥西,000011531333580
110100014599060,22,望京桥北,000011531333580
110100014599047,23,南湖西里,000011531333580
110100014599061,24,望京西路,000011531333580
110100014599062,25,南湖西园,000011531333580
110100014599063,26,南湖中园一区,000011531333580
110100014599051,27,侯庄路口北,000011531333580
110100014599052,28,望京花园西区,000011531333580
110100014599053,29,利泽中街西口,000011531333580
110100014599054,30,广顺桥南,000011531333580
110100014599055,31,来广营路口西,000011531333580
110100014599064,32,来广营西桥东,000011531333580
