stationId,stopNumber,stopName,lineId
110100013557036,1,木樨园,000000058425510
110100013557045,2,地铁海户屯站,000000058425510
110100013557006,3,南苑路果园,000000058425510
110100013557007,4,大红门西里,000000058425510
110100013557008,5,大红门桥北,000000058425510
110100013557009,6,久敬庄,000000058425510
110100013557010,7,和义农场,000000058425510
110100013557011,8,和义南站,000000058425510
110100013557012,9,三营门,000000058425510
110100013557013,10,西洼地,000000058425510
110100013557014,11,东高地,000000058425510
110100013557015,12,万源路,000000058425510
110100013557016,13,清和园,000000058425510
110100013557017,14,吉庆庄,000000058425510
110100013557018,15,旧宫西口,000000058425510
110100013557019,16,旧宫,000000058425510
110100013557020,17,旧宫东口,000000058425510
110100013557021,18,地铁旧宫站,000000058425510
110100013557022,19,亦庄桥北,000000058425510
110100013557023,20,亦庄桥南,000000058425510
110100013557037,21,亦庄体育中心,000000058425510
110100013557038,22,人大附中经开学校,000000058425510
110100013557043,23,天华北街西口,000000058425510
110100013557044,24,天华北街东口,000000058425510
110100013557041,25,万源街西口,000000058425510
110100013557042,26,万源街东站,000000058425510
110100013557030,27,同济北路,000000058425510
110100013557031,28,同济北路南口,000000058425510
110100013557032,29,同济中路北口,000000058425510
110100013557033,30,同济中路,000000058425510
110100013557034,31,同济中路南站,000000058425510
110100013557035,32,开发区交通服务中心,000000058425510
