stationId,stopNumber,stopName,lineId
110100014357002,1,康家沟,000000058216321
110100014357003,2,甘露园东,000000058216321
110100014357004,3,甘露园北,000000058216321
110100014357005,4,青年路口西,000000058216321
110100014357006,5,十里堡北里,000000058216321
110100014357007,6,八里庄南里,000000058216321
110100014357008,7,红领巾公园,000000058216321
110100014357009,8,延静里,000000058216321
110100014357010,9,金台路口东,000000058216321
110100014357011,10,水碓子,000000058216321
110100014357012,11,水碓路口西,000000058216321
110100014357013,12,东大桥东站,000000058216321
110100014357028,13,东大桥,000000058216321
110100014357014,14,东大桥路口西,000000058216321
110100014357015,15,神路街,000000058216321
110100014357016,16,朝阳门外,000000058216321
110100014357017,17,东四十条桥南,000000058216321
110100014357018,18,东直门北,000000058216321
110100014357019,19,雍和宫桥东,000000058216321
110100014357020,20,地坛西门,000000058216321
110100014357021,21,蒋宅口,000000058216321
110100014357026,22,小黄庄,000000058216321
110100014357022,23,青年沟西口,000000058216321
110100014357023,24,青年沟,000000058216321
110100014357024,25,和平西桥南,000000058216321
110100014357025,26,和平东桥,000000058216321
