stationId,stopNumber,stopName,lineId
110100013858002,1,劲松,000000058301340
110100013858003,2,劲松桥东,000000058301340
110100013858004,3,南磨房,000000058301340
110100013858005,4,平乐园,000000058301340
110100013858006,5,平乐园小区,000000058301340
110100013858007,6,窑洼湖桥东,000000058301340
110100013858030,7,南楼梓庄,000000058301340
110100013858022,8,地铁南楼梓庄站,000000058301340
110100013858008,9,朝阳大柳树,000000058301340
110100013858011,10,垡头北站,000000058301340
110100013858032,11,垡头站,000000058301340
110100013858023,12,垡头南站,000000058301340
110100013858031,13,工业技师学院,000000058301340
110100013858015,14,北京焦化厂,000000058301340
110100013858028,15,化工桥西,000000058301340
110100013858017,16,化工桥东,000000058301340
110100013858018,17,孙家坡,000000058301340
110100013858027,18,马家湾西,000000058301340
110100013858024,19,马家湾,000000058301340
110100013858019,20,富力又一城南站,000000058301340
110100013858020,21,富力又一城,000000058301340
110100013858025,22,朝丰家园南站,000000058301340
110100013858026,23,豆各庄公交场站,000000058301340
