stationId,stopNumber,stopName,lineId
900000073202001,1,宋家庄枢纽站,000005809151321
900000073202002,2,榴乡路,000005809151321
900000073202003,3,榴乡路北站,000005809151321
900000073202004,4,刘家窑桥南,000005809151321
900000073202005,5,刘家窑桥东,000005809151321
900000073202006,6,东铁营桥东,000005809151321
900000073202007,7,方庄桥北,000005809151321
900000073202008,8,左安门外,000005809151321
900000073202009,9,左安门内,000005809151321
900000073202010,10,龙潭湖游泳池,000005809151321
900000073202011,11,龙潭公园,000005809151321
900000073202012,12,光明楼,000005809151321
900000073202013,13,光明桥,000005809151321
900000073202014,14,广渠门,000005809151321
900000073202015,15,建国门南,000005809151321
900000073202016,16,雅宝路,000005809151321
900000073202023,17,朝阳门外,000005809151321
900000073202018,18,神路街,000005809151321
900000073202019,19,东大桥路口东,000005809151321
900000073202020,20,东大桥公交场站,000005809151321
