stationId,stopNumber,stopName,lineId
110100016089030,1,三元桥东站,000000058289610
110100016089033,2,曙光里小区,000000058289610
110100016089003,3,地铁太阳宫站,000000058289610
110100016089004,4,望京桥北,000000058289610
110100016089029,5,南湖西里,000000058289610
110100016089034,6,望京西路,000000058289610
110100016089035,7,南湖西园,000000058289610
110100016089036,8,世安家园,000000058289610
110100016089037,9,南湖中园一区北门,000000058289610
110100016089038,10,河荫西路,000000058289610
110100016089010,11,望京花园西区,000000058289610
110100016089011,12,利泽中街西口,000000058289610
110100016089012,13,广顺桥南,000000058289610
110100016089013,14,来广营路口西,000000058289610
110100016089050,15,刘各庄,000000058289610
110100016089014,16,刘各庄北,000000058289610
110100016089015,17,奶子房,000000058289610
110100016089016,18,东洲家园南,000000058289610
110100016089017,19,东洲家园,000000058289610
110100016089048,20,李县坟,000000058289610
