stationId,stopNumber,stopName,lineId
110100015937086,1,丽园路公交场站,000012532585530
110100015937087,2,兴康家园南门,000012532585530
110100015937133,3,康庄东巷路口,000012532585530
110100015937095,4,丽园小区北站,000012532585530
110100015937132,5,枣园东巷南口,000012532585530
110100015937088,6,地铁枣园站,000012532585530
110100015937096,7,枣园东里,000012532585530
110100015937089,8,滨河西里,000012532585530
110100015937090,9,清源西里北站,000012532585530
110100015937091,10,大兴中医院,000012532585530
110100015937092,11,仁和医院,000012532585530
110100015937093,12,富强路,000012532585530
110100015937094,13,三中巷,000012532585530
110100015937079,14,黄村东大街东口南,000012532585530
110100015937080,15,兴政街东口,000012532585530
110100015937081,16,大兴桥南,000012532585530
110100015937082,17,兴良路东口,000012532585530
110100015937083,18,大庄,000012532585530
110100015937172,19,韩园子,000012532585530
110100015937173,20,天河北路,000012532585530
110100015937184,21,狼各庄北站,000012532585530
110100015937185,22,狼各庄道口,000012532585530
110100015937186,23,丰顺街南口,000012532585530
110100015937031,24,西庄开发区,000012532585530
110100015937097,25,西庄开发区东,000012532585530
110100015937084,26,前大营新村,000012532585530
110100015937058,27,兴隆庄村西,000012532585530
110100015937033,28,东枣林村,000012532585530
110100015937034,29,三顺庄,000012532585530
110100015937035,30,大兴陈各庄路口,000012532585530
110100015937036,31,岳家务村,000012532585530
110100015937037,32,东大路口,000012532585530
110100015937038,33,大兴半壁店西站,000012532585530
110100015937039,34,大兴半壁店北站,000012532585530
110100015937040,35,大兴半壁店村,000012532585530
110100015937041,36,西沙窝村北,000012532585530
110100015937042,37,东沙窝村路口,000012532585530
110100015937043,38,龙头村,000012532585530
110100015937044,39,大兴王庄东口,000012532585530
110100015937045,40,东段家务,000012532585530
110100015937046,41,伍各庄村西,000012532585530
110100015937126,42,小马坊村,000012532585530
110100015937157,43,小马坊村南站,000012532585530
110100015937158,44,礼贤镇中心卫生院,000012532585530
110100015937181,45,礼贤民族中学,000012532585530
110100015937187,46,礼贤家园,000012532585530
