stationId,stopNumber,stopName,lineId
110100010994002,1,西苑枢纽站,000000058197900
110100010994039,2,西苑,000000058197900
110100010994003,3,西苑医院,000000058197900
110100010994004,4,海淀公园,000000058197900
110100010994005,5,万泉河桥南,000000058197900
110100010994006,6,海淀南路西口,000000058197900
110100010994007,7,海淀南路,000000058197900
110100010994008,8,海淀黄庄东,000000058197900
110100010994009,9,知春里,000000058197900
110100010994010,10,白塔庵东,000000058197900
110100010994011,11,知春路,000000058197900
110100010994038,12,学知桥南,000000058197900
110100010994012,13,蓟门桥北,000000058197900
110100010994014,14,北太平桥西,000000058197900
110100010994016,15,马甸桥东,000000058197900
110100010994017,16,安华桥西,000000058197900
110100010994018,17,安贞桥西,000000058197900
110100010994036,18,安贞桥东,000000058197900
110100010994022,19,西坝河,000000058197900
110100010994023,20,静安庄西,000000058197900
110100010994024,21,三元桥南,000000058197900
110100010994026,22,亮马桥,000000058197900
110100010994037,23,白家庄,000000058197900
110100010994029,24,呼家楼东,000000058197900
110100010994030,25,小庄路口东,000000058197900
110100010994031,26,红庙路口西,000000058197900
110100010994032,27,红庙路口东,000000058197900
110100010994033,28,英家坟,000000058197900
110100010994034,29,慈云寺桥南,000000058197900
110100010994035,30,四惠枢纽站,000000058197900
