stationId,stopNumber,stopName,lineId
900000145790064,1,鲁城村西口,000000000022531
900000145790065,2,鲁城村,000000000022531
900000145790066,3,通州后营村,000000000022531
900000145790067,4,后元化村,000000000022531
900000145790068,5,罗庄村,000000000022531
900000145790069,6,边槐庄村,000000000022531
900000145790070,7,通州军庄村,000000000022531
900000145790071,8,觅子店,000000000022531
900000145790044,9,觅子店路口,000000000022531
900000145790045,10,后尖平村,000000000022531
900000145790046,11,东寺庄村,000000000022531
900000145790006,12,凌庄,000000000022531
900000145790007,13,通州石槽村,000000000022531
900000145790008,14,通州石槽村北,000000000022531
900000145790009,15,马头村,000000000022531
900000145790072,16,马堤村东,000000000022531
900000145790011,17,马堤村,000000000022531
900000145790012,18,杨堤村,000000000022531
900000145790047,19,通州凤港基地,000000000022531
900000145790013,20,漷县镇政府,000000000022531
900000145790014,21,榆林庄村,000000000022531
900000145790015,22,南阳村路口,000000000022531
900000145790016,23,通州苏庄村,000000000022531
900000145790048,24,通州靛庄,000000000022531
900000145790049,25,姚辛庄南口,000000000022531
900000145790050,26,姚辛庄北口,000000000022531
900000145790051,27,里二泗村,000000000022531
900000145790052,28,里二泗村北口,000000000022531
900000145790053,29,武窑村,000000000022531
900000145790054,30,上店村路口,000000000022531
900000145790073,31,上店村北口,000000000022531
900000145790019,32,武兴路口,000000000022531
900000145790020,33,梁各庄村,000000000022531
900000145790021,34,张辛庄村,000000000022531
900000145790056,35,张辛庄村西,000000000022531
900000145790022,36,张家湾开发区,000000000022531
900000145790057,37,北许场村,000000000022531
900000145790023,38,土桥新桥东,000000000022531
900000145790058,39,土桥欣村,000000000022531
900000145790024,40,土桥村,000000000022531
900000145790025,41,地铁土桥站,000000000022531
900000145790027,42,地铁临河里站,000000000022531
900000145790028,43,通州小街桥东,000000000022531
900000145790029,44,地铁梨园站,000000000022531
900000145790059,45,杨家洼,000000000022531
900000145790030,46,九棵树,000000000022531
900000145790031,47,地铁九棵树站,000000000022531
900000145790074,48,果园北,000000000022531
900000145790075,49,潞河医院路口西,000000000022531
900000145790076,50,后南仓,000000000022531
900000145790077,51,复兴里,000000000022531
900000145790078,52,通州西门路口南,000000000022531
900000145790079,53,地铁通州北苑站,000000000022531
