stationId,stopNumber,stopName,lineId
110100015421086,1,燕山体育馆,000011574150690
110100015421087,2,宏塔小区,000011574150690
110100015421088,3,富燕新村,000011574150690
110100015421010,4,万宁桥,000011574150690
110100015421011,5,房山北大街,000011574150690
110100015421012,6,仓房小区,000011574150690
110100015421013,7,房山大角南,000011574150690
110100015421014,8,房山南大街,000011574150690
110100015421075,9,永安西里路口,000011574150690
110100015421016,10,房山南关站,000011574150690
110100015421083,11,房山南关南,000011574150690
110100015421017,12,北市,000011574150690
110100015421076,13,顾册东口,000011574150690
110100015421019,14,双孝,000011574150690
110100015421042,15,双孝南站,000011574150690
110100015421021,16,石楼路口,000011574150690
110100015421022,17,石楼,000011574150690
110100015421023,18,石楼车辆段,000011574150690
110100015421060,19,广渠门中学房山分校,000011574150690
110100015421043,20,二站村口,000011574150690
110100015421025,21,吉羊村口,000011574150690
110100015421044,22,吉羊南站,000011574150690
110100015421061,23,房山李庄北口,000011574150690
110100015421028,24,房山李庄西,000011574150690
110100015421096,25,房山李庄,000011574150690
110100015421078,26,琉璃河检查站,000011574150690
110100015421103,27,琉璃河中心小学,000011574150690
110100015421047,28,琉璃河东,000011574150690
110100015421079,29,琉璃河水泥厂西站,000011574150690
110100015421080,30,琉璃河水泥厂,000011574150690
110100015421109,31,房山平各庄,000011574150690
110100015421110,32,琉璃河水泥厂家属区,000011574150690
110100015421111,33,北京金隅科技学校,000011574150690
110100015421112,34,北洛,000011574150690
110100015421113,35,南洛北,000011574150690
110100015421117,36,南洛村,000011574150690
110100015421118,37,南洛东,000011574150690
110100015421093,38,小南洛北,000011574150690
110100015421094,39,祖村西,000011574150690
110100015421091,40,祖村,000011574150690
