stationId,stopNumber,stopName,lineId
110100015439029,1,怀柔区新医院北,000007714718661
110100015439003,2,兴怀大街东口,000007714718661
110100015439053,3,怀柔招商局站,000007714718661
110100015439004,4,下元,000007714718661
110100015439054,5,于家园南,000007714718661
110100015439005,6,于家园,000007714718661
110100015439006,7,怀柔农发地,000007714718661
110100015439007,8,怀柔劳动大厦,000007714718661
110100015439008,9,中富乐,000007714718661
110100015439009,10,光织谷,000007714718661
110100015439010,11,光织谷东,000007714718661
110100015439011,12,怀柔陈各庄,000007714718661
110100015439012,13,乐园庄,000007714718661
110100015439060,14,乐园庄东,000007714718661
110100015439013,15,乐园大街路口东,000007714718661
110100015439033,16,杨雁东二路北口,000007714718661
110100015439014,17,宰相庄西口,000007714718661
110100015439015,18,宰相庄,000007714718661
110100015439016,19,安各庄,000007714718661
110100015439036,20,安各庄南,000007714718661
110100015439051,21,北房开发区站,000007714718661
110100015439026,22,北房村北,000007714718661
110100015439037,23,北房镇政府,000007714718661
110100015439038,24,幸福东园西站,000007714718661
110100015439039,25,幸福东园东站,000007714718661
110100015439040,26,北房中学,000007714718661
110100015439041,27,金泰丽富馨园,000007714718661
110100015439042,28,驸马庄园,000007714718661
110100015439047,29,黄吉营北,000007714718661
110100015439034,30,新房子路口,000007714718661
110100015439043,31,小周各庄北,000007714718661
110100015439044,32,黄吉营,000007714718661
110100015439061,33,惠民路西口,000007714718661
110100015439035,34,南房,000007714718661
110100015439050,35,南房村南,000007714718661
110100015439058,36,南房村口,000007714718661
110100015439045,37,地和路北口,000007714718661
110100015439048,38,永泰街,000007714718661
110100015439046,39,张各长东,000007714718661
110100015439032,40,怀柔区新医院,000007714718661
110100015439055,41,怀柔区新医院北,000007714718661
