stationId,stopNumber,stopName,lineId
110100015622001,1,怀柔庄户,000004341219260
110100015622002,2,响水湖,000004341219260
110100015622003,3,云岭,000004341219260
110100015622004,4,马方台,000004341219260
110100015622005,5,闫家,000004341219260
110100015622031,6,大王早峪,000004341219260
110100015622043,7,小王早峪,000004341219260
110100015622032,8,响水湖路口,000004341219260
110100015622033,9,南冶村北,000004341219260
110100015622008,10,南冶,000004341219260
110100015622034,11,南冶村东,000004341219260
110100015622009,12,渤海镇政府,000004341219260
110100015622035,13,沙峪村西,000004341219260
110100015622010,14,沙峪,000004341219260
110100015622036,15,沙峪村东,000004341219260
110100015622029,16,景峪路口,000004341219260
110100015622011,17,白木,000004341219260
110100015622030,18,渤海卫生院,000004341219260
110100015622012,19,渤海所路口,000004341219260
110100015622013,20,小范马峪,000004341219260
110100015622014,21,八道河岭漫水桥,000004341219260
110100015622038,22,八道河岭,000004341219260
110100015622015,23,磨石峪,000004341219260
110100015622039,24,六渡河西,000004341219260
110100015622016,25,六渡河,000004341219260
110100015622017,26,五渡河,000004341219260
110100015622018,27,东四渡河,000004341219260
110100015622042,28,三渡河村口,000004341219260
110100015622019,29,三亩园,000004341219260
110100015622020,30,关渡河,000004341219260
110100015622021,31,口头,000004341219260
110100015622040,32,东峪(招呼站),000004341219260
110100015622041,33,西三村口,000004341219260
110100015622028,34,小东庄,000004341219260
110100015622023,35,郭家坞,000004341219260
110100015622024,36,怀柔北大街,000004341219260
110100015622025,37,怀柔学管中心,000004341219260
110100015622027,38,于家园一区,000004341219260
110100015622026,39,于家园,000004341219260
