stationId,stopNumber,stopName,lineId
110100015906029,1,地铁草房站,000000058488481
110100015906003,2,东十里堡村,000000058488481
110100015906028,3,五里桥一街,000000058488481
110100015906054,4,草房西路北口,000000058488481
110100015906005,5,常营中路东口,000000058488481
110100015906006,6,阳光美园北门,000000058488481
110100015906027,7,北辰福第小区,000000058488481
110100015906007,8,万象新天三区,000000058488481
110100015906008,9,万象新天一区,000000058488481
110100015906009,10,常营,000000058488481
110100015906010,11,常营西站,000000058488481
110100015906011,12,黄渠村,000000058488481
110100015906012,13,地铁褡裢坡站,000000058488481
110100015906013,14,褡裢坡村,000000058488481
110100015906053,15,定福庄路南口,000000058488481
110100015906014,16,第二外国语学院,000000058488481
110100015906015,17,定福庄,000000058488481
110100015906016,18,大黄庄桥东,000000058488481
110100015906045,19,朝阳路高井,000000058488481
110100015906017,20,民航总医院,000000058488481
110100015906018,21,朝阳路太平庄,000000058488481
110100015906046,22,康家沟,000000058488481
110100015906047,23,兴隆家园,000000058488481
110100015906048,24,兴隆中街,000000058488481
110100015906049,25,高碑店桥北,000000058488481
110100015906050,26,四惠东站,000000058488481
110100015906051,27,陈家林,000000058488481
110100015906052,28,四惠枢纽站,000000058488481
