stationId,stopNumber,stopName,lineId
110100013816020,1,玉渊潭南路西口,000000058359430
110100013816021,2,沙沟路口北,000000058359430
110100013816022,3,五棵松桥东,000000058359430
110100013816008,4,永定路口东,000000058359430
110100013816009,5,玉泉路口东,000000058359430
110100013816019,6,玉泉路口南,000000058359430
110100013816010,7,石槽,000000058359430
110100013816011,8,小瓦窑,000000058359430
110100013816012,9,吴家村路东口,000000058359430
110100013816013,10,吴家村,000000058359430
110100013816014,11,吴家村路西口,000000058359430
110100013816015,12,吴庄,000000058359430
110100013816016,13,焦家坟路口南,000000058359430
110100013816017,14,永乐西小区,000000058359430
110100013816018,15,衙门口东,000000058359430
