stationId,stopNumber,stopName,lineId
900000035791015,1,固安南站,000000000022401
900000035791050,2,固安迎宾路,000000000022401
900000035791003,3,正兴街站,000000000022401
900000035791106,4,固安市民活动中心北门,000000000022401
900000035791004,5,固安工业园南区站,000000000022401
900000035791027,6,绿宸万华城站,000000000022401
900000035791047,7,天顺家园,000000000022401
900000035791029,8,工兴路口站,000000000022401
900000035791056,9,浩庭花园站,000000000022401
900000035791103,10,新源街东口站,000000000022401
900000035791102,11,育才路南站,000000000022401
900000035791089,12,育才路北站,000000000022401
900000035791104,13,地税局小区,000000000022401
900000035791058,14,固安二中,000000000022401
900000035791081,15,东庄子村南,000000000022401
900000035791107,16,孔雀大道东口(临时站),000000000022401
900000035791095,17,河沿,000000000022401
900000035791097,18,东胡林,000000000022401
900000035791099,19,榆昌路东口,000000000022401
900000035791096,20,榆垡路东口,000000000022401
900000035791100,21,榆垡南站,000000000022401
900000035791098,22,榆垡站,000000000022401
900000035791038,23,地铁天宫院站,000000000022401
