stationId,stopNumber,stopName,lineId
110100013394002,1,左家庄,000000058385331
110100013394003,2,新源里,000000058385331
110100013394038,3,塔园村,000000058385331
110100013394005,4,幸福三村,000000058385331
110100013394006,5,工人体育场,000000058385331
110100013394007,6,朝阳医院,000000058385331
110100013394008,7,东大桥路口北,000000058385331
110100013394009,8,芳草地,000000058385331
110100013394010,9,芳草地南,000000058385331
110100013394011,10,永安里路口西,000000058385331
110100013394012,11,日坛路,000000058385331
110100013394013,12,北京站口东,000000058385331
110100013394044,13,东单路口东,000000058385331
110100013394014,14,王府井,000000058385331
110100013394046,15,天安门东,000000058385331
110100013394056,16,天安门广场西,000000058385331
110100013394017,17,前门,000000058385331
110100013394018,18,大栅栏,000000058385331
110100013394055,19,珠市口南,000000058385331
110100013394020,20,天桥,000000058385331
110100013394021,21,天坛西门,000000058385331
110100013394029,22,先农坛,000000058385331
110100013394030,23,永定门内,000000058385331
110100013394031,24,沙子口,000000058385331
110100013394032,25,木樨园桥北,000000058385331
110100013394048,26,木樨园桥东,000000058385331
110100013394049,27,赵公口桥西,000000058385331
110100013394050,28,赵公口桥南,000000058385331
110100013394051,29,光彩路北站,000000058385331
110100013394052,30,石榴园,000000058385331
110100013394053,31,石榴园东,000000058385331
