stationId,stopNumber,stopName,lineId
110100016248121,1,南梨园南站,000011574150511
110100016248130,2,南梨园,000011574150511
110100016248083,3,天恒乐活城,000011574150511
110100016248084,4,绿城百合,000011574150511
110100016248085,5,绿城百合南口,000011574150511
110100016248086,6,阎村中心小学,000011574150511
110100016248127,7,南梨园北,000011574150511
110100016248009,8,房山梨园东里,000011574150511
110100016248010,9,阎安中路,000011574150511
110100016248091,10,阎村镇政府,000011574150511
110100016248012,11,阎村,000011574150511
110100016248013,12,炒米店路口,000011574150511
110100016248014,13,阎村桥,000011574150511
110100016248015,14,苏庄西街南口,000011574150511
110100016248016,15,苏庄大街,000011574150511
110100016248017,16,苏庄中路,000011574150511
110100016248043,17,苏庄东街南口,000011574150511
110100016248044,18,房山区政府第二办公区,000011574150511
110100016248045,19,地铁良乡南关站西,000011574150511
110100016248046,20,西潞南大街,000011574150511
110100016248047,21,良乡西门,000011574150511
110100016248048,22,良乡大角,000011574150511
110100016248049,23,良乡医院,000011574150511
110100016248050,24,昊天温泉家园,000011574150511
110100016248119,25,昊蓝温泉家园,000011574150511
110100016248118,26,梅花庄新村西,000011574150511
110100016248095,27,梅花庄新村,000011574150511
110100016248116,28,梅花庄新村东,000011574150511
110100016248096,29,北京理工大学(良乡),000011574150511
110100016248097,30,地铁良乡大学城北站,000011574150511
110100016248098,31,金地朗悦,000011574150511
110100016248099,32,水碾屯新村,000011574150511
110100016248100,33,水碾屯新村北站,000011574150511
110100016248117,34,文昌东路西口,000011574150511
110100016248101,35,地铁广阳城站,000011574150511
110100016248102,36,地铁广阳城站北,000011574150511
110100016248028,37,碧波园,000011574150511
110100016248103,38,天骄俊园小区,000011574150511
110100016248104,39,长阳一村,000011574150511
110100016248105,40,原香小镇,000011574150511
110100016248106,41,黄辛庄路口西,000011574150511
110100016248107,42,龙华苑小区,000011574150511
110100016248120,43,黄辛庄东里,000011574150511
110100016248109,44,吴店西里,000011574150511
110100016248110,45,行宫小区东门,000011574150511
110100016248057,46,行宫小区南门,000011574150511
110100016248058,47,房山区政府,000011574150511
110100016248060,48,良乡北关,000011574150511
110100016248061,49,华冠购物中心,000011574150511
110100016248062,50,西潞园,000011574150511
110100016248063,51,良乡西门,000011574150511
110100016248064,52,苏庄东街北口,000011574150511
110100016248065,53,蝶翠苑路口,000011574150511
110100016248066,54,蓝光海悦城小区,000011574150511
110100016248067,55,阎村桥,000011574150511
110100016248068,56,炒米店路口,000011574150511
110100016248069,57,阎村,000011574150511
110100016248070,58,阎村镇政府,000011574150511
110100016248071,59,阎安中路,000011574150511
110100016248072,60,房山梨园东里,000011574150511
110100016248128,61,南梨园北,000011574150511
110100016248088,62,绿城百合南口,000011574150511
110100016248089,63,绿城百合,000011574150511
110100016248093,64,天恒乐活城,000011574150511
110100016248129,65,南梨园,000011574150511
110100016248126,66,南梨园南站,000011574150511
