stationId,stopNumber,stopName,lineId
110100015764002,1,慧忠里,000000058345541
110100015764003,2,大屯南,000000058345541
110100015764004,3,地铁大屯路东站,000000058345541
110100015764005,4,北苑路大屯北站,000000058345541
110100015764006,5,辛店村,000000058345541
110100015764007,6,北苑,000000058345541
110100015764008,7,红军营南路西口,000000058345541
110100015764024,8,北卫新园,000000058345541
110100015764009,9,赢秋苑,000000058345541
110100015764010,10,北京青年城,000000058345541
110100015764025,11,勇士营,000000058345541
110100015764026,12,朝来农艺园,000000058345541
110100015764027,13,顾家庄,000000058345541
110100015764014,14,来广营西桥,000000058345541
110100015764015,15,来广营西桥东,000000058345541
110100015764016,16,来广营路口西,000000058345541
110100015764033,17,善各庄西站,000000058345541
110100015764017,18,望京火车站,000000058345541
110100015764018,19,善各庄,000000058345541
110100015764028,20,地铁崔各庄站,000000058345541
110100015764019,21,崔各庄,000000058345541
110100015764020,22,马南里,000000058345541
110100015764021,23,东郊农场西站,000000058345541
110100015764032,24,香苇路西站,000000058345541
110100015764031,25,康瑞路北站,000000058345541
110100015764029,26,孙河公交场站,000000058345541
