stationId,stopNumber,stopName,lineId
900000122570013,1,地铁北运河西站南,000010448755370
900000122570001,2,京东运乔建材城,000010448755370
900000122570012,3,玉桥东一路北口,000010448755370
900000122570006,4,玉桥东一路,000010448755370
900000122570007,5,玉桥东里南门,000010448755370
900000122570002,6,临河里路北口,000010448755370
900000122570014,7,净水街,000010448755370
900000122570015,8,梨园路南口,000010448755370
900000122570016,9,砖厂北街,000010448755370
900000122570004,10,临河里路南口,000010448755370
900000122570005,11,地铁土桥站,000010448755370
900000122570009,12,颐瑞中二路,000010448755370
900000122570010,13,颐瑞中二路南口,000010448755370
900000122570011,14,地铁高楼金站,000010448755370
