stationId,stopNumber,stopName,lineId
900000029494046,1,地铁天宫院站,000000000022400
900000029494106,2,榆垡站,000000000022400
900000029494107,3,榆垡南站,000000000022400
900000029494104,4,榆垡路东口,000000000022400
900000029494108,5,榆昌路东口,000000000022400
900000029494105,6,东胡林,000000000022400
900000029494103,7,河沿,000000000022400
900000029494110,8,固安工业园区站,000000000022400
900000029494092,9,东庄子村南,000000000022400
900000029494068,10,固安二中,000000000022400
900000029494109,11,地税局小区,000000000022400
900000029494113,12,育才路北,000000000022400
900000029494111,13,育才路南站,000000000022400
900000029494112,14,新源街东口,000000000022400
900000029494061,15,浩庭花园,000000000022400
900000029494023,16,工兴路口,000000000022400
900000029494024,17,天顺家园站,000000000022400
900000029494060,18,绿宸万华城,000000000022400
900000029494025,19,固安工业园南区站,000000000022400
900000029494114,20,固安市民活动中心北门,000000000022400
900000029494026,21,正兴街站,000000000022400
900000029494069,22,固安迎宾路,000000000022400
900000029494029,23,固安南站,000000000022400
