stationId,stopNumber,stopName,lineId
110100013908002,1,吴庄公交场站,000000058318091
110100013908033,2,吴庄,000000058318091
110100013908003,3,吴家村路西口,000000058318091
110100013908004,4,吴家村,000000058318091
110100013908005,5,吴家村路东口,000000058318091
110100013908006,6,小瓦窑,000000058318091
110100013908007,7,石槽,000000058318091
110100013908009,8,玉泉路口南,000000058318091
110100013908010,9,玉泉路口北,000000058318091
110100013908011,10,正大路西口,000000058318091
110100013908012,11,航天中心医院,000000058318091
110100013908013,12,金沟河路西口,000000058318091
110100013908014,13,玉海园南口,000000058318091
110100013908015,14,铁家坟东,000000058318091
110100013908016,15,金沟河路,000000058318091
110100013908017,16,金沟河路东口,000000058318091
110100013908018,17,定慧桥南,000000058318091
110100013908019,18,定慧桥东,000000058318091
110100013908020,19,定慧寺东,000000058318091
110100013908021,20,八里庄桥,000000058318091
110100013908022,21,慈寿寺桥,000000058318091
110100013908023,22,五路,000000058318091
110100013908024,23,善家坟,000000058318091
110100013908041,24,车道沟桥东,000000058318091
110100013908049,25,北洼路,000000058318091
110100013908050,26,紫竹桥北,000000058318091
110100013908051,27,紫竹院北门,000000058318091
