stationId,stopNumber,stopName,lineId
900000083576001,1,五路,000006955771881
900000083576002,2,地铁慈寿寺站,000006955771881
900000083576010,3,恩济里小区北,000006955771881
900000083576003,4,地铁海淀五路居站,000006955771881
900000083576004,5,五路桥,000006955771881
900000083576005,6,营慧寺,000006955771881
900000083576006,7,彰化路西口,000006955771881
900000083576016,8,云会寺路南口,000006955771881
900000083576007,9,彰化路,000006955771881
900000083576011,10,五福路,000006955771881
900000083576012,11,彰化南路西站,000006955771881
900000083576014,12,彰化南路,000006955771881
900000083576009,13,彰化南路东站,000006955771881
900000083576008,14,五路,000006955771881
