stationId,stopNumber,stopName,lineId
900000046072001,1,上王峪,000004341219270
900000046072002,2,新王峪,000004341219270
900000046072003,3,沙峪口,000004341219270
900000046072030,4,沙峪口东,000004341219270
900000046072033,5,平义分村西,000004341219270
900000046072004,6,平义分,000004341219270
900000046072034,7,前茶坞小区,000004341219270
900000046072021,8,前茶坞,000004341219270
900000046072005,9,西茶坞,000004341219270
900000046072022,10,东茶坞,000004341219270
900000046072037,11,东茶坞道口(临时站),000004341219270
900000046072035,12,茶坞火车站,000004341219270
900000046072038,13,东茶坞道口(临时站),000004341219270
900000046072027,14,茶坞火车站路口,000004341219270
900000046072023,15,山立庄,000004341219270
900000046072024,16,桥梓镇政府,000004341219270
900000046072007,17,桥梓,000004341219270
900000046072025,18,桥梓开发区,000004341219270
900000046072036,19,西台上西,000004341219270
900000046072008,20,西台上,000004341219270
900000046072026,21,西台下,000004341219270
900000046072009,22,怀柔石厂,000004341219270
900000046072010,23,丽湖馨居,000004341219270
900000046072039,24,南华园四区站,000004341219270
900000046072012,25,青春路南口,000004341219270
900000046072013,26,怀柔南大街,000004341219270
900000046072014,27,康馨家园,000004341219270
900000046072015,28,怀柔东关村,000004341219270
900000046072016,29,怀柔五中,000004341219270
900000046072017,30,怀柔汽车站,000004341219270
900000046072018,31,怀柔招商局,000004341219270
900000046072019,32,下元,000004341219270
900000046072020,33,于家园,000004341219270
