stationId,stopNumber,stopName,lineId
900000038750033,1,黄杉木店,000000058543801
900000038750030,2,青年路小区,000000058543801
900000038750025,3,青年路小区南站,000000058543801
900000038750007,4,天鹅湾小区,000000058543801
900000038750034,5,甘露园东,000000058543801
900000038750009,6,甘露园西,000000058543801
900000038750010,7,十里堡,000000058543801
900000038750011,8,东八里庄,000000058543801
900000038750012,9,慈云寺,000000058543801
900000038750013,10,慈云寺桥南,000000058543801
900000038750031,11,四惠桥西,000000058543801
900000038750014,12,八王坟南,000000058543801
900000038750015,13,光辉桥南,000000058543801
900000038750016,14,九龙山,000000058543801
900000038750017,15,珠江帝景,000000058543801
900000038750018,16,平乐园北,000000058543801
900000038750019,17,北京工业大学北站,000000058543801
900000038750020,18,北京工业大学,000000058543801
900000038750021,19,松榆东里东门,000000058543801
900000038750036,20,北京工业大学南门,000000058543801
900000038750035,21,双龙小区,000000058543801
900000038750024,22,弘燕路小区,000000058543801
900000038750028,23,弘燕公交场站,000000058543801
