stationId,stopNumber,stopName,lineId
110100013685002,1,西红门西站,000000058150971
110100013685005,2,郁花园二里,000000058150971
110100013685029,3,郁花园一里,000000058150971
110100013685034,4,西红门南站,000000058150971
110100013685035,5,西红门北站,000000058150971
110100013685009,6,九龙山庄,000000058150971
110100013685010,7,新发地北,000000058150971
110100013685011,8,世界花卉大观园,000000058150971
110100013685012,9,公益西桥西,000000058150971
110100013685031,10,公益西桥北,000000058150971
110100013685032,11,地铁公益西桥站,000000058150971
110100013685017,12,城南嘉园,000000058150971
110100013685030,13,城南嘉园北,000000058150971
110100013685018,14,嘉园三里,000000058150971
110100013685019,15,嘉园三里北,000000058150971
110100013685020,16,嘉园二里西门,000000058150971
110100013685021,17,嘉园一里,000000058150971
110100013685022,18,翠林小区,000000058150971
110100013685023,19,右安门外,000000058150971
110100013685024,20,右安门,000000058150971
110100013685025,21,右安门东,000000058150971
110100013685026,22,开阳桥东,000000058150971
110100013685027,23,永定门汽车站,000000058150971
