stationId,stopNumber,stopName,lineId
900000084746012,1,福康路,000007098573280
900000084746001,2,龙门一区,000007098573280
900000084746002,3,中门寺街,000007098573280
900000084746003,4,门头沟教委小区,000007098573280
900000084746004,5,西山艺境小区,000007098573280
900000084746005,6,桃园小区,000007098573280
900000084746006,7,月季园小区,000007098573280
900000084746007,8,葡萄嘴,000007098573280
900000084746008,9,葡萄嘴路口北,000007098573280
900000084746020,10,葡东小区,000007098573280
900000084746014,11,德露苑公交场站,000007098573280
900000084746015,12,大峪中学,000007098573280
900000084746023,13,永安小区路口南,000007098573280
900000084746016,14,侯庄子新村,000007098573280
900000084746022,15,增盛庄东,000007098573280
900000084746021,16,翡翠长安小区东,000007098573280
900000084746017,17,梧桐苑西,000007098573280
900000084746018,18,莲石湖西路东,000007098573280
900000084746019,19,石龙西公交场站,000007098573280
