stationId,stopNumber,stopName,lineId
110100011674058,1,地铁西局站,000000058456710
110100011674008,2,丰台北路,000000058456710
110100011674009,3,七里庄,000000058456710
110100011674010,4,岔路口,000000058456710
110100011674011,5,北大地,000000058456710
110100011674012,6,正阳桥北,000000058456710
110100011674013,7,看丹桥北,000000058456710
110100011674014,8,看丹桥,000000058456710
110100011674015,9,韩庄子南,000000058456710
110100011674016,10,科丰桥北,000000058456710
110100011674017,11,科丰桥南,000000058456710
110100011674073,12,总部基地金融港,000000058456710
110100011674074,13,地铁丰台科技园站,000000058456710
110100011674075,14,中海九号公馆小区,000000058456710
110100011674076,15,六圈南路中口,000000058456710
110100011674077,16,郭公庄西,000000058456710
110100011674078,17,丰葆路东口,000000058456710
110100011674079,18,康润家园,000000058456710
110100011674080,19,高鑫家园,000000058456710
110100011674081,20,羊坊村,000000058456710
110100011674082,21,东方时尚驾校东门,000000058456710
110100011674084,22,芦东路南口,000000058456710
110100011674083,23,首邑溪谷小区,000000058456710
110100011674086,24,康庄路西口,000000058456710
110100011674031,25,枣园路西口,000000058456710
110100011674032,26,丽园路西口,000000058456710
110100011674033,27,丽园路公交场站,000000058456710
110100011674034,28,成庄巷路口,000000058456710
110100011674035,29,丽园小区,000000058456710
110100011674036,30,丽园路,000000058456710
110100011674037,31,枣园小区,000000058456710
110100011674038,32,清源西里,000000058456710
110100011674039,33,清源路西口,000000058456710
110100011674040,34,三合庄,000000058456710
110100011674041,35,三合南里,000000058456710
110100011674042,36,兴业大街南口,000000058456710
110100011674043,37,兴政街西口,000000058456710
110100011674044,38,黄村火车站北,000000058456710
110100011674045,39,林校北路,000000058456710
110100011674046,40,大兴桥东,000000058456710
110100011674047,41,海子角北口,000000058456710
110100011674048,42,海子角东口,000000058456710
110100011674060,43,绿色庄园,000000058456710
110100011674049,44,海子角,000000058456710
