stationId,stopNumber,stopName,lineId
110100011825002,1,汤河口,000005815190731
110100011825015,2,庄户沟门,000005815190731
110100011825003,3,东帽湾,000005815190731
110100011825004,4,西帽湾,000005815190731
110100011825020,5,大榆树沟门,000005815190731
110100011825021,6,小黑柳沟门,000005815190731
110100011825005,7,鸽子堂,000005815190731
110100011825006,8,大河东,000005815190731
110100011825017,9,转年后沟,000005815190731
110100011825007,10,转年,000005815190731
110100011825018,11,小河东,000005815190731
110100011825008,12,杨树下,000005815190731
110100011825022,13,怀柔下营新村,000005815190731
110100011825023,14,怀柔下营东,000005815190731
110100011825024,15,怀柔下营,000005815190731
110100011825025,16,宝山寺东,000005815190731
110100011825010,17,宝山寺,000005815190731
110100011825016,18,宝山寺桥,000005815190731
110100011825011,19,宝山镇北湾,000005815190731
110100011825012,20,东沟门,000005815190731
110100011825013,21,牛圈子,000005815190731
110100011825014,22,小龙潭,000005815190731
110100011825019,23,南天门沟门,000005815190731
