stationId,stopNumber,stopName,lineId
110100011768002,1,汤河口,000004341219280
110100011768069,2,汤河口十字街,000004341219280
110100011768070,3,汤河口镇政府,000004341219280
110100011768071,4,汤河口镇政府南,000004341219280
110100011768072,5,汤河口东,000004341219280
110100011768066,6,大黄塘北,000004341219280
110100011768064,7,大黄塘,000004341219280
110100011768067,8,大黄塘南,000004341219280
110100011768068,9,小黄塘,000004341219280
110100011768074,10,怀柔马圈北,000004341219280
110100011768053,11,怀柔马圈,000004341219280
110100011768007,12,前安岭,000004341219280
110100011768008,13,安洲坝,000004341219280
110100011768009,14,琉璃庙镇转山子,000004341219280
110100011768010,15,琉璃庙,000004341219280
110100011768011,16,南台,000004341219280
110100011768044,17,怀柔龙泉峪,000004341219280
110100011768012,18,柏查子,000004341219280
110100011768013,19,梧桐豪,000004341219280
110100011768014,20,七道沟,000004341219280
110100011768015,21,后山铺,000004341219280
110100011768016,22,刘家店,000004341219280
110100011768018,23,怀北镇黄土梁,000004341219280
110100011768019,24,幽谷神潭,000004341219280
110100011768054,25,怀北镇八亩地北,000004341219280
110100011768020,26,怀北镇八亩地,000004341219280
110100011768021,27,椴树岭,000004341219280
110100011768047,28,椴树岭南,000004341219280
110100011768075,29,怀北镇北台子,000004341219280
110100011768023,30,峪道河,000004341219280
110100011768043,31,干河峪,000004341219280
110100011768042,32,冷水峪,000004341219280
110100011768025,33,青龙峡道口,000004341219280
110100011768045,34,河防口,000004341219280
110100011768049,35,河防口南,000004341219280
110100011768026,36,怀北庄,000004341219280
110100011768038,37,怀北庄南,000004341219280
110100011768027,38,雁栖湖,000004341219280
110100011768028,39,怀北镇,000004341219280
110100011768029,40,北台下,000004341219280
110100011768039,41,顶秀美泉小镇,000004341219280
110100011768040,42,雁栖镇北口,000004341219280
110100011768030,43,雁栖镇,000004341219280
110100011768050,44,雁栖镇南口,000004341219280
110100011768031,45,中富乐,000004341219280
110100011768060,46,大中富乐村口,000004341219280
110100011768061,47,迎宾路北口,000004341219280
110100011768062,48,于家园一区,000004341219280
110100011768035,49,于家园,000004341219280
