stationId,stopNumber,stopName,lineId
900000123754001,1,翠林小区,000010528356191
900000123754002,2,福宜街东口,000010528356191
900000123754003,3,福宜街,000010528356191
900000123754004,4,中顶村,000010528356191
900000123754005,5,西铁营,000010528356191
900000123754014,6,玉林西路,000010528356191
900000123754006,7,大观园西,000010528356191
900000123754007,8,白纸坊桥南,000010528356191
900000123754015,9,白纸坊桥西,000010528356191
900000123754008,10,莲花晴园,000010528356191
900000123754009,11,红莲南里,000010528356191
900000123754010,12,红莲南路,000010528356191
900000123754011,13,红莲南路西口,000010528356191
900000123754016,14,戎晖嘉园,000010528356191
900000123754017,15,茶马北街,000010528356191
900000123754018,16,马连道,000010528356191
