stationId,stopNumber,stopName,lineId
110100015796002,1,朝凤庵村,000000058325941
110100015796003,2,前锋学校,000000058325941
110100015796004,3,昌平东关路口南,000000058325941
110100015796005,4,宁馨苑小区南门,000000058325941
110100015796006,5,昌盛园北口,000000058325941
110100015796007,6,东关南里小区南门,000000058325941
110100015796008,7,南环东路,000000058325941
110100015796016,8,昌平中医医院,000000058325941
110100015796010,9,昌平公园东门,000000058325941
110100015796011,10,燕平家园,000000058325941
110100015796012,11,昌平鼓楼东街,000000058325941
110100015796013,12,昌平鼓楼西街,000000058325941
110100015796019,13,昌平鼓楼西街西口,000000058325941
110100015796014,14,建明里小区,000000058325941
110100015796015,15,昌平西关环岛东,000000058325941
110100015796017,16,昌平西关环岛南,000000058325941
110100015796018,17,昌平南桥北,000000058325941
