stationId,stopNumber,stopName,lineId
900000175732001,1,地铁立水桥南站,000000000026280
900000175732002,2,大羊坊东站,000000000026280
900000175732003,3,城锦苑小区,000000000026280
900000175732004,4,筑华年小区,000000000026280
900000175732014,5,北苑中街西口,000000000026280
900000175732005,6,来北家园西门,000000000026280
900000175732006,7,金茂悦小区北门,000000000026280
900000175732007,8,顾家庄桥北,000000000026280
900000175732008,9,顾家庄桥,000000000026280
900000175732009,10,顾家庄桥东,000000000026280
900000175732010,11,来广营西桥,000000000026280
900000175732011,12,来广营西桥东,000000000026280
900000175732012,13,来广营路口西,000000000026280
900000175732013,14,地铁善各庄站,000000000026280
