stationId,stopNumber,stopName,lineId
110100014575002,1,马家堡公交场站,000011531333860
110100014575003,2,角门北路东口,000011531333860
110100014575004,3,洋桥东,000011531333860
110100014575005,4,木樨园桥西,000011531333860
110100014575006,5,木樨园桥东,000011531333860
110100014575007,6,赵公口桥西,000011531333860
110100014575008,7,定安路,000011531333860
110100014575036,8,琉璃井,000011531333860
110100014575009,9,李村,000011531333860
110100014575010,10,天坛南门,000011531333860
110100014575011,11,永定门东,000011531333860
110100014575012,12,陶然桥东,000011531333860
110100014575013,13,陶然亭公园南门,000011531333860
110100014575014,14,开阳桥西,000011531333860
110100014575015,15,右安门西,000011531333860
110100014575016,16,大观园,000011531333860
110100014575017,17,白纸坊桥南,000011531333860
110100014575018,18,白纸坊桥北,000011531333860
110100014575019,19,椿树馆街,000011531333860
110100014575020,20,广安门南,000011531333860
110100014575021,21,广安门北,000011531333860
110100014575022,22,天宁寺桥西,000011531333860
110100014575023,23,小马厂,000011531333860
110100014575024,24,北京西站,000011531333860
110100014575025,25,莲花桥,000011531333860
110100014575026,26,公主坟南,000011531333860
110100014575027,27,公主坟北,000011531333860
110100014575037,28,八一湖,000011531333860
110100014575028,29,玉渊潭西门,000011531333860
110100014575029,30,航天桥南,000011531333860
110100014575030,31,航天桥西,000011531333860
110100014575031,32,西钓鱼台,000011531333860
110100014575032,33,定慧寺东,000011531333860
110100014575033,34,定慧桥北,000011531333860
110100014575034,35,五孔桥,000011531333860
110100014575035,36,田村半壁店东,000011531333860
