stationId,stopNumber,stopName,lineId
900000115699001,1,周口店公交场站,000010522051021
900000115699002,2,周口店村西,000010522051021
900000115699003,3,采石场,000010522051021
900000115699036,4,黄院路口,000010522051021
900000115699037,5,娄子水村口,000010522051021
900000115699038,6,娄子水东,000010522051021
900000115699039,7,娄子水村,000010522051021
900000115699040,8,娄子水西,000010522051021
900000115699009,9,红苹果庄园小区,000010522051021
900000115699010,10,拴马庄村东,000010522051021
900000115699011,11,拴马庄村口,000010522051021
900000115699012,12,拴马庄村西,000010522051021
900000115699034,13,黄山店新村,000010522051021
900000115699014,14,立马水泥厂,000010522051021
900000115699015,15,太和兴,000010522051021
900000115699016,16,恒顺场,000010522051021
900000115699017,17,黄山店南,000010522051021
900000115699018,18,黄山店,000010522051021
900000115699019,19,黄山店北,000010522051021
900000115699020,20,坡峰岭风景区,000010522051021
900000115699021,21,黄元寺,000010522051021
900000115699022,22,黄元寺北站,000010522051021
900000115699023,23,长流水,000010522051021
900000115699024,24,泗马沟,000010522051021
900000115699028,25,北下寺村南,000010522051021
900000115699026,26,北下寺村,000010522051021
900000115699035,27,北下寺村北,000010522051021
900000115699027,28,葫芦棚岔路口,000010522051021
900000115699025,29,葫芦棚村,000010522051021
