stationId,stopNumber,stopName,lineId
110100014958007,1,地铁九棵树站,000000000022970
110100014958008,2,九棵树站,000000000022970
110100014958084,3,杨家洼,000000000022970
110100014958010,4,地铁梨园站,000000000022970
110100014958011,5,通州小街桥东,000000000022970
110100014958012,6,地铁临河里站,000000000022970
110100014958013,7,地铁土桥站,000000000022970
110100014958014,8,土桥村,000000000022970
110100014958015,9,土桥欣村,000000000022970
110100014958016,10,土桥新桥东,000000000022970
110100014958017,11,北许场村,000000000022970
110100014958018,12,张家湾开发区,000000000022970
110100014958019,13,张辛庄村西,000000000022970
110100014958020,14,张辛庄村,000000000022970
110100014958021,15,梁各庄村,000000000022970
110100014958085,16,武兴路口,000000000022970
110100014958097,17,上店村北口,000000000022970
110100014958086,18,上店村路口,000000000022970
110100014958025,19,武窑村,000000000022970
110100014958087,20,里二泗村北口,000000000022970
110100014958027,21,里二泗村,000000000022970
110100014958028,22,姚辛庄北口,000000000022970
110100014958078,23,姚辛庄南口,000000000022970
110100014958088,24,通州靛庄,000000000022970
110100014958031,25,通州苏庄村,000000000022970
110100014958093,26,南阳村路口,000000000022970
110100014958142,27,榆林庄村北,000000000022970
110100014958033,28,榆林庄村,000000000022970
110100014958034,29,漷县镇政府,000000000022970
110100014958090,30,漷县市场,000000000022970
110100014958079,31,绿荫小区,000000000022970
110100014958080,32,漷兴三街,000000000022970
110100014958039,33,三黄庄村路口,000000000022970
110100014958138,34,后地村北口,000000000022970
110100014958041,35,后地村,000000000022970
110100014958094,36,沈庄村路口,000000000022970
110100014958043,37,大香仪村,000000000022970
110100014958083,38,南高庄村,000000000022970
110100014958095,39,南高庄村南口,000000000022970
110100014958046,40,东黄垡村,000000000022970
110100014958047,41,西黄垡村,000000000022970
110100014958122,42,军屯村西口,000000000022970
110100014958134,43,柏庄村,000000000022970
110100014958131,44,军屯村,000000000022970
110100014958128,45,西定安村,000000000022970
110100014958119,46,东定安村,000000000022970
110100014958143,47,徐官屯村西口,000000000022970
110100014958127,48,徐官屯村,000000000022970
110100014958120,49,通州大柳树村西口,000000000022970
110100014958056,50,李辛庄村,000000000022970
110100014958139,51,李辛庄村南口,000000000022970
110100014958140,52,通州军庄村路口,000000000022970
110100014958059,53,龙庄村,000000000022970
110100014958082,54,龙庄村客运站,000000000022970
110100014958135,55,老槐庄村桥,000000000022970
110100014958136,56,老槐庄村东口,000000000022970
110100014958061,57,老槐庄村,000000000022970
110100014958144,58,通州邓庄村,000000000022970
110100014958145,59,东张各庄,000000000022970
110100014958141,60,永乐店卫生院,000000000022970
110100014958071,61,永乐店路口东,000000000022970
