stationId,stopNumber,stopName,lineId
110100016131079,1,西红门西站,000000058474340
110100016131080,2,欣和街南口,000000058474340
110100016131081,3,欣和街口,000000058474340
110100016131082,4,宏旭路西口,000000058474340
110100016131053,5,地铁西红门站,000000058474340
110100016131015,6,高立庄,000000058474340
110100016131016,7,樊羊路口东,000000058474340
110100016131064,8,羊坊村南口,000000058474340
110100016131017,9,狼垡,000000058474340
110100016131071,10,芦西路口,000000058474340
110100016131019,11,立垡村,000000058474340
110100016131058,12,永立桥西,000000058474340
110100016131020,13,房山马厂,000000058474340
110100016131021,14,房山高岭北,000000058474340
110100016131059,15,地铁长阳站,000000058474340
110100016131023,16,军留庄,000000058474340
110100016131024,17,篱笆房,000000058474340
110100016131060,18,昊天北桥东,000000058474340
110100016131065,19,昊天北桥南,000000058474340
110100016131026,20,长阳碧桂园,000000058474340
110100016131061,21,黄辛庄路口,000000058474340
110100016131028,22,送变电公司,000000058474340
110100016131074,23,送变电公司南,000000058474340
110100016131029,24,良乡火车站路口,000000058474340
110100016131030,25,昊天温泉家园,000000058474340
110100016131031,26,良乡东关,000000058474340
110100016131062,27,良乡大角,000000058474340
110100016131033,28,良乡西门,000000058474340
110100016131034,29,苏庄东街,000000058474340
110100016131035,30,苏庄中路,000000058474340
110100016131036,31,苏庄大街,000000058474340
110100016131072,32,佳世苑小区,000000058474340
110100016131066,33,翠柳大街,000000058474340
110100016131083,34,良园二路,000000058474340
110100016131084,35,良园二路东口,000000058474340
110100016131037,36,房山肖庄,000000058474340
110100016131038,37,大十三里,000000058474340
110100016131077,38,小十三里,000000058474340
110100016131078,39,小十三里西,000000058474340
110100016131068,40,二合庄,000000058474340
110100016131085,41,下坡店路口南,000000058474340
110100016131069,42,下坡店,000000058474340
110100016131070,43,房山于庄,000000058474340
110100016131042,44,金鑫苑,000000058474340
110100016131043,45,瓦窑头,000000058474340
110100016131073,46,田家园小区,000000058474340
110100016131052,47,窦店镇政府,000000058474340
110100016131047,48,窦店村,000000058474340
110100016131063,49,窦店村南,000000058474340
110100016131048,50,窦店公交场站,000000058474340
