stationId,stopNumber,stopName,lineId
900000068855001,1,地铁苹果园站,000007525540081
900000068855031,2,金顶南路,000007525540081
900000068855003,3,金安桥西,000007525540081
900000068855004,4,首钢小西门,000007525540081
900000068855005,5,广宁村,000007525540081
900000068855006,6,石景山火车站,000007525540081
900000068855007,7,麻峪北口,000007525540081
900000068855008,8,侯庄子,000007525540081
900000068855033,9,龙泉花园,000007525540081
900000068855034,10,绿岛家园,000007525540081
900000068855011,11,河滩北站,000007525540081
900000068855012,12,城子,000007525540081
900000068855032,13,城子北站,000007525540081
900000068855013,14,琉璃渠,000007525540081
900000068855014,15,龙泉务,000007525540081
900000068855015,16,龙泉务北口,000007525540081
900000068855016,17,陈家庄,000007525540081
900000068855017,18,野溪,000007525540081
900000068855018,19,嬉水湾,000007525540081
900000068855019,20,陇驾庄东口,000007525540081
900000068855020,21,陇驾庄,000007525540081
900000068855021,22,陇驾庄西口,000007525540081
900000068855022,23,丁家滩,000007525540081
900000068855023,24,担礼,000007525540081
900000068855025,25,妙峰山镇桃园村,000007525540081
900000068855026,26,樱桃沟路口,000007525540081
900000068855027,27,妙峰山镇南庄村,000007525540081
900000068855035,28,樱桃沟村北,000007525540081
900000068855036,29,禅涧路口,000007525540081
900000068855028,30,涧沟,000007525540081
