stationId,stopNumber,stopName,lineId
110100014584002,1,中央党校北门,000011531333670
110100014584003,2,中央党校东站,000011531333670
110100014584004,3,小清河,000011531333670
110100014584005,4,骚子营,000011531333670
110100014584006,5,西苑,000011531333670
110100014584007,6,颐和园路东口,000011531333670
110100014584008,7,北京大学西门,000011531333670
110100014584009,8,海淀桥北,000011531333670
110100014584010,9,海淀桥东,000011531333670
110100014584047,10,中关村一街,000011531333670
110100014584048,11,保福寺桥西,000011531333670
110100014584049,12,北京城市学院,000011531333670
110100014584050,13,学院桥西,000011531333670
110100014584051,14,北京航空航天大学,000011531333670
110100014584052,15,学知桥南,000011531333670
110100014584053,16,蓟门桥北,000011531333670
110100014584054,17,蓟门桥南,000011531333670
110100014584055,18,明光桥南,000011531333670
110100014584056,19,文慧桥南,000011531333670
110100014584057,20,索家坟,000011531333670
110100014584058,21,西直门南,000011531333670
110100014584023,22,车公庄南,000011531333670
110100014584024,23,阜成门,000011531333670
110100014584025,24,阜成门外,000011531333670
110100014584026,25,阜外西口,000011531333670
110100014584027,26,甘家口东,000011531333670
110100014584028,27,白堆子口东,000011531333670
110100014584029,28,马神庙,000011531333670
110100014584030,29,航天桥东,000011531333670
110100014584031,30,航天桥西,000011531333670
110100014584032,31,西钓鱼台,000011531333670
110100014584033,32,定慧寺东,000011531333670
110100014584034,33,定慧桥北,000011531333670
110100014584035,34,五孔桥,000011531333670
110100014584036,35,田村半壁店东,000011531333670
