stationId,stopNumber,stopName,lineId
110100014362038,1,核桃园东街,000000058219430
110100014362002,2,广安门内,000000058219430
110100014362003,3,北线阁,000000058219430
110100014362004,4,核桃园,000000058219430
110100014362005,5,槐柏树街西口,000000058219430
110100014362006,6,西便门外,000000058219430
110100014362007,7,真武庙四里,000000058219430
110100014362008,8,真武庙三里,000000058219430
110100014362009,9,公安大学,000000058219430
110100014362010,10,木樨地西,000000058219430
110100014362011,11,军事博物馆,000000058219430
110100014362012,12,玉渊潭南门,000000058219430
110100014362013,13,柳林馆,000000058219430
110100014362014,14,普惠南里,000000058219430
110100014362015,15,翠微东里,000000058219430
110100014362016,16,翠微南里,000000058219430
110100014362017,17,万寿庄,000000058219430
110100014362037,18,万寿庄西,000000058219430
110100014362036,19,金沟河东路,000000058219430
110100014362024,20,金沟河路东口,000000058219430
110100014362025,21,金沟河路,000000058219430
110100014362026,22,铁家坟西,000000058219430
110100014362027,23,玉海园南口,000000058219430
110100014362028,24,金沟河路西口,000000058219430
110100014362029,25,航天中心医院,000000058219430
110100014362030,26,正大路西口,000000058219430
110100014362031,27,玉泉路口北,000000058219430
110100014362032,28,玉泉路口南,000000058219430
110100014362033,29,鲁谷路东口,000000058219430
110100014362034,30,十院,000000058219430
110100014362039,31,鲁谷公交场站,000000058219430
