stationId,stopNumber,stopName,lineId
900000086535001,1,地铁苹果园站,000007510536701
900000086535002,2,金顶南路,000007510536701
900000086535003,3,金安桥西,000007510536701
900000086535004,4,首钢小西门,000007510536701
900000086535005,5,广宁村,000007510536701
900000086535006,6,石景山火车站,000007510536701
900000086535007,7,麻峪,000007510536701
900000086535008,8,麻峪北口,000007510536701
900000086535009,9,侯庄子,000007510536701
900000086535010,10,双峪,000007510536701
900000086535011,11,新桥大街,000007510536701
900000086535012,12,河滩北站,000007510536701
900000086535013,13,城子,000007510536701
900000086535014,14,城子北站,000007510536701
900000086535015,15,琉璃渠,000007510536701
900000086535016,16,龙泉务,000007510536701
900000086535017,17,龙泉务北口,000007510536701
900000086535018,18,陈家庄,000007510536701
900000086535019,19,野溪,000007510536701
900000086535020,20,嬉水湾,000007510536701
900000086535021,21,陇驾庄东口,000007510536701
900000086535022,22,陇驾庄,000007510536701
900000086535023,23,陇驾庄西口,000007510536701
900000086535024,24,丁家滩,000007510536701
900000086535025,25,下苇甸桥,000007510536701
900000086535026,26,石古岩,000007510536701
900000086535027,27,西石古岩,000007510536701
900000086535028,28,色树坟,000007510536701
900000086535029,29,色树坟西,000007510536701
900000086535030,30,王平村,000007510536701
