stationId,stopNumber,stopName,lineId
110100015519001,1,和平东桥南,000000058667961
110100015519002,2,和平里东街,000000058667961
110100015519003,3,和平里路口东,000000058667961
110100015519004,4,地铁柳芳站,000000058667961
110100015519005,5,柳芳北街,000000058667961
110100015519006,6,柳芳北里,000000058667961
110100015519007,7,左家庄中街,000000058667961
110100015519008,8,左家庄东里,000000058667961
110100015519009,9,左家庄东街,000000058667961
110100015519010,10,左家庄,000000058667961
110100015519011,11,新源里,000000058667961
110100015519012,12,塔园村,000000058667961
110100015519013,13,幸福三村,000000058667961
110100015519014,14,工人体育场,000000058667961
110100015519015,15,朝阳医院,000000058667961
110100015519016,16,东大桥路口北,000000058667961
110100015519017,17,芳草地,000000058667961
110100015519018,18,芳草地南,000000058667961
110100015519039,19,永安里路口北,000000058667961
110100015519019,20,永安里路口西,000000058667961
110100015519020,21,日坛路,000000058667961
110100015519021,22,北京站口东,000000058667961
110100015519022,23,北京站东,000000058667961
110100015519023,24,建国门南,000000058667961
110100015519040,25,东便门,000000058667961
110100015519041,26,崇文门东,000000058667961
110100015519024,27,花市路口南,000000058667961
110100015519025,28,磁器口北,000000058667961
110100015519026,29,红桥路口北,000000058667961
110100015519027,30,法华寺,000000058667961
110100015519028,31,天坛体育场,000000058667961
110100015519029,32,东侧路,000000058667961
110100015519030,33,蒲黄榆,000000058667961
110100015519031,34,刘家窑桥北,000000058667961
110100015519032,35,刘家窑桥西,000000058667961
110100015519042,36,赵公口桥西,000000058667961
110100015519033,37,木樨园桥东,000000058667961
110100015519034,38,木樨园桥,000000058667961
110100015519035,39,木樨园桥西,000000058667961
110100015519036,40,洋桥北,000000058667961
110100015519037,41,四路通,000000058667961
110100015519038,42,北京南站南广场,000000058667961
