stationId,stopNumber,stopName,lineId
110100011660028,1,龙域北街东口,000000058452110
110100011660029,2,融泽嘉园南区北门,000000058452110
110100011660030,3,龙域北街,000000058452110
110100011660031,4,金域华府西门,000000058452110
110100011660032,5,回龙观村西区,000000058452110
110100011660033,6,西二旗北站,000000058452110
110100011660034,7,西二旗大街,000000058452110
110100011660002,8,地铁西二旗站南,000000058452110
110100011660035,9,上地九街西口,000000058452110
110100011660003,10,软件园广场,000000058452110
110100011660004,11,东北旺北,000000058452110
110100011660005,12,东北旺西路北口,000000058452110
110100011660006,13,后厂村东,000000058452110
110100011660007,14,后厂村路,000000058452110
110100011660008,15,春晖园,000000058452110
110100011660026,16,夏霖园,000000058452110
110100011660027,17,秋露园,000000058452110
110100011660036,18,中海枫涟山庄东门,000000058452110
110100011660012,19,中海枫涟山庄北门,000000058452110
110100011660013,20,赵家庄南,000000058452110
110100011660037,21,永靓家园北,000000058452110
110100011660014,22,颐和山庄,000000058452110
110100011660015,23,颐和山庄南站,000000058452110
110100011660016,24,亮甲店西站,000000058452110
110100011660017,25,冷泉村,000000058452110
110100011660018,26,龙泉驾校,000000058452110
