stationId,stopNumber,stopName,lineId
110100015757002,1,四惠枢纽站,000000058338991
110100015757029,2,郎家园,000000058338991
110100015757004,3,大北窑北,000000058338991
110100015757005,4,光华桥北,000000058338991
110100015757006,5,呼家楼北,000000058338991
110100015757007,6,白家庄,000000058338991
110100015757032,7,白家庄北,000000058338991
110100015757008,8,农业展览馆,000000058338991
110100015757009,9,亮马桥,000000058338991
110100015757010,10,燕莎桥南,000000058338991
110100015757011,11,三元庵,000000058338991
110100015757012,12,霞光里,000000058338991
110100015757013,13,五里沟,000000058338991
110100015757014,14,肖君庙,000000058338991
110100015757015,15,芳园里,000000058338991
110100015757016,16,高家园社区,000000058338991
110100015757017,17,王爷坟,000000058338991
110100015757018,18,大山子路口南,000000058338991
110100015757019,19,大山桥东,000000058338991
110100015757020,20,五元桥西,000000058338991
110100015757021,21,东辛店,000000058338991
110100015757022,22,北皋,000000058338991
110100015757023,23,东郊农场,000000058338991
110100015757030,24,香苇路西站,000000058338991
110100015757031,25,康瑞路北站,000000058338991
110100015757025,26,孙河公交场站,000000058338991
