stationId,stopNumber,stopName,lineId
110100015925002,1,前门,000000058231520
110100015925046,2,天安门东,000000058231520
110100015925004,3,南河沿,000000058231520
110100015925005,4,东安门,000000058231520
110100015925006,5,骑河楼,000000058231520
110100015925007,6,沙滩路口北,000000058231520
110100015925008,7,亮果厂,000000058231520
110100015925009,8,东黄城根北口,000000058231520
110100015925036,9,宽街路口东,000000058231520
110100015925037,10,张自忠路,000000058231520
110100015925038,11,东四十二条,000000058231520
110100015925039,12,北新桥路口南,000000058231520
110100015925040,13,北新桥路口西,000000058231520
110100015925041,14,交道口东,000000058231520
110100015925042,15,小经厂,000000058231520
110100015925043,16,宝钞胡同,000000058231520
110100015925044,17,鼓楼站,000000058231520
110100015925033,18,鼓楼北,000000058231520
110100015925012,19,鼓楼桥南,000000058231520
110100015925013,20,钟楼北桥北,000000058231520
110100015925014,21,鼓楼外大街南站,000000058231520
110100015925015,22,鼓楼外大街北站,000000058231520
110100015925016,23,安华桥南,000000058231520
110100015925032,24,安华桥北,000000058231520
110100015925017,25,安贞西里,000000058231520
110100015925018,26,地铁北土城站,000000058231520
110100015925019,27,华严里,000000058231520
110100015925020,28,北辰西桥南,000000058231520
110100015925021,29,北辰西桥北,000000058231520
110100015925022,30,国家体育馆,000000058231520
110100015925023,31,北辰东路,000000058231520
110100015925024,32,国家体育场东,000000058231520
