stationId,stopNumber,stopName,lineId
110100012214127,1,地铁通州北苑站,000000000022460
110100012214155,2,果园西,000000000022460
110100012214047,3,地铁九棵树站,000000000022460
110100012214128,4,九棵树站,000000000022460
110100012214172,5,杨家洼站,000000000022460
110100012214129,6,地铁梨园站,000000000022460
110100012214083,7,通州小街桥东,000000000022460
110100012214170,8,地铁临河里站,000000000022460
110100012214126,9,地铁土桥站,000000000022460
110100012214103,10,土桥村,000000000022460
110100012214130,11,巨星桥北,000000000022460
110100012214131,12,太玉园北口,000000000022460
110100012214132,13,太玉园小区,000000000022460
110100012214133,14,张家湾,000000000022460
110100012214134,15,祥和乐园小区,000000000022460
110100012214136,16,齐善庄,000000000022460
110100012214137,17,三间房村,000000000022460
110100012214055,18,潞关村,000000000022460
110100012214138,19,大北关,000000000022460
110100012214163,20,牛堡屯北站,000000000022460
110100012214164,21,牛堡屯,000000000022460
110100012214141,22,牛堡屯南站,000000000022460
110100012214088,23,小耕垡村,000000000022460
110100012214165,24,于家务一桥,000000000022460
110100012214090,25,东马各庄村,000000000022460
110100012214166,26,于家务村西口,000000000022460
110100012214156,27,于家务,000000000022460
110100012214158,28,聚富园北口,000000000022460
110100012214167,29,聚富园,000000000022460
110100012214160,30,南刘庄,000000000022460
110100012214168,31,后甫村,000000000022460
110100012214145,32,采育路口,000000000022460
110100012214151,33,东半壁店村,000000000022460
110100012214152,34,倪家村,000000000022460
110100012214068,35,凤河营,000000000022460
