stationId,stopNumber,stopName,lineId
900000135304001,1,沙河北大桥,000011574150611
900000135304002,2,沙河,000011574150611
900000135304003,3,碧水庄园,000011574150611
900000135304004,4,定福皇庄,000011574150611
900000135304005,5,史各庄,000011574150611
900000135304006,6,史各庄南,000011574150611
900000135304007,7,地铁生命科学园站,000011574150611
900000135304008,8,地铁生命科学园站西,000011574150611
900000135304010,9,北清创意园,000011574150611
900000135304011,10,科学园路,000011574150611
900000135304012,11,科学园路北站,000011574150611
900000135304013,12,医疗园路,000011574150611
900000135304014,13,医疗园路西站,000011574150611
900000135304015,14,生命科学园西站,000011574150611
