stationId,stopNumber,stopName,lineId
110100014531020,1,体育场南路东口,000000058275610
110100014531002,2,京原路口东,000000058275610
110100014531003,3,京原东站,000000058275610
110100014531004,4,老山,000000058275610
110100014531005,5,地铁八宝山站,000000058275610
110100014531006,6,老山南路东口,000000058275610
110100014531024,7,田上路口北,000000058275610
110100014531007,8,龚村东口,000000058275610
110100014531008,9,巨山路南口,000000058275610
110100014531009,10,锦绣大地,000000058275610
110100014531010,11,地铁廖公庄站,000000058275610
110100014531012,12,巨山馨苑,000000058275610
110100014531023,13,西平庄西口,000000058275610
110100014531013,14,巨山路北口,000000058275610
110100014531014,15,巨山农场,000000058275610
110100014531015,16,南辛庄,000000058275610
110100014531016,17,巨山,000000058275610
110100014531017,18,北京射击场东站,000000058275610
110100014531027,19,福田公墓路,000000058275610
