stationId,stopNumber,stopName,lineId
900000128555001,1,蟹岛度假村东门,000010727758220
900000128555002,2,金盏嘉园东,000010727758220
900000128555003,3,金盏嘉园,000010727758220
900000128555004,4,金盏嘉园西,000010727758220
900000128555016,5,京旺家园一区,000010727758220
900000128555017,6,京旺东路南口,000010727758220
900000128555018,7,京旺家园五区,000010727758220
900000128555008,8,京顺东街,000010727758220
900000128555009,9,东郊农场西站,000010727758220
900000128555010,10,马南里,000010727758220
900000128555019,11,马泉营西路南口,000010727758220
900000128555020,12,地铁马泉营站,000010727758220
900000128555021,13,马泉营家园,000010727758220
900000128555022,14,香江北岸小区东,000010727758220
900000128555023,15,香江北岸小区,000010727758220
900000128555024,16,香江北岸小区西,000010727758220
900000128555015,17,地铁善各庄站,000010727758220
