stationId,stopNumber,stopName,lineId
110100014302002,1,时代庄园北站,000000058208601
110100014302003,2,时代庄园东站,000000058208601
110100014302004,3,时代庄园,000000058208601
110100014302005,4,北苑家园,000000058208601
110100014302006,5,北苑家园西站,000000058208601
110100014302007,6,大羊坊东站,000000058208601
110100014302031,7,大羊坊,000000058208601
110100014302032,8,大羊坊南站,000000058208601
110100014302008,9,北苑,000000058208601
110100014302033,10,辛店村,000000058208601
110100014302009,11,北苑路大屯北站,000000058208601
110100014302034,12,地铁大屯路东站,000000058208601
110100014302010,13,大屯东,000000058208601
110100014302011,14,豹房,000000058208601
110100014302047,15,洼里南口,000000058208601
110100014302048,16,中科院地理所,000000058208601
110100014302036,17,南沟泥河,000000058208601
110100014302013,18,北沙滩桥东,000000058208601
110100014302037,19,南沙滩,000000058208601
110100014302014,20,安翔桥南,000000058208601
110100014302015,21,祁家豁子,000000058208601
110100014302016,22,马甸桥北,000000058208601
110100014302017,23,马甸桥西,000000058208601
110100014302018,24,北太平桥西,000000058208601
110100014302019,25,蓟门桥西,000000058208601
110100014302038,26,地铁大钟寺站,000000058208601
110100014302020,27,大钟寺,000000058208601
110100014302046,28,红民村,000000058208601
110100014302021,29,四通桥东,000000058208601
110100014302039,30,中国农业科学院,000000058208601
110100014302022,31,魏公村,000000058208601
110100014302023,32,中央民族大学,000000058208601
110100014302024,33,国家图书馆,000000058208601
110100014302040,34,白石桥东,000000058208601
110100014302041,35,动物园枢纽站,000000058208601
