stationId,stopNumber,stopName,lineId
110100011070002,1,颐和山庄,000000058531321
110100011070003,2,颐和山庄南站,000000058531321
110100011070004,3,回民公墓,000000058531321
110100011070005,4,西北旺,000000058531321
110100011070006,5,百望山森林公园,000000058531321
110100011070007,6,黑山扈,000000058531321
110100011070008,7,国防大学,000000058531321
110100011070009,8,红山口,000000058531321
110100011070010,9,安河桥,000000058531321
110100011070011,10,颐和园北宫门,000000058531321
110100011070024,11,地铁北宫门站,000000058531321
110100011070013,12,颐和园,000000058531321
110100011070014,13,西苑,000000058531321
110100011070015,14,颐和园路东口,000000058531321
110100011070016,15,北京大学西门,000000058531321
110100011070017,16,海淀桥北,000000058531321
110100011070018,17,海淀桥东,000000058531321
110100011070019,18,中关村南,000000058531321
110100011070020,19,海淀黄庄北,000000058531321
110100011070021,20,人民大学,000000058531321
110100011070025,21,四通桥东,000000058531321
110100011070022,22,红民村,000000058531321
110100011070023,23,大钟寺,000000058531321
