stationId,stopNumber,stopName,lineId
110100015225002,1,冯村公交场站,000000058462561
110100015225003,2,冯西园,000000058462561
110100015225004,3,冯村南口,000000058462561
110100015225026,4,丽景长安小区北,000000058462561
110100015225005,5,冯村大桥,000000058462561
110100015225024,6,冯村,000000058462561
110100015225007,7,永定中学,000000058462561
110100015225008,8,葡萄嘴路口南,000000058462561
110100015225009,9,葡东小区,000000058462561
110100015225010,10,月季园东里,000000058462561
110100015225011,11,新桥南街,000000058462561
110100015225012,12,京煤集团,000000058462561
110100015225013,13,双峪,000000058462561
110100015225014,14,侯庄子,000000058462561
110100015225025,15,金安桥东,000000058462561
110100015225015,16,金顶南路,000000058462561
110100015225016,17,地铁苹果园站,000000058462561
110100015225017,18,杨庄,000000058462561
110100015225018,19,杨庄东,000000058462561
110100015225019,20,晋元桥西,000000058462561
110100015225020,21,定慧寺东,000000058462561
110100015225021,22,西钓鱼台,000000058462561
110100015225022,23,航天桥西,000000058462561
110100015225027,24,公主坟北,000000058462561
