stationId,stopNumber,stopName,lineId
110100011661002,1,龙泉驾校,000000058452111
110100011661003,2,冷泉村,000000058452111
110100011661024,3,亮甲店西站,000000058452111
110100011661005,4,颐和山庄南站,000000058452111
110100011661006,5,颐和山庄,000000058452111
110100011661043,6,永靓家园北,000000058452111
110100011661007,7,赵家庄南,000000058452111
110100011661008,8,中海枫涟山庄北门,000000058452111
110100011661032,9,中海枫涟山庄东门,000000058452111
110100011661029,10,秋露园,000000058452111
110100011661030,11,夏霖园,000000058452111
110100011661012,12,春晖园,000000058452111
110100011661013,13,后厂村路,000000058452111
110100011661022,14,后厂村东,000000058452111
110100011661014,15,东北旺西路北口,000000058452111
110100011661016,16,东北旺北,000000058452111
110100011661033,17,软件园广场,000000058452111
110100011661034,18,上地九街西口,000000058452111
110100011661035,19,地铁西二旗站南,000000058452111
110100011661036,20,西二旗大街,000000058452111
110100011661037,21,西二旗北站,000000058452111
110100011661038,22,回龙观村西区,000000058452111
110100011661039,23,金域华府西门,000000058452111
110100011661040,24,龙域北街,000000058452111
110100011661041,25,融泽嘉园南区北门,000000058452111
110100011661042,26,龙域北街东口,000000058452111
