stationId,stopNumber,stopName,lineId
900000027214001,1,地铁九棵树站,000000000022680
900000027214029,2,九棵树,000000000022680
900000027214041,3,杨家洼,000000000022680
900000027214004,4,地铁梨园站,000000000022680
900000027214030,5,通州小街桥东,000000000022680
900000027214039,6,地铁临河里站,000000000022680
900000027214034,7,地铁土桥站,000000000022680
900000027214031,8,土桥村,000000000022680
900000027214042,9,土桥欣村,000000000022680
900000027214010,10,土桥新桥东,000000000022680
900000027214043,11,北许场村,000000000022680
900000027214012,12,张凤路北口,000000000022680
900000027214013,13,张家湾镇政府,000000000022680
900000027214035,14,北许场新村,000000000022680
900000027214015,15,张家湾中心小学,000000000022680
900000027214036,16,张家湾南口,000000000022680
900000027214017,17,张家湾凉水河桥北,000000000022680
900000027214037,18,月亮湾小区,000000000022680
900000027214019,19,通州大辛庄,000000000022680
900000027214020,20,枣林庄北口,000000000022680
900000027214021,21,枣林庄小学,000000000022680
900000027214022,22,枣林庄南口,000000000022680
900000027214044,23,中辛庄,000000000022680
900000027214045,24,通州垡头村,000000000022680
900000027214038,25,小北关北口,000000000022680
900000027214047,26,小北关东口,000000000022680
900000027214027,27,东永和屯村,000000000022680
900000027214046,28,青山公交场站,000000000022680
