stationId,stopNumber,stopName,lineId
110100015475078,1,城通街,000000058674880
110100015475079,2,城通街北口,000000058674880
110100015475055,3,石景山古城,000000058674880
110100015475056,4,八角,000000058674880
110100015475057,5,京燕饭店,000000058674880
110100015475058,6,京原路口西,000000058674880
110100015475059,7,衙门口东,000000058674880
110100015475060,8,焦家坟路口西,000000058674880
110100015475061,9,鲁谷西站,000000058674880
110100015475062,10,鲁谷,000000058674880
110100015475063,11,鲁谷路东口,000000058674880
110100015475064,12,太平路西口,000000058674880
110100015475065,13,采石路口,000000058674880
110100015475066,14,永定路南口,000000058674880
110100015475067,15,沙窝桥东,000000058674880
110100015475068,16,西翠路口西,000000058674880
110100015475069,17,西翠路口东,000000058674880
110100015475070,18,太平路东口,000000058674880
110100015475071,19,万寿路口东,000000058674880
110100015475072,20,翠微路口,000000058674880
110100015475073,21,公主坟西,000000058674880
110100015475074,22,公主坟东,000000058674880
110100015475075,23,皇亭子,000000058674880
110100015475076,24,北京世纪坛医院,000000058674880
110100015475007,25,北京西站,000000058674880
110100015475008,26,小马厂,000000058674880
110100015475044,27,白云桥西,000000058674880
110100015475009,28,天宁寺桥西,000000058674880
110100015475080,29,天宁寺桥东,000000058674880
110100015475045,30,西便门,000000058674880
110100015475010,31,长椿街路口东,000000058674880
110100015475011,32,宣武门东,000000058674880
110100015475012,33,和平门东,000000058674880
110100015475046,34,北京供电局,000000058674880
110100015475013,35,前门西,000000058674880
110100015475014,36,前门东,000000058674880
110100015475015,37,正义路,000000058674880
110100015475047,38,台基厂路口西,000000058674880
110100015475016,39,崇文门西,000000058674880
110100015475017,40,北京站西,000000058674880
110100015475077,41,北京站东,000000058674880
