stationId,stopNumber,stopName,lineId
110100013720002,1,西便门,000000058154910
110100013720003,2,天宁寺桥北,000000058154910
110100013720004,3,广安门北,000000058154910
110100013720016,4,广外关厢,000000058154910
110100013720005,5,达官营,000000058154910
110100013720006,6,湾子,000000058154910
110100013720015,7,莲花池,000000058154910
110100013720007,8,六里桥东,000000058154910
110100013720017,9,岳各庄桥北,000000058154910
110100013720018,10,丰台路口,000000058154910
110100013720019,11,丰台体育中心南门,000000058154910
110100013720020,12,大井南里,000000058154910
110100013720010,13,大井,000000058154910
110100013720011,14,程庄路北口,000000058154910
110100013720012,15,程庄路,000000058154910
110100013720013,16,程庄路南口,000000058154910
110100013720014,17,南五里店,000000058154910
