stationId,stopNumber,stopName,lineId
110100011230002,1,国家体育馆,000014286687351
110100011230003,2,国家会议中心,000014286687351
110100011230024,3,中科院地理所,000014286687351
110100011230004,4,南沟泥河,000014286687351
110100011230005,5,北沙滩桥东,000014286687351
110100011230006,6,北沙滩桥南,000014286687351
110100011230007,7,安翔桥南,000014286687351
110100011230008,8,祁家豁子,000014286687351
110100011230009,9,马甸桥北,000014286687351
110100011230010,10,德外关厢北,000014286687351
110100011230025,11,德外关厢,000014286687351
110100011230021,12,德胜门外,000014286687351
110100011230020,13,冰窖口胡同西口,000014286687351
110100011230012,14,积水潭桥南,000014286687351
110100011230022,15,新街口北,000014286687351
110100011230013,16,平安里路口南,000014286687351
110100011230014,17,西四路口北,000014286687351
110100011230023,18,缸瓦市,000014286687351
110100011230015,19,西单商场,000014286687351
110100011230016,20,西单路口南,000014286687351
110100011230017,21,宣武门内,000014286687351
110100011230018,22,长椿街路口西,000014286687351
110100011230019,23,北京西站,000014286687351
