stationId,stopNumber,stopName,lineId
110100013332012,1,杨闸,000000058364070
110100013332002,2,杨闸环岛西,000000058364070
110100013332003,3,杨闸环岛东,000000058364070
110100013332004,4,西军庄,000000058364070
110100013332005,5,八里桥北站,000000058364070
110100013332011,6,西马庄,000000058364070
110100013332006,7,北京物资学院南站,000000058364070
110100013332007,8,北京胸科医院,000000058364070
110100013332008,9,耿庄桥南,000000058364070
110100013332009,10,三元村,000000058364070
110100013332010,11,武夷花园,000000058364070
110100013332013,12,霍屯村,000000058364070
110100013332014,13,霍屯村东,000000058364070
110100013332015,14,玉带河大街桥南,000000058364070
110100013332016,15,地铁郝家府站,000000058364070
110100013332024,16,辛安屯村,000000058364070
110100013332020,17,胡各庄新村西,000000058364070
110100013332021,18,胡各庄新村,000000058364070
110100013332022,19,前北营,000000058364070
110100013332025,20,东夏园路口东,000000058364070
110100013332018,21,地铁潞城站,000000058364070
110100013332019,22,东小营公交场站,000000058364070
