stationId,stopNumber,stopName,lineId
110100014038002,1,昌平北站,000000058515751
110100014038003,2,昌平区医院,000000058515751
110100014038004,3,昌平鼓楼南街北口,000000058515751
110100014038005,4,昌平公园,000000058515751
110100014038006,5,昌平鼓楼南街南口,000000058515751
110100014038007,6,南环中路,000000058515751
110100014038008,7,花样年华小区,000000058515751
110100014038009,8,水屯,000000058515751
110100014038010,9,水屯桥北,000000058515751
110100014038011,10,水屯桥西,000000058515751
110100014038012,11,水屯家园,000000058515751
110100014038013,12,百泉庄东,000000058515751
110100014038014,13,百泉庄西,000000058515751
110100014038015,14,百泉庄一桥西,000000058515751
110100014038016,15,黄瓜园村,000000058515751
110100014038017,16,上念头村,000000058515751
110100014038018,17,奤夿屯南口,000000058515751
110100014038019,18,西北地村,000000058515751
110100014038020,19,昌平辛店,000000058515751
110100014038021,20,乃干屯,000000058515751
110100014038022,21,乃干屯西,000000058515751
110100014038023,22,丈头村东,000000058515751
110100014038024,23,丈头村,000000058515751
