stationId,stopNumber,stopName,lineId
110100016267049,1,大次洛村,000011574151161
110100016267002,2,支楼路口,000011574151161
110100016267003,3,支楼,000011574151161
110100016267057,4,下坡子,000011574151161
110100016267005,5,石楼路口,000011574151161
110100016267006,6,石楼镇政府,000011574151161
110100016267007,7,坨头西,000011574151161
110100016267008,8,坨头小学,000011574151161
110100016267009,9,坨头,000011574151161
110100016267010,10,双柳树,000011574151161
110100016267069,11,梨园店西站,000011574151161
110100016267070,12,夏村南口,000011574151161
110100016267071,13,夏村,000011574151161
110100016267072,14,夏村东口,000011574151161
110100016267073,15,小庄子,000011574151161
110100016267065,16,夏村桥西,000011574151161
110100016267066,17,田家园西口,000011574151161
110100016267017,18,苏村,000011574151161
110100016267018,19,房山于庄,000011574151161
110100016267019,20,下坡店,000011574151161
110100016267059,21,下坡店路口南,000011574151161
110100016267022,22,二合庄,000011574151161
110100016267067,23,二合庄东口,000011574151161
110100016267023,24,南梨园南站,000011574151161
110100016267024,25,南梨园,000011574151161
110100016267025,26,南梨园北站,000011574151161
110100016267060,27,房山梨园东里,000011574151161
110100016267026,28,阎安中路,000011574151161
110100016267027,29,阎村镇政府,000011574151161
110100016267028,30,阎村,000011574151161
110100016267029,31,炒米店路口,000011574151161
110100016267030,32,阎村桥,000011574151161
110100016267031,33,苏庄西街南口,000011574151161
110100016267032,34,地铁苏庄站,000011574151161
110100016267033,35,苏庄东街南口,000011574151161
110100016267061,36,房山区政府第二办公区,000011574151161
110100016267034,37,地铁良乡南关站西,000011574151161
110100016267035,38,西潞南大街,000011574151161
110100016267036,39,良乡西门,000011574151161
110100016267037,40,西潞园,000011574151161
110100016267038,41,华冠购物中心,000011574151161
110100016267039,42,良乡医院,000011574151161
110100016267040,43,昊天温泉家园,000011574151161
110100016267062,44,昊蓝温泉家园,000011574151161
110100016267063,45,梅花庄新村西,000011574151161
110100016267042,46,梅花庄新村,000011574151161
110100016267043,47,智汇城创业园,000011574151161
110100016267044,48,中国社会科学院(良乡),000011574151161
110100016267045,49,地铁良乡大学城北站,000011574151161
110100016267046,50,金地朗悦,000011574151161
110100016267047,51,水碾屯新村,000011574151161
110100016267064,52,水碾屯新村北站,000011574151161
110100016267068,53,文昌东路东口,000011574151161
