stationId,stopNumber,stopName,lineId
110100014885002,1,鲁谷公交场站,000007239667371
110100014885003,2,鲁谷,000007239667371
110100014885004,3,地铁八宝山站,000007239667371
110100014885005,4,八宝山,000007239667371
110100014885006,5,玉泉路口北,000007239667371
110100014885007,6,正大路西口,000007239667371
110100014885008,7,航天中心医院,000007239667371
110100014885009,8,玉海园西,000007239667371
110100014885010,9,阜玉路口南,000007239667371
110100014885011,10,阜玉路口北,000007239667371
110100014885012,11,旱河路南口,000007239667371
110100014885013,12,田村北路东口,000007239667371
110100014885014,13,四季青敬老院,000007239667371
110100014885015,14,南平庄路口南,000007239667371
110100014885016,15,海淀区残联,000007239667371
110100014885036,16,佟家坟,000007239667371
110100014885017,17,四季青桥西,000007239667371
110100014885018,18,四季青桥东,000007239667371
110100014885019,19,板井,000007239667371
110100014885020,20,车道沟桥东,000007239667371
110100014885021,21,北洼路,000007239667371
110100014885022,22,紫竹桥北,000007239667371
110100014885023,23,万寿寺,000007239667371
110100014885024,24,为公桥,000007239667371
110100014885039,25,苏州桥南,000007239667371
110100014885025,26,万泉庄,000007239667371
110100014885026,27,万泉河路,000007239667371
110100014885027,28,稻香园,000007239667371
110100014885028,29,万泉河桥南,000007239667371
110100014885029,30,海淀公园,000007239667371
110100014885030,31,西苑医院,000007239667371
110100014885038,32,西苑,000007239667371
