stationId,stopNumber,stopName,lineId
110100014106002,1,博兴六路公交场站,000000058540881
110100014106053,2,鹿海园四里,000000058540881
110100014106004,3,泰河一街西口,000000058540881
110100014106005,4,泰河路口南,000000058540881
110100014106006,5,鹿海园公交场站,000000058540881
110100014106007,6,西五号村,000000058540881
110100014106008,7,鹿圈,000000058540881
110100014106009,8,凉水河一街西口,000000058540881
110100014106048,9,中信新城西区西门,000000058540881
110100014106049,10,枫丹壹号小区,000000058540881
110100014106050,11,怡景名苑,000000058540881
110100014106051,12,枫丹壹号小区北,000000058540881
110100014106052,13,中信新城东区东门,000000058540881
110100014106010,14,天宝西路南口,000000058540881
110100014106011,15,天宝家园,000000058540881
110100014106012,16,天华西路,000000058540881
110100014106013,17,新康家园,000000058540881
110100014106014,18,贵园东里,000000058540881
110100014106015,19,地铁亦庄桥站,000000058540881
110100014106016,20,旧宫北路东口,000000058540881
110100014106054,21,旧宫北路,000000058540881
110100014106017,22,地铁旧宫站,000000058540881
110100014106018,23,旧宫东口,000000058540881
110100014106019,24,旧宫,000000058540881
110100014106020,25,旧宫西口,000000058540881
110100014106021,26,吉庆庄,000000058540881
110100014106022,27,清和园,000000058540881
110100014106023,28,德贤路,000000058540881
110100014106035,29,德贤路北站,000000058540881
110100014106025,30,榴乡路南站,000000058540881
110100014106026,31,榴乡路,000000058540881
110100014106036,32,榴乡路北站,000000058540881
110100014106028,33,刘家窑桥南,000000058540881
110100014106029,34,刘家窑桥北,000000058540881
110100014106038,35,蒲黄榆,000000058540881
110100014106039,36,东侧路,000000058540881
110100014106040,37,天坛体育场,000000058540881
110100014106041,38,法华寺,000000058540881
110100014106042,39,红桥路口北,000000058540881
110100014106043,40,磁器口北,000000058540881
110100014106044,41,花市路口南,000000058540881
110100014106045,42,崇文门西,000000058540881
110100014106046,43,台基厂路口西,000000058540881
110100014106047,44,正义路,000000058540881
110100014106037,45,前门,000000058540881
