stationId,stopNumber,stopName,lineId
110100013498002,1,弘燕公交场站,000000058404550
110100013498020,2,西大望南路,000000058404550
110100013498003,3,西大望南路南口,000000058404550
110100013498004,4,周家庄,000000058404550
110100013498005,5,周家庄西站,000000058404550
110100013498021,6,十里河桥东,000000058404550
110100013498006,7,十里河桥北,000000058404550
110100013498007,8,华威桥南,000000058404550
110100013498008,9,潘家园桥,000000058404550
110100013498009,10,劲松桥南,000000058404550
110100013498022,11,劲松桥北,000000058404550
110100013498010,12,双井桥南,000000058404550
110100013498011,13,双井桥北,000000058404550
110100013498012,14,双花园,000000058404550
110100013498013,15,大北窑南,000000058404550
110100013498014,16,大北窑西,000000058404550
110100013498015,17,永安里路口北,000000058404550
110100013498016,18,芳草地南,000000058404550
110100013498017,19,芳草地,000000058404550
110100013498023,20,东大桥路口东,000000058404550
110100013498018,21,东大桥公交场站,000000058404550
