stationId,stopNumber,stopName,lineId
110100015570023,1,北京站东,000000058663650
110100015570024,2,建国门南,000000058663650
110100015570025,3,广渠门,000000058663650
110100015570026,4,光明桥东,000000058663650
110100015570027,5,劲松中街,000000058663650
110100015570028,6,劲松桥东,000000058663650
110100015570029,7,南磨房,000000058663650
110100015570030,8,平乐园,000000058663650
110100015570031,9,平乐园小区,000000058663650
110100015570032,10,窑洼湖桥东,000000058663650
110100015570046,11,南楼梓庄,000000058663650
110100015570033,12,地铁南楼梓庄站,000000058663650
110100015570034,13,朝阳大柳树,000000058663650
110100015570042,14,垡头北站,000000058663650
110100015570037,15,垡头,000000058663650
110100015570045,16,垡头南站,000000058663650
110100015570039,17,工业技师学院,000000058663650
110100015570041,18,北京焦化厂,000000058663650
110100015570043,19,化工桥西,000000058663650
