stationId,stopNumber,stopName,lineId
900000048252001,1,下念头村,000003674449390
900000048252002,2,红冶钢厂东,000003674449390
900000048252003,3,红冶钢厂,000003674449390
900000048252035,4,神牛路口东,000003674449390
900000048252036,5,神牛路口北,000003674449390
900000048252037,6,昌平北小营村,000003674449390
900000048252033,7,昌平北小营村北,000003674449390
900000048252034,8,昌平辛店,000003674449390
900000048252007,9,西北地村,000003674449390
900000048252028,10,奤夿屯南口,000003674449390
900000048252009,11,上念头村,000003674449390
900000048252010,12,黄瓜园村,000003674449390
900000048252011,13,百泉庄一桥西,000003674449390
900000048252012,14,百泉庄西,000003674449390
900000048252013,15,百泉庄东,000003674449390
900000048252014,16,水屯家园,000003674449390
900000048252015,17,水屯桥西,000003674449390
900000048252016,18,石油化工科学院,000003674449390
900000048252029,19,昌平永安路南口,000003674449390
900000048252018,20,超前路,000003674449390
900000048252019,21,创新路,000003674449390
900000048252020,22,润杰经典小区,000003674449390
900000048252021,23,南环东路,000003674449390
900000048252022,24,东关南里小区南门,000003674449390
900000048252023,25,石油大学,000003674449390
900000048252024,26,亢山广场,000003674449390
900000048252025,27,昌平东关,000003674449390
