stationId,stopNumber,stopName,lineId
900000085207022,1,东安路,000007172449951
900000085207019,2,梨园南街东口,000007172449951
900000085207020,3,滨河中路南口,000007172449951
900000085207021,4,潞阳桥西路,000007172449951
900000085207001,5,花石匠小区东,000007172449951
900000085207002,6,花石匠小区,000007172449951
900000085207017,7,砖厂中路,000007172449951
900000085207003,8,地铁土桥站,000007172449951
900000085207004,9,地铁临河里站,000007172449951
900000085207005,10,梨园南街西口,000007172449951
900000085207006,11,梨园东里南区,000007172449951
900000085207007,12,玉桥中路南口,000007172449951
900000085207008,13,通州三间房,000007172449951
900000085207009,14,玉桥南里,000007172449951
900000085207010,15,玉桥中路,000007172449951
900000085207014,16,西上园,000007172449951
900000085207015,17,东上园,000007172449951
900000085207016,18,通州赵登禹大街,000007172449951
