stationId,stopNumber,stopName,lineId
900000172073001,1,怀柔汽车站,000016351899631
900000172073002,2,怀柔府前东街,000016351899631
900000172073003,3,怀柔商业街东口,000016351899631
900000172073004,4,迎宾路南口,000016351899631
900000172073005,5,南华,000016351899631
900000172073020,6,华欣湾小区,000016351899631
900000172073006,7,庙城检测场,000016351899631
900000172073007,8,高两河西,000016351899631
900000172073008,9,高两河,000016351899631
900000172073009,10,雁栖河桥东,000016351899631
900000172073010,11,中影基地,000016351899631
900000172073021,12,香水城北区,000016351899631
900000172073022,13,香水城南区,000016351899631
900000172073019,14,瑞丰大街西口,000016351899631
900000172073012,15,瑞丰大街,000016351899631
900000172073013,16,梦想山小区,000016351899631
900000172073017,17,北京电影学院怀柔校区南门,000016351899631
900000172073018,18,怀柔花园村,000016351899631
900000172073015,19,怀柔花园村南,000016351899631
900000172073016,20,怀柔南站南广场,000016351899631
