stationId,stopNumber,stopName,lineId
110100016197002,1,丁家堡,000007444772180
110100016197003,2,田宋营,000007444772180
110100016197004,3,郎庄,000007444772180
110100016197005,4,鲁庄,000007444772180
110100016197006,5,延庆陶庄,000007444772180
110100016197007,6,东小河屯,000007444772180
110100016197008,7,延庆西辛庄,000007444772180
110100016197011,8,延庆八里庄,000007444772180
110100016197012,9,延庆孟庄,000007444772180
110100016197042,10,温泉馨苑,000007444772180
110100016197043,11,延庆三里河,000007444772180
110100016197051,12,延庆党校,000007444772180
110100016197052,13,妫水北街北,000007444772180
110100016197018,14,妫水北街南,000007444772180
110100016197019,15,川北小区南门,000007444772180
110100016197020,16,石河营,000007444772180
110100016197030,17,京张路口南,000007444772180
110100016197031,18,日上批发市场,000007444772180
110100016197046,19,延庆五中,000007444772180
110100016197047,20,湖南小区,000007444772180
110100016197048,21,延庆南菜园,000007444772180
110100016197049,22,司家营,000007444772180
110100016197050,23,延庆火车站北广场,000007444772180
