stationId,stopNumber,stopName,lineId
110100015907043,1,四惠枢纽站,000000058488480
110100015907044,2,陈家林,000000058488480
110100015907045,3,四惠东站,000000058488480
110100015907046,4,高碑店桥北,000000058488480
110100015907047,5,兴隆中街,000000058488480
110100015907048,6,兴隆家园,000000058488480
110100015907049,7,康家沟,000000058488480
110100015907009,8,朝阳路太平庄,000000058488480
110100015907010,9,民航总医院,000000058488480
110100015907050,10,朝阳路高井,000000058488480
110100015907011,11,大黄庄桥东,000000058488480
110100015907012,12,定福庄,000000058488480
110100015907051,13,第二外国语学院,000000058488480
110100015907052,14,定福庄路南口,000000058488480
110100015907014,15,褡裢坡村,000000058488480
110100015907015,16,地铁褡裢坡站,000000058488480
110100015907016,17,黄渠村,000000058488480
110100015907017,18,常营西站,000000058488480
110100015907018,19,常营,000000058488480
110100015907019,20,万象新天一区,000000058488480
110100015907020,21,万象新天三区,000000058488480
110100015907021,22,北辰福第小区,000000058488480
110100015907027,23,阳光美园北门,000000058488480
110100015907026,24,常营中路东口,000000058488480
110100015907023,25,草房西路北口,000000058488480
110100015907024,26,草房西路南口,000000058488480
