stationId,stopNumber,stopName,lineId
110100014907118,1,董村南,000000000022981
110100014907085,2,润枫领尚小区东,000000000022981
110100014907062,3,北神树东口,000000000022981
110100014907082,4,嘉创二路,000000000022981
110100014907058,5,嘉创二路路口南,000000000022981
110100014907101,6,马庄,000000000022981
110100014907102,7,定海园北,000000000022981
110100014907063,8,次渠西口,000000000022981
110100014907089,9,次渠银行,000000000022981
110100014907070,10,敬园小区,000000000022981
110100014907103,11,玉江佳园,000000000022981
110100014907108,12,次渠,000000000022981
110100014907109,13,地铁次渠站,000000000022981
110100014907122,14,次渠中学,000000000022981
110100014907083,15,西太平庄村,000000000022981
110100014907017,16,次渠水管站,000000000022981
110100014907112,17,麦庄,000000000022981
110100014907113,18,垛子,000000000022981
110100014907114,19,大地公交场站,000000000022981
110100014907115,20,北火垡,000000000022981
110100014907111,21,蒋辛庄,000000000022981
110100014907116,22,蒋辛庄村北口,000000000022981
110100014907117,23,台湖公园西门,000000000022981
110100014907087,24,台湖大街路口北,000000000022981
110100014907120,25,台湖卫生院西站,000000000022981
110100014907084,26,东亚家园,000000000022981
110100014907088,27,湖亦路,000000000022981
110100014907027,28,通州前营村,000000000022981
110100014907028,29,朱家垡村,000000000022981
110100014907095,30,铺头村,000000000022981
110100014907081,31,铺头村路口,000000000022981
110100014907031,32,万盛南街西口,000000000022981
110100014907090,33,大稿村南口,000000000022981
110100014907033,34,大稿新村,000000000022981
110100014907091,35,小稿村西口,000000000022981
110100014907035,36,旗舰凯旋小区,000000000022981
110100014907036,37,西小马,000000000022981
110100014907037,38,翠屏南里,000000000022981
110100014907038,39,蓝调沙龙小区,000000000022981
110100014907106,40,果园西,000000000022981
110100014907107,41,日光清城,000000000022981
110100014907041,42,科印小区,000000000022981
110100014907042,43,通州北苑路口南,000000000022981
