stationId,stopNumber,stopName,lineId
110100011670047,1,狼垡东桥北,000000058454741
110100011670048,2,长丰园二区,000000058454741
110100011670049,3,长丰园一区,000000058454741
110100011670050,4,公交驾校,000000058454741
110100011670054,5,芦花中路,000000058454741
110100011670052,6,芦花路,000000058454741
110100011670056,7,小葆台南,000000058454741
110100011670053,8,小葆台,000000058454741
110100011670038,9,地铁大葆台站,000000058454741
110100011670010,10,世界公园,000000058454741
110100011670011,11,田何庄,000000058454741
110100011670012,12,六圈,000000058454741
110100011670013,13,科丰桥南,000000058454741
110100011670014,14,科丰桥北,000000058454741
110100011670015,15,韩庄子南,000000058454741
110100011670016,16,看丹桥,000000058454741
110100011670017,17,正阳桥北,000000058454741
110100011670018,18,北大地,000000058454741
110100011670019,19,岔路口,000000058454741
110100011670020,20,丰台路口,000000058454741
110100011670021,21,岳各庄桥北,000000058454741
110100011670022,22,岳各庄,000000058454741
110100011670023,23,郑常庄,000000058454741
110100011670024,24,青塔,000000058454741
110100011670025,25,南沙窝桥,000000058454741
110100011670026,26,五棵松桥北,000000058454741
110100011670027,27,金沟河,000000058454741
110100011670055,28,定慧桥南,000000058454741
110100011670028,29,定慧桥东,000000058454741
110100011670029,30,定慧寺东,000000058454741
110100011670030,31,西钓鱼台,000000058454741
110100011670031,32,航天桥西,000000058454741
110100011670032,33,航天桥北,000000058454741
110100011670033,34,花园桥南,000000058454741
