stationId,stopNumber,stopName,lineId
110100015236002,1,密云汽车站,000000058465131
110100015236003,2,密云新农村,000000058465131
110100015236042,3,檀东路口站,000000058465131
110100015236004,4,长城环岛站,000000058465131
110100015236005,5,光阳小区,000000058465131
110100015236032,6,密云老城墙,000000058465131
110100015236033,7,宾阳西里,000000058465131
110100015236034,8,宾阳小区,000000058465131
110100015236039,9,宾阳北里,000000058465131
110100015236040,10,密云沙河,000000058465131
110100015236041,11,沿湖小区北门,000000058465131
110100015236037,12,密云滨河大桥,000000058465131
110100015236038,13,密云鼓楼,000000058465131
110100015236012,14,密云果园小区,000000058465131
110100015236013,15,密云西大桥,000000058465131
110100015236014,16,密云少年宫,000000058465131
110100015236015,17,太扬家园,000000058465131
110100015236025,18,万象汇橡树湾小区,000000058465131
110100015236026,19,宁村新桥站,000000058465131
110100015236016,20,太阳宫桥,000000058465131
110100015236017,21,西坝河,000000058465131
110100015236018,22,三元桥西站,000000058465131
110100015236019,23,左家庄,000000058465131
110100015236020,24,东直门枢纽站,000000058465131
