stationId,stopNumber,stopName,lineId
900000091947001,1,怀柔汽车站,000007759680931
900000091947033,2,兴怀大街东口,000007759680931
900000091947003,3,王化村,000007759680931
900000091947037,4,兴科南一街,000007759680931
900000091947030,5,兴科南二街,000007759680931
900000091947038,6,兴科南一街,000007759680931
900000091947035,7,兴科北一街,000007759680931
900000091947006,8,雁栖开发区管委会,000007759680931
900000091947007,9,乐园大街路口北,000007759680931
900000091947008,10,雁栖大街路口南,000007759680931
900000091947039,11,雁栖北二街,000007759680931
900000091947011,12,北台下,000007759680931
900000091947012,13,怀北镇,000007759680931
900000091947013,14,雁栖湖,000007759680931
900000091947014,15,怀北庄南,000007759680931
900000091947022,16,怀北庄,000007759680931
900000091947017,17,怀北庄东,000007759680931
900000091947016,18,怀柔北站,000007759680931
