stationId,stopNumber,stopName,lineId
900000086592025,1,香峪,000007755765210
900000086592035,2,香峪村,000007755765210
900000086592036,3,东杨坨,000007755765210
900000086592037,4,西杨坨,000007755765210
900000086592038,5,杨坨,000007755765210
900000086592033,6,军庄中学,000007755765210
900000086592001,7,灰峪村,000007755765210
900000086592002,8,军庄,000007755765210
900000086592003,9,曹家沟,000007755765210
900000086592004,10,三家店后街,000007755765210
900000086592005,11,三家店中街,000007755765210
900000086592006,12,龙泉宾馆,000007755765210
900000086592007,13,三家店西口,000007755765210
900000086592026,14,蓝龙小区,000007755765210
900000086592027,15,西山御园小区,000007755765210
900000086592028,16,水厂北路,000007755765210
900000086592010,17,河滩北站,000007755765210
900000086592011,18,新桥大街,000007755765210
900000086592012,19,京煤集团,000007755765210
900000086592013,20,新桥南街,000007755765210
900000086592014,21,月季园小区,000007755765210
900000086592015,22,葡萄嘴,000007755765210
900000086592016,23,葡萄嘴路口南,000007755765210
900000086592017,24,永定中学,000007755765210
900000086592018,25,冯村,000007755765210
900000086592039,26,金安路西口,000007755765210
900000086592040,27,艾洼,000007755765210
900000086592034,28,地铁上岸站,000007755765210
900000086592042,29,新泰路口,000007755765210
900000086592030,30,永上路口,000007755765210
900000086592031,31,紫上北口,000007755765210
900000086592041,32,紫上南口,000007755765210
900000086592032,33,小园公交场站,000007755765210
900000086592022,34,小园路口西,000007755765210
900000086592023,35,紫金路,000007755765210
900000086592024,36,紫金路南站,000007755765210
