stationId,stopNumber,stopName,lineId
110100014406078,1,方庄南口,000000058232870
110100014406079,2,方庄环岛南,000000058232870
110100014406080,3,方庄环岛西,000000058232870
110100014406081,4,芳古园,000000058232870
110100014406082,5,蒲黄榆,000000058232870
110100014406083,6,刘家窑桥北,000000058232870
110100014406084,7,刘家窑桥东,000000058232870
110100014406085,8,东铁营桥东,000000058232870
110100014406019,9,成寿寺路北口,000000058232870
110100014406020,10,成寿寺,000000058232870
110100014406021,11,地铁成寿寺站,000000058232870
110100014406022,12,郭家村,000000058232870
110100014406069,13,郭家村南站,000000058232870
110100014406023,14,肖村桥北,000000058232870
110100014406024,15,姚村,000000058232870
110100014406060,16,小红门路口北,000000058232870
110100014406058,17,三台山南,000000058232870
110100014406026,18,亦庄桥北,000000058232870
110100014406027,19,地铁亦庄桥站,000000058232870
110100014406028,20,贵园东里,000000058232870
110100014406046,21,新康家园,000000058232870
110100014406064,22,大雄城市花园,000000058232870
110100014406065,23,天华北街东口,000000058232870
110100014406063,24,万源街西口,000000058232870
110100014406031,25,万源街东站,000000058232870
110100014406032,26,同济北路,000000058232870
110100014406033,27,同济北路南口,000000058232870
110100014406034,28,同济中路北口,000000058232870
110100014406035,29,同济中路,000000058232870
110100014406036,30,同济中路南站,000000058232870
110100014406037,31,隆盛产业园,000000058232870
110100014406038,32,永昌南路,000000058232870
110100014406039,33,永昌南路南站,000000058232870
110100014406066,34,凉水河桥南,000000058232870
110100014406041,35,通州第二医院,000000058232870
110100014406042,36,金桥北门,000000058232870
110100014406061,37,马驹桥一号桥,000000058232870
110100014406047,38,小白村,000000058232870
110100014406067,39,温馨家园西站,000000058232870
110100014406044,40,温馨家园,000000058232870
110100014406068,41,大周易村,000000058232870
110100014406045,42,小周易村,000000058232870
