stationId,stopNumber,stopName,lineId
110100010595002,1,朝凤庵村,000000058601571
110100010595003,2,前锋学校,000000058601571
110100010595004,3,昌平东关路口南,000000058601571
110100010595005,4,宁馨苑小区南门,000000058601571
110100010595006,5,昌盛园二区东门,000000058601571
110100010595007,6,世涛天朗小区南门,000000058601571
110100010595023,7,昌盛路,000000058601571
110100010595024,8,富泉花园南门,000000058601571
110100010595010,9,白浮泉路,000000058601571
110100010595011,10,拓然家苑,000000058601571
110100010595035,11,北控,000000058601571
110100010595031,12,昌平永安路南口,000000058601571
110100010595032,13,昌平永安路,000000058601571
110100010595033,14,昌平永安里小区,000000058601571
110100010595034,15,昌平永安路北口,000000058601571
110100010595015,16,昌平公园,000000058601571
110100010595029,17,昌平南大街,000000058601571
110100010595030,18,中国政法大学(昌平),000000058601571
110100010595018,19,昌平东关,000000058601571
110100010595019,20,前锋学校,000000058601571
110100010595020,21,朝凤庵村,000000058601571
