stationId,stopNumber,stopName,lineId
110100013761002,1,木樨园,000000058335730
110100013761003,2,木樨园桥,000000058335730
110100013761034,3,木樨园桥西,000000058335730
110100013761004,4,洋桥北,000000058335730
110100013761005,5,四路通,000000058335730
110100013761006,6,陶然桥北,000000058335730
110100013761007,7,陶然亭路东口,000000058335730
110100013761008,8,陶然亭公园北门,000000058335730
110100013761009,9,自新路口东,000000058335730
110100013761010,10,半步桥,000000058335730
110100013761011,11,南樱桃园路口西,000000058335730
110100013761012,12,白纸坊,000000058335730
110100013761013,13,枣林前街路口南,000000058335730
110100013761014,14,白广路北口,000000058335730
110100013761015,15,广安门内,000000058335730
110100013761016,16,广安门北,000000058335730
110100013761017,17,天宁寺桥西,000000058335730
110100013761018,18,小马厂,000000058335730
110100013761019,19,北京西站,000000058335730
110100013761035,20,北京世纪坛医院,000000058335730
110100013761033,21,皇亭子,000000058335730
110100013761021,22,公主坟东,000000058335730
110100013761022,23,八一湖,000000058335730
110100013761023,24,航天桥南,000000058335730
110100013761024,25,航天桥西,000000058335730
110100013761025,26,西钓鱼台,000000058335730
110100013761026,27,慈寿寺桥,000000058335730
110100013761032,28,五路(北行),000000058335730
110100013761027,29,善家坟(北行),000000058335730
110100013761028,30,车道沟桥(北行),000000058335730
110100013761029,31,车道沟桥(南行),000000058335730
110100013761030,32,善家坟(南行),000000058335730
110100013761031,33,五路,000000058335730
