stationId,stopNumber,stopName,lineId
110100013702045,1,西玉河公交场站,000000058151091
110100013702048,2,西玉河,000000058151091
110100013702049,3,大牛坊,000000058151091
110100013702050,4,丰润东路,000000058151091
110100013702043,5,皇后店南路西口,000000058151091
110100013702044,6,皇后店南路,000000058151091
110100013702032,7,小牛坊,000000058151091
110100013702009,8,航天城路口西,000000058151091
110100013702010,9,辛店,000000058151091
110100013702011,10,永丰产业基地,000000058151091
110100013702012,11,永丰路口南,000000058151091
110100013702013,12,丰滢路口南,000000058151091
110100013702014,13,赵家庄,000000058151091
110100013702015,14,百旺新城,000000058151091
110100013702016,15,西北旺,000000058151091
110100013702031,16,黑山扈北口,000000058151091
110100013702017,17,黑山扈,000000058151091
110100013702018,18,国防大学,000000058151091
110100013702052,19,红山口,000000058151091
110100013702033,20,地铁北宫门站,000000058151091
110100013702020,21,坡上村,000000058151091
110100013702021,22,西苑,000000058151091
110100013702022,23,西苑医院,000000058151091
110100013702023,24,海淀公园,000000058151091
110100013702024,25,中关村东,000000058151091
110100013702025,26,中关村一街,000000058151091
