stationId,stopNumber,stopName,lineId
110100015386002,1,龙门口公交场站,000011574150741
110100015386091,2,天开寺,000011574150741
110100015386090,3,龙门口村,000011574150741
110100015386092,4,房山岳各庄西,000011574150741
110100015386093,5,五侯路口,000011574150741
110100015386005,6,五侯,000011574150741
110100015386006,7,五侯村,000011574150741
110100015386007,8,西南章,000011574150741
110100015386008,9,东南章,000011574150741
110100015386071,10,韩村河西,000011574150741
110100015386009,11,韩村河村口,000011574150741
110100015386094,12,韩村河,000011574150741
110100015386095,13,房山赵各庄南站,000011574150741
110100015386096,14,房山赵各庄,000011574150741
110100015386139,15,襄驸马庄村口,000011574150741
110100015386097,16,京熙福邸小区,000011574150741
110100015386098,17,二站村口,000011574150741
110100015386099,18,广渠门中学房山分校,000011574150741
110100015386100,19,石楼车辆段,000011574150741
110100015386101,20,石楼,000011574150741
110100015386102,21,石楼路口,000011574150741
110100015386103,22,双孝南站,000011574150741
110100015386135,23,定府辛庄村南,000011574150741
110100015386136,24,东瓜地村西,000011574150741
110100015386134,25,夏村北站,000011574150741
110100015386137,26,苏村北站,000011574150741
110100015386140,27,下坡店村西,000011574150741
110100015386141,28,二合庄,000011574150741
110100015386142,29,二合庄东口,000011574150741
110100015386143,30,南梨园南,000011574150741
110100015386144,31,南梨园,000011574150741
110100015386145,32,南梨园北,000011574150741
110100015386146,33,房山梨园东里,000011574150741
110100015386147,34,阎安中路,000011574150741
110100015386148,35,阎村镇政府,000011574150741
110100015386112,36,阎村,000011574150741
110100015386113,37,炒米店路口,000011574150741
110100015386114,38,阎村桥,000011574150741
110100015386115,39,蓝光海悦城小区,000011574150741
110100015386116,40,良乡西路,000011574150741
110100015386117,41,苏庄东街北口,000011574150741
110100015386064,42,良乡西门,000011574150741
110100015386118,43,良乡大角站,000011574150741
110100015386119,44,拱辰南大街,000011574150741
110100015386120,45,地铁良乡南关站东,000011574150741
110100015386121,46,昊天嘉园,000011574150741
110100015386122,47,瑞雪春堂,000011574150741
110100015386123,48,常庄路口,000011574150741
110100015386124,49,黑古台北,000011574150741
110100015386125,50,黑古台,000011574150741
110100015386126,51,房山白房子,000011574150741
110100015386127,52,房山小营路口,000011574150741
110100015386128,53,邢家坞路口,000011574150741
110100015386129,54,官道,000011574150741
110100015386130,55,邢家坞东站,000011574150741
110100015386131,56,邢家坞西站,000011574150741
110100015386132,57,刘丈村东,000011574150741
110100015386133,58,刘丈村,000011574150741
