stationId,stopNumber,stopName,lineId
900000158884002,1,侯各庄村,000000000022481
900000158884003,2,侯各庄路口,000000000022481
900000158884004,3,黄东仪村,000000000022481
900000158884005,4,史东仪村,000000000022481
900000158884006,5,侯东仪村,000000000022481
900000158884007,6,前东仪村,000000000022481
900000158884008,7,西集村东口,000000000022481
900000158884047,8,西集村,000000000022481
900000158884048,9,西集村西口,000000000022481
900000158884011,10,西集,000000000022481
900000158884012,11,武辛庄村,000000000022481
900000158884013,12,望君疃村,000000000022481
900000158884014,13,杜柳棵村,000000000022481
900000158884015,14,通州马坊村桥,000000000022481
900000158884016,15,通州马坊村,000000000022481
900000158884017,16,谢家楼村南,000000000022481
900000158884018,17,谢家楼村,000000000022481
900000158884019,18,小东各庄村,000000000022481
900000158884020,19,大东各庄村,000000000022481
900000158884021,20,甘棠桥西,000000000022481
900000158884022,21,曹坨村,000000000022481
900000158884023,22,大豆各庄东口,000000000022481
900000158884024,23,大豆各庄,000000000022481
900000158884025,24,小豆各庄,000000000022481
900000158884026,25,小甘棠村,000000000022481
900000158884049,26,武窑村北,000000000022481
900000158884028,27,大甘棠村,000000000022481
900000158884029,28,大甘棠村西口,000000000022481
900000158884030,29,大运河森林公园南门,000000000022481
900000158884031,30,武兴路口,000000000022481
900000158884032,31,梁各庄村,000000000022481
900000158884033,32,张辛庄村,000000000022481
900000158884034,33,张辛庄村西,000000000022481
900000158884035,34,张家湾开发区,000000000022481
900000158884036,35,北许场村,000000000022481
900000158884037,36,土桥新桥东,000000000022481
900000158884038,37,土桥欣村,000000000022481
900000158884039,38,土桥村,000000000022481
900000158884040,39,地铁土桥站,000000000022481
900000158884041,40,地铁临河里站,000000000022481
900000158884042,41,通州小街桥东,000000000022481
900000158884043,42,地铁梨园站,000000000022481
900000158884044,43,杨家洼,000000000022481
900000158884045,44,九棵树,000000000022481
900000158884046,45,地铁九棵树站,000000000022481
