stationId,stopNumber,stopName,lineId
110100015968002,1,北京西站南广场,000000058267370
110100015968003,2,莲花池,000000058267370
110100015968004,3,六里桥东,000000058267370
110100015968005,4,六里桥北里,000000058267370
110100015968006,5,莲花桥,000000058267370
110100015968007,6,莲花小区,000000058267370
110100015968008,7,金家村桥东,000000058267370
110100015968009,8,岳家楼桥东,000000058267370
110100015968010,9,南沙窝桥,000000058267370
110100015968011,10,南沙窝桥西,000000058267370
110100015968012,11,采石南路南口,000000058267370
110100015968013,12,莲玉桥东,000000058267370
110100015968048,13,莲玉桥西,000000058267370
110100015968014,14,远洋山水小区南,000000058267370
110100015968015,15,莲芳桥东,000000058267370
110100015968016,16,芳园西街南口,000000058267370
110100015968017,17,卧龙岗,000000058267370
110100015968018,18,栗园庄,000000058267370
110100015968019,19,小园村,000000058267370
110100015968020,20,石门营,000000058267370
110100015968021,21,永定镇何各庄,000000058267370
110100015968022,22,石龙工业区,000000058267370
110100015968023,23,冯村,000000058267370
110100015968024,24,永定中学,000000058267370
110100015968025,25,葡萄嘴路口南,000000058267370
110100015968026,26,葡萄嘴,000000058267370
110100015968027,27,月季园小区,000000058267370
110100015968028,28,新桥南街,000000058267370
110100015968029,29,京煤集团,000000058267370
110100015968030,30,新桥大街,000000058267370
110100015968031,31,河滩北站,000000058267370
110100015968032,32,城子,000000058267370
110100015968033,33,城子北站,000000058267370
110100015968034,34,水闸北口,000000058267370
110100015968035,35,琉璃渠,000000058267370
110100015968036,36,龙泉务,000000058267370
110100015968037,37,龙泉务北口,000000058267370
110100015968038,38,陈家庄,000000058267370
110100015968039,39,野溪,000000058267370
110100015968040,40,嬉水湾,000000058267370
110100015968041,41,陇驾庄东口,000000058267370
110100015968042,42,陇驾庄,000000058267370
110100015968043,43,陇驾庄西口,000000058267370
110100015968045,44,丁家滩,000000058267370
110100015968046,45,下苇甸村,000000058267370
110100015968047,46,下苇甸,000000058267370
