stationId,stopNumber,stopName,lineId
110100015345061,1,燕山体育馆,000011574150821
110100015345003,2,原香嘉苑,000011574150821
110100015345004,3,洪寺村,000011574150821
110100015345005,4,洪寺村口,000011574150821
110100015345006,5,山水家园,000011574150821
110100015345007,6,洪福家园,000011574150821
110100015345079,7,房山西大街,000011574150821
110100015345053,8,房山大角南,000011574150821
110100015345054,9,房山南大街,000011574150821
110100015345055,10,永安西里路口,000011574150821
110100015345056,11,房山南关,000011574150821
110100015345057,12,房山南关立交桥北,000011574150821
110100015345010,13,房山医院路口,000011574150821
110100015345011,14,房山第一医院,000011574150821
110100015345012,15,矿机北门,000011574150821
110100015345013,16,房山田各庄西,000011574150821
110100015345014,17,房山田各庄村口,000011574150821
110100015345015,18,房山田各庄,000011574150821
110100015345086,19,夏村西口,000011574150821
110100015345087,20,夏村,000011574150821
110100015345088,21,夏村南口,000011574150821
110100015345089,22,梨园店西站,000011574150821
110100015345090,23,梨园店,000011574150821
110100015345091,24,梨园店村,000011574150821
110100015345084,25,梨园店村东,000011574150821
110100015345021,26,田家园西,000011574150821
110100015345022,27,房山板桥,000011574150821
110100015345023,28,窦店卫生院,000011574150821
110100015345062,29,窦店镇政府,000011574150821
110100015345080,30,田家园小区,000011574150821
110100015345027,31,世界名园小区,000011574150821
110100015345063,32,石夏路口,000011574150821
110100015345081,33,望楚村南,000011574150821
110100015345082,34,迎宾南街北口,000011574150821
110100015345076,35,启航街,000011574150821
110100015345073,36,交道广电路口,000011574150821
110100015345078,37,交道三街西,000011574150821
110100015345034,38,交道,000011574150821
110100015345035,39,交道一街,000011574150821
110100015345036,40,六股道,000011574150821
110100015345037,41,普安屯,000011574150821
110100015345038,42,西地路口,000011574150821
110100015345039,43,房山兴隆庄,000011574150821
110100015345040,44,房山兴隆庄小学,000011574150821
110100015345041,45,两间房,000011574150821
110100015345042,46,肖场路口,000011574150821
110100015345043,47,大陶村口,000011574150821
110100015345044,48,小陶村口,000011574150821
110100015345045,49,小陶村,000011574150821
110100015345046,50,房山官庄村口,000011574150821
110100015345047,51,房山官庄,000011574150821
