stationId,stopNumber,stopName,lineId
110100014341002,1,鲁谷公交场站,000014069943880
110100014341003,2,玉泉路口西,000014069943880
110100014341004,3,玉泉路口南,000014069943880
110100014341005,4,太平路西口,000014069943880
110100014341006,5,采石路口,000014069943880
110100014341007,6,永定路南口,000014069943880
110100014341008,7,沙窝桥西,000014069943880
110100014341009,8,南沙窝桥,000014069943880
110100014341010,9,青塔,000014069943880
110100014341011,10,郑常庄,000014069943880
110100014341012,11,岳各庄,000014069943880
110100014341013,12,岳各庄桥北,000014069943880
110100014341014,13,丰台路口,000014069943880
110100014341015,14,岔路口,000014069943880
110100014341016,15,北大地,000014069943880
110100014341017,16,正阳桥北,000014069943880
110100014341048,17,看丹桥北,000014069943880
110100014341049,18,看丹桥,000014069943880
110100014341050,19,富丰桥南,000014069943880
110100014341051,20,怡海花园南门,000014069943880
110100014341052,21,花乡桥西,000014069943880
110100014341023,22,花乡桥,000014069943880
110100014341024,23,花乡桥东,000014069943880
110100014341025,24,黄土岗,000014069943880
110100014341053,25,新发地北,000014069943880
110100014341054,26,新宫村,000014069943880
110100014341055,27,地铁新宫站东,000014069943880
110100014341056,28,合顺家园,000014069943880
110100014341057,29,五爱屯,000014069943880
110100014341058,30,红房子路口东,000014069943880
110100014341059,31,新华路南口,000014069943880
110100014341060,32,三营门东,000014069943880
110100014341034,33,西洼地,000014069943880
110100014341035,34,东高地,000014069943880
110100014341036,35,万源路,000014069943880
110100014341037,36,清和园,000014069943880
110100014341038,37,吉庆庄,000014069943880
110100014341039,38,旧宫西口,000014069943880
110100014341040,39,旧宫,000014069943880
110100014341041,40,育龙家园,000014069943880
110100014341046,41,旧宫新苑,000014069943880
110100014341042,42,灵秀山庄,000014069943880
110100014341043,43,灵秀山庄东站,000014069943880
