stationId,stopNumber,stopName,lineId
110100014039002,1,丈头村,000000058515750
110100014039003,2,丈头村东,000000058515750
110100014039004,3,乃干屯西,000000058515750
110100014039005,4,乃干屯,000000058515750
110100014039006,5,昌平辛店,000000058515750
110100014039007,6,西北地村,000000058515750
110100014039025,7,奤夿屯南口,000000058515750
110100014039009,8,上念头村,000000058515750
110100014039010,9,黄瓜园村,000000058515750
110100014039011,10,百泉庄一桥西,000000058515750
110100014039012,11,百泉庄西,000000058515750
110100014039013,12,百泉庄东,000000058515750
110100014039014,13,水屯家园,000000058515750
110100014039015,14,水屯桥西,000000058515750
110100014039016,15,水屯桥北,000000058515750
110100014039017,16,水屯,000000058515750
110100014039018,17,花样年华小区,000000058515750
110100014039019,18,南环中路,000000058515750
110100014039020,19,昌平鼓楼南街南口,000000058515750
110100014039021,20,昌平公园,000000058515750
110100014039022,21,昌平鼓楼南街北口,000000058515750
110100014039023,22,昌平区医院,000000058515750
110100014039024,23,昌平北站,000000058515750
