stationId,stopNumber,stopName,lineId
110100014081002,1,地铁荣昌东街站,000000058528750
110100014081003,2,宏达南路,000000058528750
110100014081004,3,康定街西口,000000058528750
110100014081005,4,博兴三路北口,000000058528750
110100014081006,5,凉水河二街东口,000000058528750
110100014081007,6,凉水河二街,000000058528750
110100014081008,7,泰河园五里,000000058528750
110100014081009,8,泰河园二里,000000058528750
110100014081010,9,泰河园小区,000000058528750
110100014081011,10,鹿海园公交场站,000000058528750
110100014081012,11,泰河路口南,000000058528750
110100014081013,12,南海家园三里,000000058528750
110100014081014,13,南海家园二里,000000058528750
110100014081019,14,南海幼儿园,000000058528750
110100014081015,15,南海家园五里,000000058528750
110100014081016,16,南海家园六里,000000058528750
110100014081017,17,鹿海园五里东门,000000058528750
110100014081018,18,鹿海园三里,000000058528750
