stationId,stopNumber,stopName,lineId
110100016133002,1,梁根,000005815190790
110100016133051,2,上桃树,000005815190790
110100016133045,3,下桃树,000005815190790
110100016133043,4,杨树底下西,000005815190790
110100016133005,5,杨树底下,000005815190790
110100016133044,6,杨树底下东,000005815190790
110100016133006,7,二台子,000005815190790
110100016133007,8,琉璃庙镇八亩地,000005815190790
110100016133008,9,三叉,000005815190790
110100016133054,10,怀柔河北,000005815190790
110100016133055,11,琉璃庙镇阳坡,000005815190790
110100016133056,12,黄石碴,000005815190790
110100016133057,13,雁栖镇北湾,000005815190790
110100016133058,14,丁香沟,000005815190790
110100016133059,15,梨树沟门,000005815190790
110100016133060,16,雁栖镇大地,000005815190790
110100016133061,17,秋场,000005815190790
110100016133062,18,龟峰谷,000005815190790
110100016133063,19,濂泉响谷,000005815190790
110100016133064,20,八道河,000005815190790
110100016133065,21,五道河,000005815190790
110100016133066,22,交界河,000005815190790
110100016133067,23,怀柔莲花池,000005815190790
110100016133068,24,山吧,000005815190790
110100016133069,25,长园村西,000005815190790
110100016133070,26,长园,000005815190790
110100016133071,27,环坨子,000005815190790
110100016133072,28,长园小学,000005815190790
110100016133073,29,神堂峪路口,000005815190790
110100016133074,30,川谷,000005815190790
110100016133053,31,雁栖岛,000005815190790
110100016133075,32,雁栖湖国际会展中心,000005815190790
110100016133076,33,雁栖学校,000005815190790
110100016133028,34,雁栖镇,000005815190790
110100016133050,35,雁栖镇南口,000005815190790
110100016133029,36,中富乐,000005815190790
110100016133030,37,大中富乐村口,000005815190790
110100016133031,38,迎宾路北口,000005815190790
110100016133042,39,于家园一区,000005815190790
110100016133032,40,于家园,000005815190790
