stationId,stopNumber,stopName,lineId
110100015543001,1,石各庄,000000058668601
110100015543002,2,石各庄西,000000058668601
110100015543003,3,平房东口,000000058668601
110100015543004,4,平房,000000058668601
110100015543005,5,平房西口,000000058668601
110100015543006,6,姚家园西,000000058668601
110100015543007,7,姚家园西口,000000058668601
110100015543008,8,豆各庄路口西,000000058668601
110100015543009,9,朝阳公园桥东,000000058668601
110100015543010,10,朝阳公园南门,000000058668601
110100015543011,11,甜水园北里,000000058668601
110100015543012,12,金台路口南,000000058668601
110100015543013,13,红庙路口北,000000058668601
110100015543014,14,八王坟北,000000058668601
110100015543015,15,八王坟南,000000058668601
110100015543030,16,光辉桥南,000000058668601
110100015543016,17,九龙山,000000058668601
110100015543017,18,珠江帝景,000000058668601
110100015543018,19,平乐园北,000000058668601
110100015543019,20,北京工业大学北站,000000058668601
110100015543020,21,北京工业大学,000000058668601
110100015543021,22,松榆东里东门,000000058668601
110100015543022,23,松榆东里南门,000000058668601
110100015543023,24,松榆里,000000058668601
110100015543024,25,首都图书馆,000000058668601
110100015543025,26,华威南路东口,000000058668601
110100015543028,27,华威路南口,000000058668601
