stationId,stopNumber,stopName,lineId
110100016108110,1,大瓦窑公交场站,000000058448840
110100016108107,2,小郭庄,000000058448840
110100016108108,3,绿洲家园北门,000000058448840
110100016108109,4,大瓦窑西一街,000000058448840
110100016108009,5,新丰路南口,000000058448840
110100016108105,6,新丰路,000000058448840
110100016108010,7,兴源路西口,000000058448840
110100016108011,8,兴源路,000000058448840
110100016108012,9,双林苑,000000058448840
110100016108013,10,双林南路,000000058448840
110100016108014,11,双楼村,000000058448840
110100016108015,12,青塔西路南站,000000058448840
110100016108016,13,梅市口路,000000058448840
110100016108017,14,梅市口路东口,000000058448840
110100016108018,15,岳各庄,000000058448840
110100016108019,16,郑常庄,000000058448840
110100016108020,17,青塔,000000058448840
110100016108021,18,南沙窝桥,000000058448840
110100016108022,19,沙窝桥西,000000058448840
110100016108023,20,永定路南口,000000058448840
110100016108024,21,采石路口,000000058448840
110100016108025,22,石槽,000000058448840
110100016108026,23,小瓦窑,000000058448840
110100016108027,24,吴家村路东口,000000058448840
110100016108028,25,吴家村,000000058448840
110100016108029,26,吴家村路西口,000000058448840
110100016108030,27,吴庄,000000058448840
110100016108031,28,焦家坟路口南,000000058448840
110100016108032,29,永乐西小区,000000058448840
110100016108033,30,银河大街,000000058448840
110100016108034,31,京原东站,000000058448840
110100016108035,32,京原路口东,000000058448840
110100016108036,33,京原路口西,000000058448840
110100016108037,34,京燕饭店,000000058448840
110100016108038,35,八角,000000058448840
110100016108050,36,石景山古城,000000058448840
110100016108101,37,老古城,000000058448840
110100016108102,38,首钢厂东门,000000058448840
110100016108103,39,田顺庄,000000058448840
110100016108111,40,地铁北辛安站,000000058448840
110100016108104,41,北辛安,000000058448840
110100016108055,42,金安桥西,000000058448840
110100016108106,43,铸造村,000000058448840
110100016108056,44,广宁村,000000058448840
110100016108057,45,麻峪北口,000000058448840
110100016108058,46,侯庄子,000000058448840
110100016108059,47,双峪,000000058448840
110100016108060,48,京煤集团,000000058448840
110100016108061,49,新桥南街,000000058448840
110100016108062,50,月季园小区,000000058448840
110100016108063,51,葡萄嘴,000000058448840
110100016108064,52,葡萄嘴路口南,000000058448840
110100016108065,53,永定中学,000000058448840
110100016108066,54,冯村,000000058448840
110100016108112,55,冯村大桥,000000058448840
110100016108113,56,丽景长安小区北,000000058448840
110100016108114,57,冯村南口,000000058448840
110100016108115,58,冯西园,000000058448840
110100016108116,59,北岭新村,000000058448840
110100016108117,60,白道子村,000000058448840
110100016108118,61,永定镇何各庄西,000000058448840
110100016108119,62,石门营路口西,000000058448840
110100016108092,63,石门营新区,000000058448840
110100016108074,64,石厂村,000000058448840
