stationId,stopNumber,stopName,lineId
110100013982015,1,天香颐北里,000000058495411
110100013982016,2,天香颐中里,000000058495411
110100013982017,3,四季香山小区,000000058495411
110100013982003,4,小屯,000000058495411
110100013982004,5,闵庄,000000058495411
110100013982005,6,中坞,000000058495411
110100013982006,7,北营门,000000058495411
110100013982007,8,四海桥南,000000058495411
110100013982008,9,四海桥,000000058495411
110100013982009,10,火器营桥西,000000058495411
110100013982010,11,六郎庄,000000058495411
110100013982011,12,万泉河桥东,000000058495411
110100013982012,13,北京市地震局,000000058495411
110100013982013,14,海淀南路西口,000000058495411
110100013982014,15,巴沟村,000000058495411
