stationId,stopNumber,stopName,lineId
900000023367001,1,前门西,000000058270620
900000023367002,2,长椿街路口西,000000058270620
900000023367003,3,六里桥北里,000000058270620
900000023367004,4,阎村,000000058270620
900000023367018,5,紫草坞路口,000000058270620
900000023367005,6,大董村,000000058270620
900000023367006,7,大窦桥北,000000058270620
900000023367026,8,房山焦庄村东,000000058270620
900000023367007,9,房山焦庄村,000000058270620
900000023367008,10,房山桥梁厂,000000058270620
900000023367027,11,羊头岗,000000058270620
900000023367009,12,羊头岗村,000000058270620
900000023367010,13,燕化动力厂,000000058270620
900000023367011,14,燕化聚酯厂,000000058270620
900000023367012,15,燕山北庄,000000058270620
900000023367023,16,燕山换乘中心,000000058270620
900000023367019,17,燕化设计院,000000058270620
900000023367014,18,燕山东风街,000000058270620
900000023367015,19,燕山羊耳峪,000000058270620
900000023367016,20,燕山东岭,000000058270620
