stationId,stopNumber,stopName,lineId
110100015806002,1,双泉堡东,000000058485971
110100015806003,2,双泉堡,000000058485971
110100015806004,3,花虎沟南,000000058485971
110100015806005,4,融域嘉园,000000058485971
110100015806006,5,京师园北门,000000058485971
110100015806007,6,倚林佳园东门,000000058485971
110100015806008,7,澳林春天小区,000000058485971
110100015806009,8,林萃路口北,000000058485971
110100015806010,9,奥运村西,000000058485971
110100015806011,10,南沟泥河,000000058485971
110100015806012,11,国家会议中心,000000058485971
110100015806013,12,国家体育馆,000000058485971
110100015806014,13,北辰西桥北,000000058485971
110100015806015,14,北辰西桥南,000000058485971
110100015806016,15,华严里,000000058485971
110100015806017,16,健德门东,000000058485971
110100015806018,17,健德门西,000000058485971
110100015806019,18,牡丹园东,000000058485971
110100015806020,19,牡丹园,000000058485971
110100015806027,20,北太平桥北,000000058485971
110100015806021,21,北太平桥南,000000058485971
110100015806022,22,铁狮子坟,000000058485971
110100015806023,23,北京师范大学,000000058485971
110100015806024,24,北京师范大学南门,000000058485971
110100015806026,25,杏坛路南口,000000058485971
110100015806025,26,杏坛路,000000058485971
