stationId,stopNumber,stopName,lineId
110100015178002,1,丽园路公交场站,000009468027990
110100015178003,2,丽园路西口,000009468027990
110100015178004,3,枣园路西口,000009468027990
110100015178078,4,金地仰山西区,000009468027990
110100015178061,5,康盛园小区北,000009468027990
110100015178006,6,康盛园小区东,000009468027990
110100015178007,7,骏城小区,000009468027990
110100015178008,8,北京八中大兴分校,000009468027990
110100015178009,9,康和园小区南,000009468027990
110100015178010,10,洪村,000009468027990
110100015178011,11,大兴小营,000009468027990
110100015178012,12,兴华园,000009468027990
110100015178013,13,清源西里,000009468027990
110100015178014,14,黄村公园,000009468027990
110100015178015,15,化纤俱乐部,000009468027990
110100015178062,16,大兴区医院,000009468027990
110100015178017,17,大兴影剧院,000009468027990
110100015178018,18,黄村东大街东口,000009468027990
110100015178019,19,黄村东大街东口南,000009468027990
110100015178020,20,兴政街东口,000009468027990
110100015178021,21,大兴桥东,000009468027990
110100015178022,22,海子角北口,000009468027990
110100015178023,23,刘村,000009468027990
110100015178024,24,孙村桥,000009468027990
110100015178025,25,磁各庄桥南,000009468027990
110100015178026,26,西磁各庄,000009468027990
110100015178027,27,侯村,000009468027990
110100015178074,28,侯村南,000009468027990
110100015178028,29,桂郭路口南,000009468027990
110100015178029,30,西芦垡村,000009468027990
110100015178030,31,魏善庄开发区,000009468027990
110100015178031,32,魏善庄,000009468027990
110100015178032,33,魏善庄村,000009468027990
110100015178033,34,大兴王各庄,000009468027990
110100015178034,35,伊庄,000009468027990
110100015178035,36,高庄,000009468027990
110100015178036,37,大兴沙子营,000009468027990
110100015178077,38,青云店西站(临时站),000009468027990
110100015178079,39,青云店东站,000009468027990
110100015178040,40,东店,000009468027990
110100015178041,41,鲍新庄北口,000009468027990
110100015178042,42,马凤岗,000009468027990
110100015178080,43,西杭子,000009468027990
110100015178043,44,公和庄,000009468027990
110100015178044,45,永和庄,000009468027990
110100015178045,46,朱庄,000009468027990
110100015178046,47,西一村,000009468027990
110100015178047,48,采育,000009468027990
110100015178066,49,采育中街,000009468027990
110100015178067,50,采育东街,000009468027990
110100015178068,51,福源路口,000009468027990
110100015178057,52,育星苑小区,000009468027990
110100015178058,53,波尔多小区,000009468027990
110100015178048,54,采育南口,000009468027990
110100015178070,55,采育公交场站,000009468027990
