stationId,stopNumber,stopName,lineId
110100014610018,1,清河火车站,000011531333771
110100014610002,2,清河火车站西广场,000011531333771
110100014610003,3,上地四街东口,000011531333771
110100014610004,4,上地桥东,000011531333771
110100014610005,5,安宁庄西路,000011531333771
110100014610006,6,当代城市家园,000011531333771
110100014610007,7,安宁庄路,000011531333771
110100014610008,8,安宁庄东路北口,000011531333771
110100014610009,9,西三旗桥西,000011531333771
110100014610010,10,西三旗桥东,000011531333771
110100014610011,11,邮政研究院,000011531333771
110100014610012,12,育新小区北口,000011531333771
110100014610013,13,地铁育新站,000011531333771
110100014610014,14,新都,000011531333771
110100014610015,15,枫丹丽舍小区南,000011531333771
110100014610016,16,新都东站,000011531333771
