stationId,stopNumber,stopName,lineId
900000083559010,1,地铁大兴新城站,000006955771871
900000083559014,2,广仁街南口,000006955771871
900000083559013,3,福礼路,000006955771871
900000083559011,4,福礼路西口,000006955771871
900000083559012,5,团河苑小区,000006955771871
900000083559001,6,首座御园,000006955771871
900000083559002,7,新居里北口,000006955771871
900000083559003,8,新居里,000006955771871
900000083559004,9,新安里,000006955771871
900000083559005,10,团河路西口,000006955771871
900000083559006,11,清源路东口,000006955771871
900000083559007,12,黄村镇政府,000006955771871
900000083559008,13,清源西里南门,000006955771871
900000083559009,14,清源西路,000006955771871
