stationId,stopNumber,stopName,lineId
110100013223002,1,大北窑南,000000058225240
110100013223003,2,玉带河西街西口,000000058225240
110100013223004,3,旅游新村小区,000000058225240
110100013223005,4,后南仓,000000058225240
110100013223006,5,潞河医院路口西,000000058225240
110100013223007,6,潞河医院路口东,000000058225240
110100013223008,7,通州车站路口西,000000058225240
110100013223009,8,通州南关西,000000058225240
110100013223010,9,北小园,000000058225240
110100013223011,10,西上园,000000058225240
110100013223012,11,东上园,000000058225240
110100013223013,12,运河明珠家园,000000058225240
110100013223054,13,运河湾小区(临时站),000000058225240
110100013223055,14,通州杨坨桥西(临时站),000000058225240
110100013223056,15,地铁郝家府站(临时站),000000058225240
110100013223037,16,辛安屯村,000000058225240
110100013223036,17,胡各庄新村西,000000058225240
110100013223035,18,胡各庄新村,000000058225240
110100013223034,19,后北营,000000058225240
110100013223042,20,召里南,000000058225240
110100013223023,21,召里,000000058225240
110100013223024,22,丁各庄,000000058225240
110100013223025,23,前夏邢各庄,000000058225240
110100013223026,24,后夏公庄,000000058225240
110100013223027,25,宋庄,000000058225240
110100013223048,26,小堡南街,000000058225240
110100013223047,27,小堡商业广场,000000058225240
110100013223049,28,小堡北街,000000058225240
110100013223050,29,小堡环岛,000000058225240
110100013223051,30,小堡艺术东区,000000058225240
110100013223052,31,宋庄美术馆,000000058225240
110100013223033,32,佰富苑,000000058225240
