stationId,stopNumber,stopName,lineId
900000024381020,1,恩济西街南站,000000058265961
900000024381001,2,恩济里小区,000000058265961
900000024381021,3,恩济东街南口,000000058265961
900000024381002,4,定慧寺南,000000058265961
900000024381003,5,北沙沟,000000058265961
900000024381004,6,沙沟路口北,000000058265961
900000024381005,7,沙沟路口东,000000058265961
900000024381006,8,万寿路口西,000000058265961
900000024381007,9,翠微路口,000000058265961
900000024381008,10,公主坟西,000000058265961
900000024381009,11,公主坟南,000000058265961
900000024381010,12,北京西站,000000058265961
900000024381011,13,广莲路,000000058265961
900000024381012,14,湾子路口南,000000058265961
900000024381013,15,马连道西里,000000058265961
900000024381014,16,马连道,000000058265961
900000024381015,17,马连道南口,000000058265961
900000024381016,18,红莲南路,000000058265961
900000024381017,19,红莲南里,000000058265961
