stationId,stopNumber,stopName,lineId
900000048463001,1,东夏园路口北,000000000022890
900000048463025,2,前北营,000000000022890
900000048463021,3,后北营,000000000022890
900000048463004,4,召里,000000000022890
900000048463005,5,丁各庄,000000000022890
900000048463006,6,前夏邢各庄,000000000022890
900000048463008,7,后夏公庄,000000000022890
900000048463009,8,宋庄,000000000022890
900000048463010,9,小堡村南口,000000000022890
900000048463011,10,小堡南街,000000000022890
900000048463012,11,小堡商业广场,000000000022890
900000048463013,12,小堡北街,000000000022890
900000048463019,13,小堡环岛,000000000022890
900000048463014,14,小堡艺术东区,000000000022890
900000048463018,15,树美术馆,000000000022890
900000048463023,16,兴惠艺术园区,000000000022890
