stationId,stopNumber,stopName,lineId
110100014273002,1,海淀中街,000000058203710
110100014273003,2,海淀黄庄北,000000058203710
110100014273004,3,中关村南,000000058203710
110100014273005,4,中关村北,000000058203710
110100014273006,5,中关园,000000058203710
110100014273007,6,中关园北站,000000058203710
110100014273008,7,清华大学西门,000000058203710
110100014273009,8,圆明园东路,000000058203710
110100014273010,9,清华附中,000000058203710
110100014273011,10,圆明园东门,000000058203710
110100014273012,11,北京体育大学,000000058203710
110100014273013,12,正白旗,000000058203710
110100014273014,13,上地南口,000000058203710
110100014273015,14,上地南路,000000058203710
110100014273016,15,地铁上地站,000000058203710
110100014273017,16,上地桥西,000000058203710
110100014273018,17,上地桥东,000000058203710
110100014273019,18,安宁庄西路,000000058203710
110100014273020,19,安宁庄前街,000000058203710
110100014273021,20,安宁庄前街东口,000000058203710
110100014273022,21,安宁里南站,000000058203710
110100014273023,22,安宁里,000000058203710
110100014273024,23,西三旗桥西,000000058203710
110100014273025,24,西三旗桥北,000000058203710
110100014273027,25,回龙观桥北,000000058203710
110100014273028,26,新龙城,000000058203710
110100014273046,27,回龙观医院北,000000058203710
110100014273029,28,新龙城东站,000000058203710
110100014273030,29,吉晟别墅,000000058203710
110100014273031,30,龙博苑三区,000000058203710
110100014273032,31,东村家园东门,000000058203710
110100014273043,32,文华路南口,000000058203710
110100014273033,33,新康园北区北门,000000058203710
110100014273034,34,地铁霍营站,000000058203710
110100014273047,35,地铁霍营站东,000000058203710
110100014273048,36,华龙苑南里北门,000000058203710
110100014273049,37,华龙苑中里,000000058203710
110100014273050,38,上坡佳园西门,000000058203710
110100014273051,39,龙锦三街,000000058203710
110100014273052,40,和谐家园一区南门,000000058203710
110100014273045,41,和谐家园一区西门,000000058203710
110100014273053,42,龙锦苑一区西门,000000058203710
110100014273042,43,龙锦苑公交场站,000000058203710
