stationId,stopNumber,stopName,lineId
110100011326002,1,南口西站,000000058263241
110100011326003,2,南口,000000058263241
110100011326004,3,南口东站,000000058263241
110100011326005,4,南口东街,000000058263241
110100011326006,5,南口路口东,000000058263241
110100011326007,6,红泥沟,000000058263241
110100011326008,7,陈庄,000000058263241
110100011326009,8,昌平旧县,000000058263241
110100011326010,9,邓庄,000000058263241
110100011326011,10,昌平西关环岛西,000000058263241
110100011326012,11,昌平西关,000000058263241
110100011326013,12,西环南路,000000058263241
110100011326014,13,水屯,000000058263241
110100011326015,14,水屯桥南,000000058263241
110100011326016,15,沙河北大桥,000000058263241
110100011326017,16,沙河,000000058263241
110100011326024,17,西三旗桥南,000000058263241
110100011326019,18,马甸桥南,000000058263241
110100011326022,19,德胜门西,000000058263241
