stationId,stopNumber,stopName,lineId
110100016023002,1,朝凤庵村,000000058281331
110100016023003,2,昌平东关路口北,000000058281331
110100016023060,3,昌平东关,000000058281331
110100016023004,4,中国政法大学(昌平),000000058281331
110100016023005,5,燕平家园,000000058281331
110100016023006,6,东环北路,000000058281331
110100016023007,7,东环北路北口,000000058281331
110100016023080,8,昌平北站,000000058281331
110100016023052,9,昌平北站西,000000058281331
110100016023009,10,北环西路,000000058281331
110100016023010,11,西环北路,000000058281331
110100016023011,12,天泽苑小区,000000058281331
110100016023012,13,西环中路,000000058281331
110100016023013,14,西环南路,000000058281331
110100016023014,15,水屯,000000058281331
110100016023015,16,水屯桥南,000000058281331
110100016023016,17,白浮,000000058281331
110100016023017,18,西沙屯,000000058281331
110100016023018,19,小寨,000000058281331
110100016023019,20,满井,000000058281331
110100016023020,21,路庄桥南,000000058281331
110100016023021,22,沙河北大桥,000000058281331
110100016023022,23,沙河,000000058281331
110100016023023,24,沙河南大桥,000000058281331
110100016023024,25,碧水庄园,000000058281331
110100016023025,26,定福皇庄,000000058281331
110100016023026,27,定泗桥东,000000058281331
110100016023027,28,定泗路西站,000000058281331
110100016023053,29,昌平豆各庄路南口,000000058281331
110100016023028,30,豆各庄新村西,000000058281331
110100016023029,31,豆各庄新村,000000058281331
110100016023065,32,七里渠西桥,000000058281331
110100016023066,33,七里渠,000000058281331
110100016023067,34,七里渠东,000000058281331
110100016023068,35,白各庄西,000000058281331
110100016023069,36,白各庄,000000058281331
110100016023070,37,白各庄村委会,000000058281331
110100016023071,38,宏福苑小区西,000000058281331
110100016023072,39,宏福苑小区,000000058281331
110100016023073,40,宏福苑小区东,000000058281331
110100016023074,41,西沙各庄西,000000058281331
110100016023075,42,西沙各庄,000000058281331
110100016023076,43,西沙各庄东,000000058281331
110100016023077,44,冠雅苑,000000058281331
110100016023078,45,平坊,000000058281331
110100016023079,46,平坊南,000000058281331
110100016023040,47,平西王府路口南,000000058281331
110100016023041,48,东三旗,000000058281331
110100016023042,49,天通苑北枢纽站,000000058281331
