stationId,stopNumber,stopName,lineId
900000049357001,1,房山南关,000011574150630
900000049357002,2,房山中医医院,000011574150630
900000049357003,3,房山南大街,000011574150630
900000049357004,4,房山大角南,000011574150630
900000049357005,5,仓房小区,000011574150630
900000049357006,6,房山北大街,000011574150630
900000049357007,7,万宁桥,000011574150630
900000049357008,8,房山北关,000011574150630
900000049357009,9,地铁房山城关站,000011574150630
900000049357010,10,房山体育场,000011574150630
900000049357011,11,房山东大桥,000011574150630
900000049357013,12,饶乐府,000011574150630
900000049357014,13,城关街道办事处,000011574150630
900000049357015,14,房山马各庄,000011574150630
900000049357016,15,大于路北口,000011574150630
900000049357017,16,大石河,000011574150630
900000049357018,17,大董村,000011574150630
900000049357019,18,绿城百合路口,000011574150630
900000049357020,19,紫草坞路口,000011574150630
900000049357021,20,阎村,000011574150630
900000049357022,21,炒米店路口,000011574150630
900000049357023,22,阎村桥,000011574150630
900000049357024,23,苏庄西街南口,000011574150630
900000049357025,24,地铁苏庄站,000011574150630
900000049357026,25,苏庄东街南口,000011574150630
900000049357027,26,房山区政府第二办公区,000011574150630
900000049357028,27,地铁良乡南关站西,000011574150630
900000049357029,28,西潞南大街,000011574150630
900000049357030,29,良乡西门,000011574150630
900000049357031,30,良乡大角,000011574150630
900000049357032,31,良乡医院,000011574150630
900000049357033,32,良乡北关,000011574150630
900000049357035,33,行宫南门路口,000011574150630
900000049357036,34,送变电公司路口西,000011574150630
900000049357037,35,黄辛庄路口,000011574150630
900000049357038,36,长阳碧桂园,000011574150630
900000049357039,37,昊天北桥南,000011574150630
900000049357040,38,昊天北桥东,000011574150630
900000049357041,39,篱笆房,000011574150630
900000049357042,40,军留庄,000011574150630
900000049357043,41,地铁长阳站,000011574150630
900000049357050,42,长政南街,000011574150630
900000049357049,43,怡和路,000011574150630
900000049357046,44,徜徉墅小区,000011574150630
900000049357048,45,半岛广场西,000011574150630
