stationId,stopNumber,stopName,lineId
900000028905001,1,建欣苑北,000000058613571
900000028905002,2,建欣苑,000000058613571
900000028905003,3,大李窑,000000058613571
900000028905016,4,西马场,000000058613571
900000028905004,5,西马场北口,000000058613571
900000028905005,6,马家堡东口,000000058613571
900000028905006,7,洋桥北,000000058613571
900000028905007,8,四路通,000000058613571
900000028905008,9,陶然桥北,000000058613571
900000028905009,10,陶然亭路东口,000000058613571
900000028905010,11,陶然亭公园北门,000000058613571
900000028905011,12,自新路口东,000000058613571
900000028905012,13,自新路口北,000000058613571
900000028905013,14,南横街路口北,000000058613571
900000028905014,15,菜市口西,000000058613571
900000028905015,16,牛街,000000058613571
