stationId,stopNumber,stopName,lineId
110100011748034,1,雁栖开发区公交场站,000004341109870
110100011748035,2,牤牛河西路北,000004341109870
110100011748032,3,牤牛河西路,000004341109870
110100011748004,4,怀柔一职,000004341109870
110100011748020,5,雁栖大街东站,000004341109870
110100011748023,6,雁栖东二路路口东,000004341109870
110100011748033,7,雁栖东一路南口,000004341109870
110100011748024,8,雁栖大街路口东,000004341109870
110100011748025,9,雁栖大街路口西,000004341109870
110100011748026,10,栖美园小区,000004341109870
110100011748027,11,雁栖大街西口,000004341109870
110100011748019,12,雁栖镇北口,000004341109870
110100011748028,13,雁栖镇,000004341109870
110100011748030,14,雁栖镇医院,000004341109870
110100011748029,15,雁栖中心路北站,000004341109870
110100011748031,16,光织谷,000004341109870
110100011748014,17,中富乐,000004341109870
110100011748043,18,大中富乐村口,000004341109870
110100011748044,19,迎宾路北口,000004341109870
110100011748045,20,于家园一区,000004341109870
110100011748018,21,于家园,000004341109870
