stationId,stopNumber,stopName,lineId
110100011730068,1,亮马厂西口,000000058473030
110100011730069,2,黄杉木店,000000058473030
110100011730071,3,青年路口西,000000058473030
110100011730072,4,十里堡北里,000000058473030
110100011730073,5,石佛营路南口,000000058473030
110100011730074,6,石佛营路,000000058473030
110100011730075,7,石佛营东里,000000058473030
110100011730076,8,豆各庄路口南,000000058473030
110100011730035,9,豆各庄,000000058473030
110100011730064,10,星火西路,000000058473030
110100011730065,11,星火西路北站,000000058473030
110100011730036,12,南十里居,000000058473030
110100011730037,13,南十里居北站,000000058473030
110100011730039,14,酒仙桥中心小学,000000058473030
110100011730040,15,酒仙桥,000000058473030
110100011730041,16,将台路口北,000000058473030
110100011730042,17,陈各庄,000000058473030
110100011730043,18,王爷坟,000000058473030
110100011730044,19,大山子路口南,000000058473030
110100011730045,20,大山桥北,000000058473030
110100011730046,21,望京街西口,000000058473030
110100011730047,22,宏昌路,000000058473030
110100011730048,23,望京花园,000000058473030
110100011730049,24,望京科技创业园,000000058473030
110100011730050,25,广顺桥南,000000058473030
110100011730051,26,来广营路口南,000000058473030
110100011730066,27,善各庄西,000000058473030
110100011730067,28,望京火车站,000000058473030
110100011730052,29,善各庄,000000058473030
110100011730061,30,地铁崔各庄站,000000058473030
110100011730053,31,崔各庄,000000058473030
110100011730055,32,崔各庄东,000000058473030
110100011730056,33,马南里,000000058473030
110100011730077,34,观唐东路,000000058473030
110100011730057,35,马泉营村南口,000000058473030
110100011730058,36,香苇路西站,000000058473030
110100011730062,37,康清路北站,000000058473030
110100011730063,38,康营西路北口,000000058473030
110100011730060,39,孙河公交场站,000000058473030
