stationId,stopNumber,stopName,lineId
900000112544001,1,斋堂公交场站,000009506237611
900000112544020,2,斋堂,000009506237611
900000112544021,3,斋堂西口,000009506237611
900000112544019,4,西斋堂,000009506237611
900000112544005,5,爨底下路口,000009506237611
900000112544006,6,高铺,000009506237611
900000112544007,7,达摩口,000009506237611
900000112544008,8,下清水,000009506237611
900000112544009,9,清水,000009506237611
900000112544010,10,上清水,000009506237611
900000112544011,11,清水镇新村,000009506237611
900000112544012,12,清水镇政府,000009506237611
900000112544013,13,百花山路口,000009506237611
900000112544014,14,梁家铺,000009506237611
900000112544015,15,塔河村,000009506237611
900000112544018,16,龙王口,000009506237611
900000112544017,17,黄安村,000009506237611
