stationId,stopNumber,stopName,lineId
110100013314001,1,北京站东,000000058174250
110100013314002,2,崇文门西,000000058174250
110100013314003,3,台基厂路口西,000000058174250
110100013314004,4,正义路,000000058174250
110100013314005,5,前门东,000000058174250
110100013314006,6,前门,000000058174250
110100013314007,7,大栅栏,000000058174250
110100013314048,8,珠市口南,000000058174250
110100013314009,9,天桥,000000058174250
110100013314010,10,天坛西门,000000058174250
110100013314011,11,先农坛,000000058174250
110100013314012,12,永定门内,000000058174250
110100013314013,13,沙子口,000000058174250
110100013314014,14,木樨园桥北,000000058174250
110100013314046,15,地铁海户屯站,000000058174250
110100013314015,16,南苑路果园,000000058174250
110100013314016,17,大红门西里,000000058174250
110100013314017,18,大红门桥北,000000058174250
110100013314018,19,久敬庄,000000058174250
110100013314019,20,和义农场,000000058174250
110100013314034,21,和义南站,000000058174250
110100013314021,22,三营门,000000058174250
110100013314022,23,西洼地,000000058174250
110100013314023,24,东高地,000000058174250
110100013314024,25,万源路,000000058174250
110100013314038,26,清和园,000000058174250
110100013314039,27,吉庆庄,000000058174250
110100013314040,28,旧宫西口,000000058174250
110100013314041,29,旧宫,000000058174250
110100013314042,30,旧宫东口,000000058174250
110100013314043,31,宣颐家园南门,000000058174250
110100013314044,32,科技路,000000058174250
110100013314045,33,润星家园,000000058174250
110100013314033,34,成和园小区,000000058174250
