stationId,stopNumber,stopName,lineId
900000063300001,1,汤河口,000004341214761
900000063300017,2,汤河口十字街,000004341214761
900000063300018,3,汤河口镇政府,000004341214761
900000063300004,4,古石沟门,000004341214761
900000063300005,5,东黄梁,000004341214761
900000063300016,6,卜营,000004341214761
900000063300019,7,三道沟门,000004341214761
900000063300006,8,兰营,000004341214761
900000063300007,9,王四沟门,000004341214761
900000063300008,10,老西沟门,000004341214761
900000063300009,11,长哨营,000004341214761
900000063300010,12,杨树湾,000004341214761
900000063300011,13,二道河东沟,000004341214761
900000063300012,14,长哨营乡三岔口,000004341214761
900000063300013,15,怀柔北石门,000004341214761
900000063300020,16,大庙,000004341214761
900000063300015,17,长哨营乡大地,000004341214761
