stationId,stopNumber,stopName,lineId
900000067871001,1,苏庄大街,000005562252821
900000067871002,2,苏庄中路,000005562252821
900000067871003,3,苏庄东街北口,000005562252821
900000067871004,4,良乡西门,000005562252821
900000067871013,5,良乡大角,000005562252821
900000067871005,6,良乡东关路口北,000005562252821
900000067871006,7,昊天温泉家园,000005562252821
900000067871007,8,良乡火车站路口,000005562252821
900000067871014,9,送变电公司南,000005562252821
900000067871008,10,送变电公司,000005562252821
900000067871009,11,黄辛庄路口,000005562252821
900000067871010,12,长阳碧桂园,000005562252821
900000067871011,13,昊天北桥南,000005562252821
900000067871012,14,六里桥东,000005562252821
