stationId,stopNumber,stopName,lineId
900000076505040,1,坨堤村,000000000022881
900000076505043,2,高营村,000000000022881
900000076505044,3,样田村,000000000022881
900000076505045,4,南火垡村南,000000000022881
900000076505050,5,陆辛庄学校,000000000022881
900000076505051,6,陆辛庄村,000000000022881
900000076505052,7,陆辛庄村东口,000000000022881
900000076505042,8,北大化村,000000000022881
900000076505048,9,潞关村,000000000022881
900000076505030,10,三间房村,000000000022881
900000076505031,11,齐善庄南站,000000000022881
900000076505032,12,齐善庄,000000000022881
900000076505033,13,牌楼营村,000000000022881
900000076505053,14,祥和乐园小区,000000000022881
900000076505054,15,张家湾,000000000022881
900000076505055,16,太玉园小区,000000000022881
900000076505056,17,太玉园北口,000000000022881
900000076505038,18,巨星桥北,000000000022881
900000076505057,19,土桥村,000000000022881
900000076505015,20,地铁土桥站,000000000022881
900000076505025,21,地铁临河里站,000000000022881
900000076505026,22,通州小街桥东,000000000022881
900000076505018,23,地铁梨园站,000000000022881
900000076505019,24,杨家洼,000000000022881
900000076505020,25,九棵树,000000000022881
900000076505021,26,地铁九棵树站,000000000022881
