stationId,stopNumber,stopName,lineId
900000076507001,1,响水湖,000007588681220
900000076507002,2,云岭,000007588681220
900000076507003,3,马方台,000007588681220
900000076507004,4,闫家,000007588681220
900000076507046,5,大王早峪,000007588681220
900000076507058,6,达子营(临时站),000007588681220
900000076507047,7,小王早峪,000007588681220
900000076507048,8,响水湖路口,000007588681220
900000076507049,9,南冶村北,000007588681220
900000076507050,10,南冶,000007588681220
900000076507006,11,南冶村东,000007588681220
900000076507007,12,渤海镇政府,000007588681220
900000076507051,13,沙峪村西,000007588681220
900000076507008,14,沙峪,000007588681220
900000076507052,15,沙峪村东,000007588681220
900000076507026,16,景峪路口,000007588681220
900000076507009,17,白木,000007588681220
900000076507027,18,渤海卫生院,000007588681220
900000076507031,19,渤海所路口,000007588681220
900000076507053,20,渤海所,000007588681220
900000076507032,21,渤海所东,000007588681220
900000076507033,22,渤海所小学,000007588681220
900000076507034,23,得水湾西,000007588681220
900000076507035,24,得水湾,000007588681220
900000076507036,25,辛营,000007588681220
900000076507037,26,慕田峪环岛,000007588681220
900000076507038,27,苇店北,000007588681220
900000076507039,28,苇店,000007588681220
900000076507040,29,苇店南,000007588681220
900000076507041,30,马道峪北,000007588681220
900000076507042,31,马道峪,000007588681220
900000076507043,32,马道峪南,000007588681220
900000076507044,33,花台子,000007588681220
900000076507054,34,三渡河,000007588681220
900000076507055,35,三渡河村口,000007588681220
900000076507028,36,三亩园,000007588681220
900000076507018,37,关渡河,000007588681220
900000076507019,38,口头,000007588681220
900000076507057,39,军营路口,000007588681220
900000076507056,40,西三村口,000007588681220
900000076507029,41,小东庄,000007588681220
900000076507021,42,郭家坞,000007588681220
900000076507022,43,怀柔北大街,000007588681220
900000076507023,44,怀柔学管中心,000007588681220
900000076507024,45,于家园一区,000007588681220
900000076507025,46,于家园,000007588681220
