stationId,stopNumber,stopName,lineId
110100016233070,1,西太平北站,000009990965200
110100016233002,2,西太平,000009990965200
110100016233003,3,西太平南站,000009990965200
110100016233054,4,东太平南站(东行),000009990965200
110100016233004,5,东太平村口,000009990965200
110100016233005,6,东太平南站(西行),000009990965200
110100016233006,7,两峪口,000009990965200
110100016233007,8,卧龙窟窿湖,000009990965200
110100016233008,9,卧龙郭里片,000009990965200
110100016233009,10,卧龙苏家沟,000009990965200
110100016233010,11,卧龙村,000009990965200
110100016233011,12,卧龙黄花塌,000009990965200
110100016233012,13,六合路口,000009990965200
110100016233013,14,马安,000009990965200
110100016233014,15,西石片,000009990965200
110100016233015,16,东石片,000009990965200
110100016233016,17,十渡蜂儿峪,000009990965200
110100016233017,18,十渡中心小学,000009990965200
110100016233018,19,十渡北站,000009990965200
110100016233047,20,十渡南站,000009990965200
110100016233020,21,九渡,000009990965200
110100016233021,22,八渡,000009990965200
110100016233022,23,七渡,000009990965200
110100016233023,24,六渡,000009990965200
110100016233055,25,五渡,000009990965200
110100016233025,26,四渡,000009990965200
110100016233056,27,三渡,000009990965200
110100016233057,28,二渡,000009990965200
110100016233028,29,一渡,000009990965200
110100016233071,30,一渡南,000009990965200
110100016233058,31,片上村,000009990965200
110100016233059,32,下寺路口,000009990965200
110100016233031,33,张坊镇政府,000009990965200
110100016233072,34,张坊公交场站,000009990965200
110100016233032,35,张坊村,000009990965200
110100016233060,36,房山史各庄村,000009990965200
110100016233073,37,西白岱西,000009990965200
110100016233074,38,西白岱,000009990965200
110100016233062,39,南白岱,000009990965200
110100016233063,40,广禄庄,000009990965200
110100016233064,41,塔照,000009990965200
110100016233065,42,南尚乐,000009990965200
110100016233066,43,北尚乐,000009990965200
110100016233049,44,黑天桥,000009990965200
110100016233067,45,大石窝镇辛庄,000009990965200
110100016233068,46,房山王庄道口,000009990965200
110100016233052,47,石窝,000009990965200
110100016233069,48,大石窝公交场站,000009990965200
