stationId,stopNumber,stopName,lineId
110100015738002,1,黄南苑小区,000000058150640
110100015738003,2,苹果园南路东站,000000058150640
110100015738004,3,苹果园中学,000000058150640
110100015738005,4,苹果园东,000000058150640
110100015738006,5,地铁苹果园站,000000058150640
110100015738007,6,金顶南路,000000058150640
110100015738008,7,石景山,000000058150640
110100015738009,8,首钢小区,000000058150640
110100015738010,9,模式口西里,000000058150640
110100015738011,10,高井路口西,000000058150640
110100015738012,11,石景山高井,000000058150640
110100015738014,12,石府路西,000000058150640
110100015738015,13,石府路东,000000058150640
110100015738013,14,石府路,000000058150640
