stationId,stopNumber,stopName,lineId
900000037149010,1,龙门台路口,000011574150470
900000037149011,2,何家台,000011574150470
900000037149012,3,庄户台西,000011574150470
900000037149013,4,庄户台,000011574150470
900000037149014,5,鱼骨寺路口,000011574150470
900000037149015,6,台港沟路口,000011574150470
900000037149016,7,南直河,000011574150470
900000037149017,8,任家台,000011574150470
900000037149018,9,王家台,000011574150470
900000037149112,10,王家台东,000011574150470
900000037149019,11,三江堰,000011574150470
900000037149020,12,石板台西,000011574150470
900000037149021,13,石板台,000011574150470
900000037149022,14,郑家台西,000011574150470
900000037149023,15,郑家台东,000011574150470
900000037149024,16,四合北站,000011574150470
900000037149025,17,四合南站,000011574150470
900000037149026,18,霞云岭,000011574150470
900000037149027,19,霞云岭小学,000011574150470
900000037149028,20,下河,000011574150470
900000037149029,21,凉水泉路口,000011574150470
900000037149030,22,凉水泉,000011574150470
900000037149031,23,上石堡,000011574150470
900000037149032,24,立台岭,000011574150470
900000037149033,25,中石堡,000011574150470
900000037149034,26,下石堡,000011574150470
900000037149035,27,下石堡北,000011574150470
900000037149036,28,沙湖南,000011574150470
900000037149037,29,沙湖,000011574150470
900000037149113,30,佛子庄乡土洞,000011574150470
900000037149038,31,贾峪口,000011574150470
900000037149039,32,贾峪口东,000011574150470
900000037149100,33,六马堂桥南,000011574150470
900000037149040,34,房山石板房路口,000011574150470
900000037149041,35,大港,000011574150470
900000037149042,36,山川,000011574150470
900000037149043,37,房山五道河,000011574150470
900000037149044,38,房山四道河,000011574150470
900000037149045,39,房山二道河,000011574150470
900000037149046,40,长操北,000011574150470
900000037149125,41,长操,000011574150470
900000037149048,42,红煤厂路口,000011574150470
900000037149049,43,南窖路口,000011574150470
900000037149050,44,西大地,000011574150470
900000037149106,45,佛子庄西口,000011574150470
900000037149107,46,佛子庄桥,000011574150470
900000037149108,47,银狐洞路口,000011574150470
900000037149053,48,佛子庄乡南河,000011574150470
900000037149054,49,黑龙关,000011574150470
900000037149055,50,佛子庄乡政府,000011574150470
900000037149056,51,班各庄,000011574150470
900000037149057,52,陈家台,000011574150470
900000037149128,53,陈家台东,000011574150470
900000037149101,54,辛庄检查站,000011574150470
