stationId,stopNumber,stopName,lineId
900000156921001,1,鸿博家园二期东,000013896323130
900000156921002,2,鸿博家园一期西,000013896323130
900000156921003,3,鸿博家园一期东,000013896323130
900000156921004,4,鸿博东路,000013896323130
900000156921005,5,牌坊村东口,000013896323130
900000156921006,6,小红门牌坊村,000013896323130
900000156921007,7,鸿博家园,000013896323130
900000156921008,8,三台山北,000013896323130
900000156921009,9,小红门路口东,000013896323130
900000156921010,10,小红门路口北,000013896323130
900000156921011,11,姚村,000013896323130
900000156921012,12,肖村桥北,000013896323130
900000156921013,13,郭家村南站,000013896323130
900000156921014,14,郭家村,000013896323130
900000156921015,15,地铁成寿寺站,000013896323130
