stationId,stopNumber,stopName,lineId
110100010648002,1,亮马桥,000000058489110
110100010648003,2,燕莎桥南,000000058489110
110100010648004,3,燕莎桥东,000000058489110
110100010648024,4,天泽路,000000058489110
110100010648006,5,五里沟,000000058489110
110100010648007,6,肖君庙,000000058489110
110100010648008,7,芳园南里西区,000000058489110
110100010648009,8,芳园南里,000000058489110
110100010648010,9,将台路口东,000000058489110
110100010648011,10,将台路东站,000000058489110
110100010648012,11,酒仙桥东路南口,000000058489110
110100010648013,12,酒仙桥东路北口,000000058489110
110100010648026,13,孙家村南,000000058489110
110100010648025,14,孙家村,000000058489110
110100010648018,15,北京电机总厂,000000058489110
110100010648019,16,彩虹路,000000058489110
110100010648020,17,望京公园,000000058489110
110100010648021,18,草场地,000000058489110
110100010648022,19,南皋西站,000000058489110
110100010648023,20,南皋,000000058489110
