stationId,stopNumber,stopName,lineId
900000118393001,1,于家园,000010012776331
900000118393002,2,下元,000010012776331
900000118393003,3,兴怀大街东口,000010012776331
900000118393004,4,怀柔渔场,000010012776331
900000118393020,5,翡翠华庭小区,000010012776331
900000118393005,6,唐自口,000010012776331
900000118393016,7,唐自口南,000010012776331
900000118393015,8,杨宋开发区,000010012776331
900000118393006,9,杨宋镇政府,000010012776331
900000118393024,10,安乐路,000010012776331
900000118393021,11,北京电影学院怀柔校区南门,000010012776331
900000118393009,12,怀柔花园村,000010012776331
900000118393014,13,怀柔花园村南,000010012776331
900000118393019,14,怀柔南站南广场,000010012776331
900000118393010,15,怀柔太平庄,000010012776331
900000118393017,16,怀柔太平庄北,000010012776331
900000118393018,17,怀柔张各庄西,000010012776331
900000118393011,18,怀柔张各庄,000010012776331
900000118393012,19,耿辛庄,000010012776331
