stationId,stopNumber,stopName,lineId
110100011953029,1,开发区交通服务中心,000013324636601
110100011953003,2,隆盛产业园,000013324636601
110100011953004,3,永昌中路,000013324636601
110100011953005,4,永昌中路北口,000013324636601
110100011953028,5,永昌北路南口,000013324636601
110100011953007,6,永昌北路,000013324636601
110100011953008,7,永昌工业园,000013324636601
110100011953009,8,永昌北路北口,000013324636601
110100011953010,9,经网路,000013324636601
110100011953011,10,地铁亦庄文化园站,000013324636601
110100011953012,11,天华西路北口,000013324636601
110100011953013,12,大雄城市花园,000013324636601
110100011953014,13,天华东路,000013324636601
110100011953015,14,博大公园,000013324636601
110100011953016,15,博大大厦,000013324636601
110100011953026,16,天宝园六里,000013324636601
110100011953017,17,天宝中路,000013324636601
110100011953018,18,天宝南街,000013324636601
110100011953019,19,天宝西路南口,000013324636601
110100011953020,20,地盛西路,000013324636601
110100011953021,21,地盛北街,000013324636601
110100011953022,22,地泽北街,000013324636601
110100011953023,23,宏达中路南站,000013324636601
110100011953027,24,开发区交通服务中心,000013324636601
