stationId,stopNumber,stopName,lineId
110100015547037,1,天通北苑,000000058669221
110100015547038,2,天通东苑三区北站,000000058669221
110100015547055,3,天通东苑三区,000000058669221
110100015547040,4,天通东苑二区北门,000000058669221
110100015547041,5,天通东苑一区,000000058669221
110100015547042,6,天通苑塔楼,000000058669221
110100015547043,7,天通中苑东区,000000058669221
110100015547044,8,天通中苑西区,000000058669221
110100015547051,9,天通苑街心花园北站,000000058669221
110100015547045,10,天通苑街心花园,000000058669221
110100015547046,11,天通苑四区西门,000000058669221
110100015547047,12,清苑路北口,000000058669221
110100015547048,13,润泽庄园小区,000000058669221
110100015547049,14,悦溪小区,000000058669221
110100015547050,15,清河营中街,000000058669221
110100015547002,16,地铁北苑站,000000058669221
110100015547003,17,北苑家园,000000058669221
110100015547004,18,北苑家园西站,000000058669221
110100015547005,19,大羊坊东站,000000058669221
110100015547006,20,大羊坊,000000058669221
110100015547007,21,北苑,000000058669221
110100015547008,22,辛店村,000000058669221
110100015547009,23,北苑路大屯北站,000000058669221
110100015547052,24,地铁大屯路东站,000000058669221
110100015547010,25,北苑路大屯,000000058669221
110100015547053,26,秀园,000000058669221
110100015547054,27,炎黄艺术馆,000000058669221
110100015547013,28,安慧桥北,000000058669221
110100015547014,29,安慧桥东,000000058669221
110100015547015,30,惠新东桥西,000000058669221
110100015547016,31,惠新东桥南,000000058669221
110100015547017,32,对外经贸大学,000000058669221
110100015547018,33,中日医院,000000058669221
110100015547021,34,和平东桥,000000058669221
