stationId,stopNumber,stopName,lineId
110100016111059,1,大瓦窑公交场站,000000058450790
110100016111060,2,张仪村南站,000000058450790
110100016111061,3,张仪村,000000058450790
110100016111062,4,张仪村北站,000000058450790
110100016111063,5,吴庄南,000000058450790
110100016111064,6,莲芳东桥南,000000058450790
110100016111008,7,莲芳东桥北,000000058450790
110100016111043,8,远洋山水小区西,000000058450790
110100016111010,9,地铁八宝山站,000000058450790
110100016111045,10,老山南路东口,000000058450790
110100016111051,11,田上路口西,000000058450790
110100016111011,12,建西苑南里,000000058450790
110100016111012,13,晋元庄,000000058450790
110100016111013,14,晋元桥南,000000058450790
110100016111014,15,北方工业大学,000000058450790
110100016111015,16,首钢医院,000000058450790
110100016111016,17,黄南苑小区,000000058450790
110100016111052,18,苹果园南路东站,000000058450790
110100016111017,19,苹果园中学,000000058450790
110100016111018,20,苹果园东,000000058450790
110100016111019,21,苹果园路东口,000000058450790
110100016111020,22,地铁苹果园站北,000000058450790
110100016111021,23,金顶街三区,000000058450790
110100016111022,24,金顶街五区,000000058450790
110100016111023,25,金顶路西口,000000058450790
110100016111024,26,石景山,000000058450790
110100016111025,27,首钢小区,000000058450790
110100016111026,28,模式口西里,000000058450790
110100016111027,29,高井路口南,000000058450790
110100016111028,30,电厂路,000000058450790
110100016111029,31,麻峪北口,000000058450790
110100016111040,32,双峪桥,000000058450790
110100016111030,33,侯庄子,000000058450790
110100016111031,34,双峪,000000058450790
110100016111032,35,新桥大街,000000058450790
110100016111033,36,河滩北站,000000058450790
110100016111034,37,城子,000000058450790
110100016111035,38,城子北站,000000058450790
110100016111036,39,东老店,000000058450790
110100016111047,40,西老店,000000058450790
110100016111048,41,铁四局,000000058450790
110100016111049,42,三家店火车站,000000058450790
110100016111058,43,西老店公交场站,000000058450790
