stationId,stopNumber,stopName,lineId
900000085205001,1,英才南三街东口,000007172450001
900000085205002,2,鲁疃嘉园南区,000007172450001
900000085205003,3,蓬莱苑南街,000007172450001
900000085205004,4,岭上村东站,000007172450001
900000085205005,5,沟自头村东站,000007172450001
900000085205006,6,沟自头村,000007172450001
900000085205007,7,岭上西路,000007172450001
900000085205018,8,岭上西路北口,000007172450001
900000085205008,9,沟自头北口,000007172450001
900000085205009,10,东二旗村,000007172450001
900000085205010,11,北七家,000007172450001
900000085205011,12,北七家工业园区,000007172450001
900000085205012,13,望都家园,000007172450001
900000085205013,14,北七家西口,000007172450001
900000085205014,15,平坊,000007172450001
900000085205015,16,平西王府路口南,000007172450001
900000085205016,17,东三旗,000007172450001
900000085205017,18,天通苑北枢纽站,000007172450001
