stationId,stopNumber,stopName,lineId
900000048250001,1,朝凤庵村,000003674449340
900000048250002,2,前锋学校,000003674449340
900000048250003,3,昌平东关,000003674449340
900000048250004,4,亢山广场,000003674449340
900000048250005,5,松园小区西门,000003674449340
900000048250006,6,中国政法大学北门(昌平),000003674449340
900000048250007,7,昌平一中,000003674449340
900000048250008,8,东环北路,000003674449340
900000048250009,9,东环北路北口,000003674449340
900000048250033,10,中山口路,000003674449340
900000048250011,11,仙人洞村,000003674449340
900000048250012,12,南新村北口,000003674449340
900000048250013,13,长陵园,000003674449340
900000048250014,14,长陵园村北,000003674449340
900000048250015,15,胡庄路口西,000003674449340
900000048250016,16,十三陵镇政府,000003674449340
900000048250017,17,泰陵园村东,000003674449340
900000048250018,18,康陵园村东,000003674449340
900000048250019,19,大宫门村西,000003674449340
900000048250038,20,涧头村东,000003674449340
900000048250037,21,涧头村委会,000003674449340
900000048250039,22,涧头村西,000003674449340
900000048250036,23,地铁昌平西山口站,000003674449340
900000048250022,24,北京大学昌平校区,000003674449340
900000048250023,25,昌平太平庄,000003674449340
900000048250024,26,北京警察学院,000003674449340
900000048250025,27,辛力庄,000003674449340
900000048250026,28,陈庄桥北,000003674449340
900000048250027,29,陈庄,000003674449340
900000048250028,30,红泥沟,000003674449340
900000048250035,31,南口路口南,000003674449340
900000048250029,32,南口东街,000003674449340
900000048250030,33,南口东站,000003674449340
900000048250031,34,南口,000003674449340
900000048250032,35,南口西站,000003674449340
