stationId,stopNumber,stopName,lineId
110100014628053,1,清河火车站,000011531333880
110100014628055,2,上地七街路口东,000011531333880
110100014628047,3,软件园南站,000011531333880
110100014628035,4,东北旺,000011531333880
110100014628036,5,东北旺西,000011531333880
110100014628037,6,软件园西区,000011531333880
110100014628046,7,东北旺西路北口,000011531333880
110100014628038,8,土井东,000011531333880
110100014628039,9,唐家岭新城,000011531333880
110100014628048,10,航天城南站,000011531333880
110100014628041,11,航天城,000011531333880
110100014628049,12,航天城北站,000011531333880
110100014628043,13,小牛坊南,000011531333880
110100014628029,14,小牛坊桥东,000011531333880
110100014628050,15,史各庄公交场站,000011531333880
