stationId,stopNumber,stopName,lineId
900000093697036,1,神驹村公交场站,000000000022581
900000093697001,2,神驹村北口,000000000022581
900000093697058,3,柏福路口,000000000022581
900000093697038,4,大松垡村南口,000000000022581
900000093697003,5,大松垡路口,000000000022581
900000093697004,6,大松垡村,000000000022581
900000093697039,7,大松垡村北口,000000000022581
900000093697040,8,小松垡村,000000000022581
900000093697059,9,小松垡村北口,000000000022581
900000093697060,10,大杜社村口,000000000022581
900000093697061,11,大杜社路口,000000000022581
900000093697045,12,大杜社村,000000000022581
900000093697042,13,陵园路口,000000000022581
900000093697043,14,东田阳,000000000022581
900000093697062,15,东田阳村西,000000000022581
900000093697012,16,东田阳西口,000000000022581
900000093697013,17,牛坊路口,000000000022581
900000093697014,18,西田阳,000000000022581
900000093697015,19,史村,000000000022581
900000093697052,20,小周易村,000000000022581
900000093697053,21,大周易村,000000000022581
900000093697054,22,漷马路口,000000000022581
900000093697055,23,留民营路口,000000000022581
900000093697018,24,西店环岛,000000000022581
900000093697019,25,马驹桥商业街,000000000022581
900000093697020,26,马驹桥邮局,000000000022581
900000093697021,27,马驹桥北门口,000000000022581
900000093697022,28,马驹桥新桥,000000000022581
900000093697023,29,永昌南路南站,000000000022581
900000093697024,30,永昌南路,000000000022581
900000093697035,31,隆盛产业园,000000000022581
900000093697028,32,锦绣街东站,000000000022581
900000093697029,33,同济中路,000000000022581
900000093697030,34,同济中路北口,000000000022581
900000093697031,35,同济北路南口,000000000022581
900000093697032,36,同济北路,000000000022581
900000093697033,37,万源街东站,000000000022581
900000093697034,38,万源街西口,000000000022581
