stationId,stopNumber,stopName,lineId
900000088512001,1,于家园,000005815190801
900000088512089,2,于家园一区,000005815190801
900000088512090,3,迎宾路北口,000005815190801
900000088512091,4,大中富乐村口,000005815190801
900000088512005,5,中富乐,000005815190801
900000088512092,6,雁栖镇南口,000005815190801
900000088512006,7,雁栖镇,000005815190801
900000088512093,8,雁栖镇北口,000005815190801
900000088512094,9,顶秀美泉小镇,000005815190801
900000088512007,10,北台下,000005815190801
900000088512008,11,怀北镇,000005815190801
900000088512009,12,雁栖湖,000005815190801
900000088512095,13,怀北庄南,000005815190801
900000088512010,14,怀北庄,000005815190801
900000088512096,15,河防口南,000005815190801
900000088512097,16,河防口,000005815190801
900000088512011,17,青龙峡道口,000005815190801
900000088512012,18,九谷口,000005815190801
900000088512078,19,冷水峪,000005815190801
900000088512079,20,干河峪,000005815190801
900000088512080,21,石门山,000005815190801
900000088512013,22,峪道河,000005815190801
900000088512014,23,怀北镇北台子南,000005815190801
900000088512098,24,怀北镇北台子,000005815190801
900000088512081,25,椴树岭南,000005815190801
900000088512015,26,椴树岭,000005815190801
900000088512016,27,怀北镇八亩地,000005815190801
900000088512074,28,怀北镇八亩地北,000005815190801
900000088512017,29,幽谷神潭,000005815190801
900000088512018,30,怀北镇黄土梁,000005815190801
900000088512082,31,刘家店,000005815190801
900000088512019,32,后山铺,000005815190801
900000088512020,33,七道沟,000005815190801
900000088512021,34,梧桐豪,000005815190801
900000088512022,35,柏查子,000005815190801
900000088512083,36,怀柔龙泉峪,000005815190801
900000088512084,37,四道沟,000005815190801
900000088512023,38,南台,000005815190801
900000088512024,39,琉璃庙,000005815190801
900000088512085,40,琉璃庙北,000005815190801
900000088512025,41,琉璃庙镇转山子,000005815190801
900000088512026,42,安洲坝,000005815190801
900000088512099,43,水碾子,000005815190801
900000088512027,44,前安岭,000005815190801
900000088512029,45,怀柔马圈,000005815190801
900000088512086,46,怀柔马圈北,000005815190801
900000088512087,47,后安岭路口,000005815190801
900000088512030,48,小黄塘,000005815190801
900000088512075,49,大黄塘南,000005815190801
900000088512031,50,大黄塘,000005815190801
900000088512076,51,大黄塘北,000005815190801
900000088512032,52,汤河口,000005815190801
900000088512033,53,庄户沟门,000005815190801
900000088512034,54,东帽湾,000005815190801
900000088512035,55,西帽湾,000005815190801
900000088512100,56,大榆树沟门,000005815190801
900000088512101,57,小黑柳沟门,000005815190801
900000088512036,58,鸽子堂,000005815190801
900000088512037,59,大河东,000005815190801
900000088512102,60,转年后沟,000005815190801
900000088512038,61,转年,000005815190801
900000088512103,62,小河东,000005815190801
900000088512039,63,杨树下,000005815190801
900000088512088,64,怀柔下营新村,000005815190801
900000088512104,65,怀柔下营东,000005815190801
900000088512040,66,怀柔下营,000005815190801
900000088512105,67,宝山寺东,000005815190801
900000088512041,68,宝山寺,000005815190801
900000088512042,69,养鱼池,000005815190801
900000088512106,70,老道沟门,000005815190801
900000088512043,71,山嘴沟门,000005815190801
900000088512044,72,超梁子,000005815190801
900000088512045,73,宝山镇北台,000005815190801
900000088512046,74,对石,000005815190801
900000088512047,75,宝山镇山嘴,000005815190801
900000088512048,76,西黄梁,000005815190801
900000088512049,77,西银沟,000005815190801
900000088512050,78,交界牌,000005815190801
900000088512051,79,宝山镇下湾子,000005815190801
900000088512052,80,姜村,000005815190801
900000088512053,81,小三块石,000005815190801
900000088512054,82,三块石,000005815190801
900000088512055,83,蔡树甸,000005815190801
900000088512107,84,怀柔河西,000005815190801
900000088512057,85,碾子,000005815190801
900000088512058,86,石片,000005815190801
900000088512059,87,宝山镇南湾子,000005815190801
900000088512060,88,四窝铺,000005815190801
900000088512061,89,怀柔大石窑,000005815190801
900000088512108,90,怀柔大石窑西,000005815190801
900000088512062,91,松树台子,000005815190801
900000088512063,92,南苇沟,000005815190801
900000088512064,93,北苇沟,000005815190801
900000088512065,94,宝山镇阳坡,000005815190801
900000088512066,95,道德坑,000005815190801
900000088512077,96,四道河,000005815190801
