stationId,stopNumber,stopName,lineId
900000039932001,1,地铁天宫院站,000004341213780
900000039932002,2,兆丰桥,000004341213780
900000039932003,3,汇林南街,000004341213780
900000039932004,4,汇林南街东站,000004341213780
900000039932005,5,狼各庄,000004341213780
900000039932006,6,西庄开发区,000004341213780
900000039932045,7,前大营新村,000004341213780
900000039932044,8,兴隆庄村西,000004341213780
900000039932009,9,东枣林村,000004341213780
900000039932010,10,三顺庄,000004341213780
900000039932011,11,大兴陈各庄路口,000004341213780
900000039932012,12,岳家务村,000004341213780
900000039932013,13,东大路口,000004341213780
900000039932014,14,大兴半壁店西站,000004341213780
900000039932015,15,大兴半壁店北站,000004341213780
900000039932016,16,大兴半壁店村,000004341213780
900000039932017,17,西沙窝村北,000004341213780
900000039932037,18,东沙窝村东口,000004341213780
900000039932019,19,龙头村,000004341213780
900000039932020,20,大兴王庄东口,000004341213780
900000039932021,21,东段家务,000004341213780
900000039932022,22,伍各庄村西,000004341213780
900000039932035,23,小马坊村,000004341213780
900000039932039,24,小马坊村南站,000004341213780
900000039932038,25,礼贤镇中心卫生院,000004341213780
900000039932042,26,礼贤民族中学,000004341213780
900000039932043,27,礼贤家园,000004341213780
