stationId,stopNumber,stopName,lineId
110100014482002,1,南彩汽车站,000000058249681
110100014482003,2,河北村,000000058249681
110100014482004,3,俸伯小学,000000058249681
110100014482081,4,南彩派出所,000000058249681
110100014482005,5,俸伯,000000058249681
110100014482006,6,地铁俸伯站,000000058249681
110100014482007,7,顺义东大桥,000000058249681
110100014482008,8,顺义电视台,000000058249681
110100014482009,9,东风小学,000000058249681
110100014482010,10,顺义医院,000000058249681
110100014482011,11,便民街东口,000000058249681
110100014482012,12,双兴小区,000000058249681
110100014482013,13,双兴桥,000000058249681
110100014482014,14,牛栏山一中实验学校,000000058249681
110100014482015,15,龙苑别墅,000000058249681
110100014482080,16,大营,000000058249681
110100014482016,17,乡村赛马场,000000058249681
110100014482044,18,金宝花园南区,000000058249681
110100014482017,19,金宝花园北区,000000058249681
110100014482045,20,香悦四季小区,000000058249681
110100014482048,21,花溪渡小区,000000058249681
110100014482049,22,顺丰大街,000000058249681
110100014482018,23,西丰乐,000000058249681
110100014482019,24,西丰乐北口,000000058249681
110100014482046,25,恒华街,000000058249681
110100014482020,26,牛栏山小区,000000058249681
110100014482021,27,牛栏山东口,000000058249681
110100014482022,28,牛栏山,000000058249681
110100014482023,29,牛栏山路口,000000058249681
110100014482050,30,范各庄,000000058249681
110100014482024,31,西陈各庄东,000000058249681
110100014482025,32,西陈各庄,000000058249681
110100014482026,33,赵全营东口,000000058249681
110100014482027,34,赵全营,000000058249681
110100014482028,35,北郎中,000000058249681
110100014482029,36,北郎中西口,000000058249681
110100014482030,37,电木厂,000000058249681
110100014482047,38,绿友园,000000058249681
110100014482031,39,板桥,000000058249681
110100014482072,40,悦树汇花园,000000058249681
110100014482073,41,板桥新苑南门,000000058249681
110100014482032,42,板桥西口,000000058249681
110100014482074,43,解放村桥东,000000058249681
110100014482070,44,河庄,000000058249681
110100014482071,45,燕华营,000000058249681
110100014482060,46,下西市南,000000058249681
110100014482061,47,西赵各庄,000000058249681
110100014482062,48,昌平半壁店,000000058249681
110100014482063,49,秦家屯,000000058249681
110100014482064,50,上苑,000000058249681
110100014482065,51,西新城村,000000058249681
110100014482066,52,桃峪山庄,000000058249681
110100014482077,53,桃林村,000000058249681
110100014482078,54,兴寿东站,000000058249681
110100014482068,55,兴寿北站,000000058249681
