stationId,stopNumber,stopName,lineId
110100016194058,1,西沟里,000000058699210
110100016194059,2,西沟外,000000058699210
110100016194023,3,四海,000000058699210
110100016194060,4,天门关,000000058699210
110100016194024,5,大胜岭,000000058699210
110100016194025,6,四海南湾,000000058699210
110100016194026,7,王顺沟路口,000000058699210
110100016194027,8,黑汉岭,000000058699210
110100016194072,9,大吉祥,000000058699210
110100016194073,10,小吉祥,000000058699210
110100016194030,11,红果寺,000000058699210
110100016194031,12,周四沟,000000058699210
110100016194091,13,周四沟村西,000000058699210
110100016194033,14,大观头,000000058699210
110100016194034,15,小观头,000000058699210
110100016194035,16,山南沟,000000058699210
110100016194076,17,刘斌堡村东,000000058699210
110100016194074,18,刘斌堡东站,000000058699210
110100016194054,19,刘斌堡,000000058699210
110100016194075,20,刘斌堡西站,000000058699210
110100016194056,21,永新堡,000000058699210
110100016194057,22,延庆狮子营,000000058699210
110100016194041,23,永宁,000000058699210
110100016194042,24,永宁车站,000000058699210
110100016194077,25,永宁西关,000000058699210
110100016194061,26,三里墩,000000058699210
110100016194078,27,新华营,000000058699210
110100016194062,28,新华营西,000000058699210
110100016194063,29,吴坊营村东,000000058699210
110100016194064,30,吴坊营东站,000000058699210
110100016194079,31,吴坊营,000000058699210
110100016194080,32,西小庄科,000000058699210
110100016194081,33,香村营,000000058699210
110100016194065,34,香村营西站,000000058699210
110100016194048,35,北老君堂路口,000000058699210
110100016194066,36,兴安堡路口,000000058699210
110100016194082,37,魏家营,000000058699210
110100016194067,38,连家营,000000058699210
110100016194068,39,沈家营,000000058699210
110100016194083,40,沈家营镇政府,000000058699210
110100016194069,41,新合营,000000058699210
110100016194070,42,八里店东口,000000058699210
110100016194084,43,八里店,000000058699210
110100016194085,44,延庆八中,000000058699210
110100016194071,45,延庆东桥东,000000058699210
110100016194086,46,京张路口东,000000058699210
110100016194087,47,石河营,000000058699210
110100016194088,48,川北小区南门,000000058699210
110100016194089,49,延庆东关,000000058699210
110100016194090,50,延庆南菜园,000000058699210
