stationId,stopNumber,stopName,lineId
110100013964002,1,小屯西路南口,000000058482120
110100013964003,2,小屯西路,000000058482120
110100013964004,3,兴源路,000000058482120
110100013964005,4,梅市口南站,000000058482120
110100013964006,5,梅市口,000000058482120
110100013964007,6,曹家坟,000000058482120
110100013964008,7,小瓦窑,000000058482120
110100013964009,8,石槽,000000058482120
110100013964011,9,玉泉路口南,000000058482120
110100013964028,10,玉泉路口北,000000058482120
110100013964012,11,正大路西口,000000058482120
110100013964013,12,航天中心医院,000000058482120
110100013964014,13,金沟河路西口,000000058482120
110100013964015,14,玉海园南口,000000058482120
110100013964016,15,玉海园东门,000000058482120
110100013964031,16,阜永路口西,000000058482120
110100013964017,17,定慧桥西,000000058482120
110100013964018,18,定慧桥南,000000058482120
110100013964019,19,定慧桥北,000000058482120
110100013964020,20,定慧北桥,000000058482120
110100013964032,21,地铁海淀五路居站,000000058482120
110100013964033,22,五路居南街南口,000000058482120
110100013964034,23,五路居南街,000000058482120
110100013964035,24,五福路,000000058482120
110100013964036,25,彰化路,000000058482120
110100013964037,26,金庄,000000058482120
