stationId,stopNumber,stopName,lineId
110100015402080,1,篱笆房客运站,000008611405970
110100015402069,2,地铁广阳城站北,000008611405970
110100015402003,3,碧波园,000008611405970
110100015402004,4,天骄俊园小区,000008611405970
110100015402005,5,长阳一村,000008611405970
110100015402051,6,原香小镇,000008611405970
110100015402070,7,黄辛庄路口,000008611405970
110100015402007,8,送变电公司路口西,000008611405970
110100015402008,9,行宫南门路口,000008611405970
110100015402063,10,良乡北关,000008611405970
110100015402068,11,良乡医院,000008611405970
110100015402074,12,良乡大角,000008611405970
110100015402012,13,拱辰南大街,000008611405970
110100015402053,14,地铁良乡南关站东,000008611405970
110100015402014,15,昊天嘉园,000008611405970
110100015402015,16,地铁良乡大学城西站,000008611405970
110100015402016,17,东羊庄,000008611405970
110100015402077,18,燕保大学城家园,000008611405970
110100015402079,19,理工睿府,000008611405970
110100015402017,20,地铁良乡大学城站,000008611405970
110100015402078,21,地铁良乡大学城站东,000008611405970
110100015402065,22,知兴东路,000008611405970
110100015402076,23,燕保阜盛家园,000008611405970
110100015402020,24,燕保阜盛家园南门,000008611405970
110100015402021,25,葫芦垡,000008611405970
110100015402022,26,葫芦垡中学,000008611405970
110100015402071,27,夏场北站,000008611405970
110100015402024,28,夏场南站,000008611405970
110100015402025,29,佛满村,000008611405970
110100015402026,30,房山赵庄村口,000008611405970
110100015402072,31,公议庄北口,000008611405970
110100015402027,32,公议庄,000008611405970
110100015402028,33,赵营路口,000008611405970
110100015402029,34,西场路口,000008611405970
110100015402030,35,任营村,000008611405970
110100015402031,36,任场路口,000008611405970
110100015402032,37,万里村北站,000008611405970
110100015402033,38,万里村,000008611405970
110100015402034,39,万里村南站,000008611405970
110100015402035,40,房山窑上,000008611405970
110100015402081,41,房山窑上西,000008611405970
110100015402082,42,大陶村,000008611405970
110100015402083,43,小陶村口,000008611405970
110100015402084,44,小陶村,000008611405970
110100015402085,45,房山官庄村口,000008611405970
110100015402086,46,琉璃河镇辛庄,000008611405970
110100015402087,47,鲍庄北站,000008611405970
110100015402088,48,鲍庄,000008611405970
110100015402044,49,五间房,000008611405970
110100015402045,50,陶营路口,000008611405970
110100015402046,51,韩营农场,000008611405970
110100015402047,52,房山韩营,000008611405970
