stationId,stopNumber,stopName,lineId
110100016001018,1,土桥村,000000058273810
110100016001012,2,土桥欣村,000000058273810
110100016001003,3,张家湾开发区,000000058273810
110100016001013,4,梁各庄村,000000058273810
110100016001025,5,大运河森林公园南门,000000058273810
110100016001014,6,大甘棠村,000000058273810
110100016001019,7,武窑村北,000000058273810
110100016001015,8,小甘棠村,000000058273810
110100016001023,9,小豆各庄,000000058273810
110100016001024,10,大豆各庄,000000058273810
110100016001016,11,曹坨村,000000058273810
110100016001026,12,甘棠桥西,000000058273810
110100016001004,13,甘棠,000000058273810
110100016001020,14,贾武路口东,000000058273810
110100016001017,15,兴各庄,000000058273810
110100016001006,16,友谊大桥东,000000058273810
110100016001021,17,潮白馨居,000000058273810
110100016001022,18,侯谭路口,000000058273810
110100016001007,19,幸福港湾路口,000000058273810
110100016001008,20,潮白新城规划馆,000000058273810
110100016001009,21,潮白河滨河大道,000000058273810
110100016001010,22,潮白河英国宫小区,000000058273810
110100016001027,23,汇景园小区,000000058273810
110100016001011,24,潮白河孔雀城,000000058273810
