stationId,stopNumber,stopName,lineId
110100011288002,1,航天桥北,000000058250121
110100011288003,2,花园桥南,000000058250121
110100011288004,3,花园桥东,000000058250121
110100011288005,4,老虎庙,000000058250121
110100011288006,5,外文印刷厂,000000058250121
110100011288007,6,白石桥南,000000058250121
110100011288008,7,国家图书馆,000000058250121
110100011288009,8,中央民族大学,000000058250121
110100011288010,9,大慧寺路西口,000000058250121
110100011288011,10,大慧寺路东口,000000058250121
110100011288012,11,大柳树北站,000000058250121
110100011288013,12,皂君东里,000000058250121
110100011288014,13,联想桥南,000000058250121
110100011288015,14,白塔庵南,000000058250121
110100011288016,15,白塔庵,000000058250121
110100011288017,16,白塔庵北,000000058250121
110100011288018,17,保福寺桥南,000000058250121
110100011288019,18,保福寺桥北,000000058250121
110100011288020,19,东升园,000000058250121
110100011288021,20,五道口,000000058250121
110100011288022,21,北京语言大学,000000058250121
110100011288023,22,中国地质大学,000000058250121
110100011288024,23,北京科技大学北门,000000058250121
110100011288025,24,志新路,000000058250121
110100011288026,25,安翔北路,000000058250121
110100011288027,26,安翔北路东口,000000058250121
110100011288028,27,国家体育馆,000000058250121
