stationId,stopNumber,stopName,lineId
900000105415013,1,善缘街北口,000008932455240
900000105415016,2,海淀北一街,000008932455240
900000105415014,3,善缘街,000008932455240
900000105415001,4,北京市地震局,000008932455240
900000105415015,5,海淀桥南,000008932455240
900000105415002,6,昊天北桥南,000008932455240
900000105415003,7,长阳碧桂园,000008932455240
900000105415004,8,黄辛庄路口,000008932455240
900000105415005,9,送变电公司路口西,000008932455240
900000105415006,10,行宫南门路口,000008932455240
900000105415007,11,良乡北关,000008932455240
900000105415008,12,良乡医院,000008932455240
900000105415009,13,良乡大角,000008932455240
900000105415010,14,地铁良乡南关站,000008932455240
900000105415011,15,地铁苏庄站,000008932455240
