stationId,stopNumber,stopName,lineId
900000133249001,1,大峪南路小区,000011395522291
900000133249002,2,西山艺境小区,000011395522291
900000133249003,3,桃园小区,000011395522291
900000133249004,4,葡萄嘴,000011395522291
900000133249005,5,惠康嘉园北口,000011395522291
900000133249006,6,新城大街北口,000011395522291
900000133249007,7,新华路口,000011395522291
900000133249008,8,新石路口,000011395522291
900000133249009,9,上岸北站,000011395522291
900000133249010,10,上岸,000011395522291
900000133249011,11,上岸东站,000011395522291
900000133249012,12,增盛庄,000011395522291
900000133249013,13,老古城,000011395522291
900000133249014,14,石景山古城,000011395522291
