stationId,stopNumber,stopName,lineId
110100011395002,1,土井村西口,000000058272911
110100011395004,2,土井村南口,000000058272911
110100011395056,3,夏霖园,000000058272911
110100011395057,4,秋露园,000000058272911
110100011395058,5,中海枫涟山庄东门,000000058272911
110100011395005,6,中海枫涟山庄北门,000000058272911
110100011395006,7,百旺新城,000000058272911
110100011395059,8,后厂村路西口,000000058272911
110100011395060,9,后厂村路,000000058272911
110100011395061,10,后厂村东,000000058272911
110100011395062,11,东北旺西路北口,000000058272911
110100011395063,12,软件园西区,000000058272911
110100011395064,13,东北旺西,000000058272911
110100011395065,14,东北旺,000000058272911
110100011395066,15,软件园南站,000000058272911
110100011395067,16,上地七街,000000058272911
110100011395068,17,上地五街,000000058272911
110100011395069,18,上地三街东口,000000058272911
110100011395070,19,地铁上地站,000000058272911
