stationId,stopNumber,stopName,lineId
110100014500069,1,八达岭长城,000000058260510
110100014500059,2,石佛寺,000000058260510
110100014500060,3,四桥子,000000058260510
110100014500061,4,三桥子路口,000000058260510
110100014500062,5,居庸关村,000000058260510
110100014500063,6,南站村,000000058260510
110100014500064,7,东园村,000000058260510
110100014500065,8,臭泥坑,000000058260510
110100014500066,9,臭泥坑村南,000000058260510
110100014500067,10,南口村北站,000000058260510
110100014500068,11,南口村西站,000000058260510
110100014500007,12,南口路口东,000000058260510
110100014500008,13,红泥沟,000000058260510
110100014500009,14,陈庄,000000058260510
110100014500010,15,邓庄,000000058260510
110100014500011,16,昌平西关环岛西,000000058260510
110100014500012,17,明皇蜡像宫东门,000000058260510
110100014500013,18,昌平涧头村,000000058260510
110100014500014,19,大宫门,000000058260510
110100014500015,20,南新村,000000058260510
110100014500027,21,昌平王庄,000000058260510
110100014500017,22,昌平胡庄,000000058260510
110100014500018,23,七孔桥,000000058260510
110100014500019,24,定陵道口,000000058260510
110100014500041,25,定陵,000000058260510
