stationId,stopNumber,stopName,lineId
110100015063002,1,下营,000007275832970
110100015063046,2,下营村东,000007275832970
110100015063039,3,东门营,000007275832970
110100015063005,4,姚家营,000007275832970
110100015063040,5,胡家营,000007275832970
110100015063006,6,西五里营,000007275832970
110100015063048,7,延庆水峪,000007275832970
110100015063007,8,延庆水峪新村,000007275832970
110100015063041,9,西安庄,000007275832970
110100015063010,10,松山路口,000007275832970
110100015063051,11,张山营西口,000007275832970
110100015063013,12,张山营,000007275832970
110100015063014,13,芦凤营,000007275832970
110100015063042,14,延庆马庄,000007275832970
110100015063015,15,小河屯,000007275832970
110100015063016,16,上板泉,000007275832970
110100015063017,17,上板泉粮库,000007275832970
110100015063018,18,下板泉,000007275832970
110100015063043,19,延庆玉皇庙路口,000007275832970
110100015063019,20,西羊坊,000007275832970
110100015063020,21,辛家堡,000007275832970
110100015063021,22,野山峡,000007275832970
110100015063022,23,丁家堡,000007275832970
110100015063024,24,靳家堡,000007275832970
110100015063025,25,晏家堡,000007275832970
110100015063044,26,龙聚山庄,000007275832970
110100015063028,27,中羊坊,000007275832970
110100015063029,28,卓家营路口,000007275832970
110100015063047,29,米家堡北,000007275832970
110100015063030,30,米家堡,000007275832970
110100015063052,31,米家堡桥北,000007275832970
110100015063053,32,米家堡桥南,000007275832970
110100015063031,33,延庆北站,000007275832970
110100015063032,34,石河营建材城,000007275832970
110100015063045,35,体育场小区,000007275832970
110100015063033,36,恒生市场,000007275832970
110100015063054,37,延庆二小,000007275832970
110100015063038,38,妫水北街南,000007275832970
110100015063055,39,延庆东关,000007275832970
110100015063056,40,延庆南菜园,000007275832970
110100015063057,41,司家营,000007275832970
110100015063058,42,延庆火车站北广场,000007275832970
