stationId,stopNumber,stopName,lineId
110100015885002,1,龙锦苑公交场站,000000058203711
110100015885003,2,龙锦苑一区,000000058203711
110100015885004,3,和谐家园一区西门,000000058203711
110100015885005,4,和谐家园一区南门,000000058203711
110100015885006,5,龙锦三街,000000058203711
110100015885041,6,上坡佳园西门,000000058203711
110100015885007,7,华龙苑中里,000000058203711
110100015885008,8,华龙苑南里北门,000000058203711
110100015885009,9,地铁霍营站东,000000058203711
110100015885010,10,地铁霍营站,000000058203711
110100015885011,11,新康园北区北门,000000058203711
110100015885042,12,文华路南口,000000058203711
110100015885012,13,东村家园东门,000000058203711
110100015885013,14,龙博苑三区,000000058203711
110100015885014,15,吉晟别墅,000000058203711
110100015885015,16,新龙城东站,000000058203711
110100015885043,17,回龙观医院北,000000058203711
110100015885016,18,新龙城,000000058203711
110100015885017,19,回龙观桥南,000000058203711
110100015885018,20,西三旗桥北,000000058203711
110100015885019,21,西三旗桥西,000000058203711
110100015885020,22,安宁里,000000058203711
110100015885021,23,安宁里南站,000000058203711
110100015885022,24,安宁庄前街东口,000000058203711
110100015885023,25,安宁庄前街,000000058203711
110100015885024,26,安宁庄西路,000000058203711
110100015885025,27,上地桥东,000000058203711
110100015885026,28,上地桥西,000000058203711
110100015885027,29,地铁上地站,000000058203711
110100015885028,30,上地南路,000000058203711
110100015885029,31,上地南口,000000058203711
110100015885030,32,正白旗,000000058203711
110100015885031,33,北京体育大学,000000058203711
110100015885032,34,圆明园东门,000000058203711
110100015885033,35,清华附中,000000058203711
110100015885034,36,圆明园东路,000000058203711
110100015885035,37,清华大学西门,000000058203711
110100015885036,38,中关园北站,000000058203711
110100015885037,39,中关园,000000058203711
110100015885038,40,中关村南,000000058203711
110100015885039,41,海淀黄庄北,000000058203711
110100015885040,42,海淀中街,000000058203711
