stationId,stopNumber,stopName,lineId
110100015270046,1,平西王府公交场站临时站,000000058475631
110100015270041,2,平西王府公交场站,000000058475631
110100015270034,3,平西王府,000000058475631
110100015270003,4,平西王府西,000000058475631
110100015270004,5,霍营北口,000000058475631
110100015270035,6,霍营,000000058475631
110100015270006,7,龙锦苑东三区西门,000000058475631
110100015270007,8,地铁回龙观东大街站,000000058475631
110100015270008,9,和谐家园二区西门,000000058475631
110100015270009,10,和谐家园一区西门,000000058475631
110100015270036,11,龙锦苑二区,000000058475631
110100015270037,12,田园风光雅苑,000000058475631
110100015270038,13,龙锦苑四区,000000058475631
110100015270010,14,马连店南口,000000058475631
110100015270011,15,流星花园,000000058475631
110100015270047,16,育知东路北口,000000058475631
110100015270048,17,地铁育知路站,000000058475631
110100015270049,18,回南北路,000000058475631
110100015270050,19,天露园北站,000000058475631
110100015270051,20,佰嘉城小区东门,000000058475631
110100015270052,21,天露园小区,000000058475631
110100015270053,22,天露园东站,000000058475631
110100015270015,23,三合庄园,000000058475631
110100015270016,24,龙华园北,000000058475631
110100015270042,25,龙华园南,000000058475631
110100015270043,26,地铁龙泽站,000000058475631
