stationId,stopNumber,stopName,lineId
900000031473001,1,八达岭孔雀城,000000058699250
900000031473038,2,三泉井村,000000058699250
900000031473034,3,雅山园,000000058699250
900000031473046,4,羊儿岭村西口,000000058699250
900000031473035,5,羊儿岭村,000000058699250
900000031473036,6,康庄桥南,000000058699250
900000031473039,7,二五一站,000000058699250
900000031473002,8,康庄,000000058699250
900000031473067,9,康庄小区,000000058699250
900000031473068,10,康庄小区东口,000000058699250
900000031473069,11,大王庄小区,000000058699250
900000031473070,12,刁营东口,000000058699250
900000031473010,13,西桑园,000000058699250
900000031473011,14,西红寺,000000058699250
900000031473012,15,郭家堡,000000058699250
900000031473013,16,康庄镇王家堡,000000058699250
900000031473014,17,东红寺,000000058699250
900000031473015,18,军营道口,000000058699250
900000031473016,19,下屯,000000058699250
900000031473017,20,下屯中学,000000058699250
900000031473047,21,世园三号门,000000058699250
900000031473048,22,世园四号门,000000058699250
900000031473049,23,世园五号门,000000058699250
900000031473076,24,康安小区,000000058699250
900000031473022,25,延庆东关,000000058699250
900000031473023,26,川北小区南门,000000058699250
900000031473024,27,石河营,000000058699250
900000031473058,28,京张路口南,000000058699250
900000031473059,29,日上批发市场,000000058699250
900000031473071,30,延庆五中,000000058699250
900000031473072,31,湖南小区,000000058699250
900000031473073,32,延庆南菜园,000000058699250
900000031473074,33,司家营,000000058699250
900000031473075,34,延庆火车站北广场,000000058699250
