stationId,stopNumber,stopName,lineId
900000105408014,1,地铁天宫院站,000008886042471
900000105408019,2,天宫院小区,000008886042471
900000105408001,3,地铁生物医药基地站,000008886042471
900000105408002,4,念坛公园,000008886042471
900000105408003,5,地铁义和庄站,000008886042471
900000105408004,6,黄村火车站北,000008886042471
900000105408005,7,黄村西大街,000008886042471
900000105408015,8,清源西里,000008886042471
900000105408016,9,大兴小营,000008886042471
900000105408017,10,金星西路,000008886042471
900000105408018,11,金地仰山西区,000008886042471
900000105408007,12,地铁丰台科技园站,000008886042471
900000105408008,13,总部基地金融港,000008886042471
900000105408009,14,总部基地六区,000008886042471
900000105408010,15,海鹰路口,000008886042471
900000105408011,16,航丰路口,000008886042471
900000105408012,17,中核路口东,000008886042471
900000105408013,18,内环西路北口,000008886042471
