stationId,stopNumber,stopName,lineId
110100015038184,1,涞阳路口,000000058278291
110100015038188,2,涞水汽车站,000000058278291
110100015038179,3,雅特家园,000000058278291
110100015038173,4,涞水住建局,000000058278291
110100015038174,5,涞水东环路南口,000000058278291
110100015038175,6,涞水东大街东口,000000058278291
110100015038189,7,涞水县政府,000000058278291
110100015038191,8,涞水影剧院,000000058278291
110100015038190,9,盛世国际酒店,000000058278291
110100015038192,10,保野路口,000000058278291
110100015038181,11,东租村,000000058278291
110100015038081,12,北西租村,000000058278291
110100015038115,13,涞水涧头村,000000058278291
110100015038016,14,魏村,000000058278291
110100015038017,15,水北路口,000000058278291
110100015038116,16,墩台村,000000058278291
110100015038101,17,色树村,000000058278291
110100015038107,18,东水峪村,000000058278291
110100015038078,19,渐村,000000058278291
110100015038022,20,石亭检查站,000000058278291
110100015038023,21,石亭村,000000058278291
110100015038024,22,板城村,000000058278291
110100015038082,23,北庄村,000000058278291
110100015038112,24,满金峪村,000000058278291
110100015038028,25,张坊,000000058278291
110100015038083,26,房山史各庄村,000000058278291
110100015038029,27,西白岱,000000058278291
110100015038084,28,南白岱,000000058278291
110100015038031,29,广禄庄,000000058278291
110100015038032,30,塔照,000000058278291
110100015038033,31,南尚乐,000000058278291
110100015038079,32,北尚乐,000000058278291
110100015038035,33,黑天桥,000000058278291
110100015038114,34,大石窝镇辛庄,000000058278291
110100015038085,35,房山王庄道口,000000058278291
110100015038038,36,石窝,000000058278291
110100015038187,37,大石窝镇政府(临时站),000000058278291
110100015038080,38,大石窝镇纸房路口,000000058278291
110100015038040,39,大石窝镇半壁店,000000058278291
110100015038086,40,南正西,000000058278291
110100015038087,41,南正东,000000058278291
110100015038119,42,北正,000000058278291
110100015038120,43,北正东,000000058278291
110100015038137,44,北良各庄路口,000000058278291
110100015038045,45,长沟,000000058278291
110100015038089,46,长沟镇政府,000000058278291
110100015038090,47,长沟中学,000000058278291
110100015038102,48,云居寺路东口,000000058278291
110100015038108,49,长沟检查站,000000058278291
110100015038050,50,二龙岗,000000058278291
110100015038106,51,五侯路口,000000058278291
110100015038052,52,五侯,000000058278291
110100015038161,53,西南章(临时站),000000058278291
110100015038092,54,东南章,000000058278291
110100015038054,55,韩村河西,000000058278291
110100015038071,56,韩村河,000000058278291
110100015038093,57,西东村,000000058278291
110100015038100,58,房山李庄北,000000058278291
110100015038158,59,琉璃河东,000000058278291
110100015038095,60,琉璃河水泥厂,000000058278291
110100015038096,61,兴礼检查站,000000058278291
110100015038098,62,六里桥东,000000058278291
110100015038135,63,北京西站南广场,000000058278291
