stationId,stopNumber,stopName,lineId
900000102328001,1,原香小镇,000008180774001
900000102328016,2,黄辛庄路口,000008180774001
900000102328017,3,长阳碧桂园,000008180774001
900000102328018,4,昊天北桥南,000008180774001
900000102328019,5,昊天北桥东,000008180774001
900000102328006,6,篱笆房站,000008180774001
900000102328007,7,军留庄,000008180774001
900000102328008,8,地铁长阳站,000008180774001
900000102328021,9,大宁二路西口,000008180774001
900000102328022,10,黄南苑小区南,000008180774001
900000102328023,11,苹果园南路东站,000008180774001
900000102328012,12,西井,000008180774001
900000102328013,13,实兴大街,000008180774001
900000102328014,14,石景山科技园,000008180774001
