stationId,stopNumber,stopName,lineId
900000021214001,1,于家园,000005815190971
900000021214002,2,于家园一区,000005815190971
900000021214003,3,怀柔学管中心,000005815190971
900000021214004,4,怀柔北大街,000005815190971
900000021214005,5,郭家坞,000005815190971
900000021214006,6,小东庄,000005815190971
900000021214007,7,西三村口,000005815190971
900000021214027,8,东峪(临时站),000005815190971
900000021214009,9,口头,000005815190971
900000021214010,10,关渡河,000005815190971
900000021214011,11,三亩园,000005815190971
900000021214012,12,三渡河村口,000005815190971
900000021214013,13,三渡河,000005815190971
900000021214014,14,花台子,000005815190971
900000021214015,15,马道峪南,000005815190971
900000021214016,16,马道峪,000005815190971
900000021214028,17,马道峪北,000005815190971
900000021214018,18,苇店南,000005815190971
900000021214019,19,苇店,000005815190971
900000021214020,20,苇店北,000005815190971
900000021214021,21,慕田峪环岛,000005815190971
900000021214029,22,辛营村,000005815190971
900000021214026,23,田仙峪,000005815190971
