stationId,stopNumber,stopName,lineId
110100015527001,1,北京站东,000000058662421
110100015527023,2,北京站西,000000058662421
110100015527024,3,北京站西街,000000058662421
110100015527025,4,崇文门西,000000058662421
110100015527026,5,台基厂路口西,000000058662421
110100015527027,6,正义路,000000058662421
110100015527028,7,前门东,000000058662421
110100015527003,8,前门,000000058662421
110100015527004,9,大栅栏,000000058662421
110100015527032,10,珠市口南,000000058662421
110100015527006,11,天桥,000000058662421
110100015527007,12,天坛西门,000000058662421
110100015527008,13,先农坛,000000058662421
110100015527029,14,永定门西,000000058662421
110100015527010,15,南站幸福路,000000058662421
110100015527030,16,北京南站,000000058662421
