stationId,stopNumber,stopName,lineId
110100011919047,1,延庆南菜园公交场站,000011641772771
110100011919058,2,延庆南菜园,000011641772771
110100011919049,3,湖南小区,000011641772771
110100011919050,4,延庆五中,000011641772771
110100011919051,5,延庆莲花池路口,000011641772771
110100011919036,6,日上批发市场,000011641772771
110100011919037,7,京张路口南,000011641772771
110100011919008,8,京张路口北,000011641772771
110100011919009,9,体育场小区,000011641772771
110100011919010,10,延庆四中,000011641772771
110100011919011,11,樾熙府小区,000011641772771
110100011919012,12,延庆镇社区卫生服务中心,000011641772771
110100011919053,13,尚书苑东门,000011641772771
110100011919054,14,延庆二小路口,000011641772771
110100011919015,15,延庆一中,000011641772771
110100011919016,16,延庆区医院,000011641772771
110100011919017,17,延庆永安小区,000011641772771
110100011919018,18,康安小区东门,000011641772771
110100011919035,19,延庆法院,000011641772771
110100011919020,20,南菜园北二区,000011641772771
110100011919057,21,南辛堡新区,000011641772771
110100011919055,22,延庆碧桂园小区,000011641772771
110100011919056,23,延庆中医院,000011641772771
110100011919021,24,延庆四小,000011641772771
110100011919022,25,国润家园,000011641772771
110100011919025,26,南菜园经济开发区,000011641772771
110100011919045,27,燕水佳园,000011641772771
110100011919043,28,莲花苑小区,000011641772771
110100011919044,29,延庆南菜园公交场站,000011641772771
