stationId,stopNumber,stopName,lineId
900000118256001,1,庙城东,000010012776380
900000118256002,2,庙城南,000010012776380
900000118256003,3,融城花园,000010012776380
900000118256015,4,庙城村,000010012776380
900000118256004,5,庙城北,000010012776380
900000118256005,6,怀柔石厂,000010012776380
900000118256006,7,丽湖馨居,000010012776380
900000118256007,8,青春路南口,000010012776380
900000118256008,9,怀柔南大街,000010012776380
900000118256009,10,康馨家园,000010012776380
900000118256010,11,怀柔东关村,000010012776380
900000118256011,12,怀柔五中,000010012776380
900000118256012,13,怀柔汽车站,000010012776380
900000118256013,14,开放路口东,000010012776380
900000118256014,15,怀柔区新医院北,000010012776380
