stationId,stopNumber,stopName,lineId
900000119061001,1,于家园,000010012776371
900000119061002,2,于家园一区,000010012776371
900000119061003,3,怀柔学管中心,000010012776371
900000119061004,4,怀柔北大街,000010012776371
900000119061005,5,郭家坞,000010012776371
900000119061006,6,小东庄,000010012776371
900000119061007,7,西三村口,000010012776371
900000119061009,8,口头,000010012776371
900000119061010,9,关渡河,000010012776371
900000119061011,10,三亩园,000010012776371
900000119061012,11,三渡河村口,000010012776371
900000119061013,12,东四渡河,000010012776371
900000119061014,13,五渡河,000010012776371
900000119061015,14,六渡河,000010012776371
900000119061016,15,六渡河西,000010012776371
900000119061017,16,磨石峪,000010012776371
900000119061018,17,八道河岭,000010012776371
900000119061019,18,八道河岭漫水桥,000010012776371
900000119061020,19,小范马峪,000010012776371
900000119061021,20,渤海所路口,000010012776371
900000119061023,21,渤海卫生院,000010012776371
900000119061024,22,白木,000010012776371
900000119061025,23,景峪路口站,000010012776371
900000119061026,24,沙峪村东,000010012776371
900000119061027,25,沙峪,000010012776371
900000119061028,26,沙峪村西,000010012776371
900000119061029,27,渤海镇政府,000010012776371
900000119061030,28,南冶村东,000010012776371
900000119061031,29,南冶,000010012776371
900000119061032,30,南冶村北,000010012776371
900000119061033,31,响水湖路口,000010012776371
900000119061034,32,洞台,000010012776371
900000119061035,33,铁矿峪南,000010012776371
900000119061036,34,铁矿峪,000010012776371
