stationId,stopNumber,stopName,lineId
110100015536044,1,清河火车站,000000058674261
110100015536045,2,安宁里,000000058674261
110100015536046,3,安宁里南站,000000058674261
110100015536047,4,安宁庄前街东口,000000058674261
110100015536001,5,安宁庄东路南口,000000058674261
110100015536002,6,清河小营桥西,000000058674261
110100015536003,7,清河小营桥南,000000058674261
110100015536004,8,清河,000000058674261
110100015536005,9,学清路北口,000000058674261
110100015536006,10,马家沟,000000058674261
110100015536007,11,学知园,000000058674261
110100015536008,12,石板房,000000058674261
110100015536009,13,静淑苑,000000058674261
110100015536010,14,学院路北口,000000058674261
110100015536011,15,成府路口南,000000058674261
110100015536012,16,学院桥东,000000058674261
110100015536013,17,志新桥西,000000058674261
110100015536014,18,志新桥南,000000058674261
110100015536015,19,牡丹园北,000000058674261
110100015536016,20,牡丹园,000000058674261
110100015536043,21,北太平桥北,000000058674261
110100015536017,22,北太平桥南,000000058674261
110100015536018,23,铁狮子坟,000000058674261
110100015536019,24,北师大路口南,000000058674261
110100015536020,25,小西天,000000058674261
110100015536021,26,积水潭桥南,000000058674261
110100015536022,27,新街口北,000000058674261
110100015536041,28,新街口南,000000058674261
110100015536023,29,护国寺,000000058674261
110100015536024,30,平安里路口南,000000058674261
110100015536025,31,大红罗厂西口,000000058674261
110100015536026,32,西四路口北,000000058674261
110100015536027,33,缸瓦市,000000058674261
110100015536042,34,甘石桥,000000058674261
110100015536028,35,西单商场,000000058674261
110100015536029,36,西单路口南,000000058674261
110100015536030,37,宣武门内,000000058674261
110100015536031,38,校场口,000000058674261
110100015536032,39,菜市口北,000000058674261
110100015536033,40,南横街路口北,000000058674261
110100015536034,41,自新路口北,000000058674261
110100015536035,42,开阳桥北,000000058674261
110100015536036,43,开阳桥西,000000058674261
110100015536037,44,右安门东,000000058674261
110100015536038,45,右安门西,000000058674261
110100015536039,46,大观园,000000058674261
110100015536040,47,菜户营桥东,000000058674261
