stationId,stopNumber,stopName,lineId
900000122571008,1,地铁高楼金站,000010448755371
900000122571009,2,颐瑞中二路南口,000010448755371
900000122571010,3,颐瑞中二路,000010448755371
900000122571001,4,地铁土桥站,000010448755371
900000122571002,5,临河里路南口,000010448755371
900000122571016,6,砖厂北街,000010448755371
900000122571017,7,梨园路南口,000010448755371
900000122571014,8,净水街,000010448755371
900000122571004,9,临河里路北口,000010448755371
900000122571006,10,玉桥东里南门,000010448755371
900000122571007,11,玉桥东一路,000010448755371
900000122571012,12,玉桥东一路北口,000010448755371
900000122571005,13,京东运乔建材城,000010448755371
900000122571015,14,地铁北运河西站南,000010448755371
