stationId,stopNumber,stopName,lineId
900000135593032,1,丰宁客运站,000011395522300
900000135593036,2,怀丰隧道北,000011395522300
900000135593037,3,帽山路口,000011395522300
900000135593038,4,帽山沟门,000011395522300
900000135593039,5,四道穴,000011395522300
900000135593040,6,西府营,000011395522300
900000135593041,7,喇叭沟门乡下湾子,000011395522300
900000135593007,8,喇叭沟门,000011395522300
900000135593008,9,北甸子,000011395522300
900000135593009,10,大甸子,000011395522300
900000135593010,11,对角沟门,000011395522300
900000135593011,12,北八道河,000011395522300
900000135593012,13,七道河,000011395522300
900000135593013,14,二道河,000011395522300
900000135593014,15,二道河东沟,000011395522300
900000135593015,16,杨树湾,000011395522300
900000135593016,17,长哨营,000011395522300
900000135593017,18,老西沟门,000011395522300
900000135593018,19,王四沟门,000011395522300
900000135593019,20,兰营,000011395522300
900000135593020,21,东黄梁,000011395522300
900000135593021,22,古石沟门,000011395522300
900000135593025,23,汤河口镇政府,000011395522300
900000135593023,24,汤河口,000011395522300
