stationId,stopNumber,stopName,lineId
110100014498002,1,国家体育馆,000000058250120
110100014498003,2,安翔北路东口,000000058250120
110100014498004,3,安翔北路,000000058250120
110100014498005,4,志新路,000000058250120
110100014498006,5,北京科技大学北门,000000058250120
110100014498007,6,中国地质大学,000000058250120
110100014498008,7,北京语言大学,000000058250120
110100014498009,8,五道口,000000058250120
110100014498010,9,东升园,000000058250120
110100014498011,10,保福寺桥北,000000058250120
110100014498012,11,保福寺桥南,000000058250120
110100014498013,12,白塔庵北,000000058250120
110100014498014,13,白塔庵,000000058250120
110100014498015,14,白塔庵南,000000058250120
110100014498016,15,联想桥南,000000058250120
110100014498017,16,皂君东里,000000058250120
110100014498018,17,大柳树北站,000000058250120
110100014498019,18,大慧寺路东口,000000058250120
110100014498020,19,大慧寺路西口,000000058250120
110100014498021,20,中央民族大学,000000058250120
110100014498022,21,国家图书馆,000000058250120
110100014498023,22,白石桥南,000000058250120
110100014498024,23,外文印刷厂,000000058250120
110100014498025,24,老虎庙,000000058250120
110100014498026,25,花园桥东,000000058250120
110100014498027,26,花园桥南,000000058250120
110100014498028,27,航天桥北,000000058250120
