stationId,stopNumber,stopName,lineId
110100015424064,1,吉羊公交场站,000011574150670
110100015424133,2,吉羊村西,000011574150670
110100015424065,3,吉羊村口,000011574150670
110100015424066,4,二站村口,000011574150670
110100015424141,5,广渠门中学房山分校,000011574150670
110100015424067,6,石楼车辆段,000011574150670
110100015424068,7,石楼,000011574150670
110100015424069,8,石楼路口,000011574150670
110100015424070,9,双孝南站,000011574150670
110100015424071,10,双孝,000011574150670
110100015424072,11,顾册东口,000011574150670
110100015424073,12,北市,000011574150670
110100015424146,13,房山南关南,000011574150670
110100015424074,14,房山南关,000011574150670
110100015424075,15,房山中医医院,000011574150670
110100015424076,16,房山南大街,000011574150670
110100015424145,17,房山大角南,000011574150670
110100015424078,18,仓房小区,000011574150670
110100015424079,19,房山北大街,000011574150670
110100015424080,20,万宁桥,000011574150670
110100015424081,21,房山北关,000011574150670
110100015424082,22,地铁房山城关站,000011574150670
110100015424083,23,房山体育场,000011574150670
110100015424084,24,房山东大桥,000011574150670
110100015424138,25,饶乐府,000011574150670
110100015424087,26,城关街道办事处,000011574150670
110100015424088,27,房山马各庄,000011574150670
110100015424089,28,大于路北口,000011574150670
110100015424090,29,大石河,000011574150670
110100015424091,30,大董村,000011574150670
110100015424132,31,绿城百合路口,000011574150670
110100015424094,32,紫草坞路口,000011574150670
110100015424095,33,阎村,000011574150670
110100015424096,34,炒米店路口,000011574150670
110100015424097,35,阎村桥,000011574150670
110100015424098,36,苏庄西街南口,000011574150670
110100015424157,37,苏庄大街,000011574150670
110100015424158,38,苏庄中路,000011574150670
110100015424159,39,苏庄东街,000011574150670
110100015424160,40,苏庄东街北口,000011574150670
110100015424105,41,良乡西门,000011574150670
110100015424106,42,良乡大角,000011574150670
110100015424107,43,良乡医院,000011574150670
110100015424130,44,良乡北关,000011574150670
110100015424109,45,行宫南门路口,000011574150670
110100015424110,46,送变电公司路口西,000011574150670
110100015424139,47,黄辛庄路口,000011574150670
110100015424135,48,长阳碧桂园,000011574150670
110100015424140,49,昊天北桥南,000011574150670
110100015424113,50,昊天北桥东,000011574150670
110100015424114,51,篱笆房,000011574150670
110100015424115,52,军留庄,000011574150670
110100015424117,53,地铁长阳站,000011574150670
110100015424118,54,长阳镇政府,000011574150670
110100015424119,55,馨然嘉园,000011574150670
110100015424153,56,长阳路东口,000011574150670
110100015424136,57,长海化工厂,000011574150670
110100015424123,58,朱岗子村,000011574150670
110100015424161,59,阎仙垡村口,000011574150670
110100015424162,60,阎仙垡小学,000011574150670
110100015424163,61,阎仙垡村,000011574150670
110100015424152,62,阎仙垡公交场站,000011574150670
