stationId,stopNumber,stopName,lineId
110100014180002,1,郭庄子公交场站,000000058180621
110100014180003,2,兴源路,000000058180621
110100014180004,3,兴源路口北,000000058180621
110100014180005,4,小屯西路北口,000000058180621
110100014180006,5,梅市口,000000058180621
110100014180007,6,曹家坟,000000058180621
110100014180034,7,大成路西口,000000058180621
110100014180065,8,大成里,000000058180621
110100014180066,9,青塔蔚园,000000058180621
110100014180067,10,青塔桥北,000000058180621
110100014180068,11,永定路南口,000000058180621
110100014180069,12,沙窝桥西,000000058180621
110100014180070,13,沙窝桥东,000000058180621
110100014180071,14,西翠路口西,000000058180621
110100014180035,15,西翠路口北,000000058180621
110100014180072,16,沙沟路口南,000000058180621
110100014180036,17,沙沟路口北,000000058180621
110100014180037,18,北沙沟,000000058180621
110100014180012,19,定慧寺南,000000058180621
110100014180013,20,定慧寺东,000000058180621
110100014180038,21,西钓鱼台,000000058180621
110100014180039,22,航天桥西,000000058180621
110100014180040,23,航天桥北,000000058180621
110100014180041,24,花园桥南,000000058180621
110100014180042,25,紫竹桥南,000000058180621
110100014180043,26,紫竹桥北,000000058180621
110100014180062,27,万寿寺,000000058180621
110100014180063,28,为公桥,000000058180621
110100014180044,29,苏州桥南,000000058180621
110100014180045,30,万泉庄,000000058180621
110100014180064,31,人民大学西门,000000058180621
110100014180047,32,海淀南路,000000058180621
110100014180048,33,海淀黄庄东,000000058180621
110100014180049,34,知春里,000000058180621
110100014180055,35,白塔庵北,000000058180621
110100014180056,36,保福寺桥南,000000058180621
110100014180057,37,保福寺桥西,000000058180621
