stationId,stopNumber,stopName,lineId
110100010117002,1,北京西站,000000058399931
110100010117029,2,北京世纪坛医院,000000058399931
110100010117030,3,皇亭子,000000058399931
110100010117005,4,军事博物馆,000000058399931
110100010117006,5,木樨地西,000000058399931
110100010117007,6,木樨地北,000000058399931
110100010117008,7,西城三里河,000000058399931
110100010117009,8,三里河东口,000000058399931
110100010117010,9,二七剧场路北口,000000058399931
110100010117011,10,儿童医院路口西,000000058399931
110100010117012,11,月坛体育场,000000058399931
110100010117013,12,阜成门南,000000058399931
110100010117014,13,阜成门北,000000058399931
110100010117015,14,西直门南,000000058399931
110100010117016,15,索家坟,000000058399931
110100010117017,16,文慧桥北,000000058399931
110100010117018,17,明光桥北,000000058399931
110100010117019,18,蓟门桥,000000058399931
110100010117020,19,蓟门桥北,000000058399931
110100010117021,20,塔院小区南门,000000058399931
110100010117022,21,牡丹园西,000000058399931
110100010117023,22,牡丹园东,000000058399931
110100010117024,23,健德门西,000000058399931
110100010117025,24,健德门东,000000058399931
110100010117026,25,地铁北土城站,000000058399931
110100010117027,26,安贞西里,000000058399931
110100010117028,27,安华桥北,000000058399931
