stationId,stopNumber,stopName,lineId
110100014587026,1,地铁生命科学园站西,000011531333781
110100014587047,2,地铁生命科学园站,000011531333781
110100014587028,3,朱辛庄,000011531333781
110100014587029,4,二拨子,000011531333781
110100014587030,5,北郊农场桥,000011531333781
110100014587031,6,京昌路回龙观,000011531333781
110100014587032,7,回龙观桥南,000011531333781
110100014587033,8,西三旗桥北,000011531333781
110100014587034,9,西三旗桥西,000011531333781
110100014587035,10,安宁庄路,000011531333781
110100014587036,11,西二旗,000011531333781
110100014587037,12,西二旗大街,000011531333781
110100014587038,13,地铁西二旗站南,000011531333781
110100014587039,14,上地七街路口西,000011531333781
110100014587004,15,上地七街,000011531333781
110100014587005,16,上地五街,000011531333781
110100014587006,17,上地三街西口,000011531333781
110100014587007,18,马连洼北路东口,000011531333781
110100014587008,19,菊园东站,000011531333781
110100014587009,20,菊园,000011531333781
110100014587010,21,马连洼,000011531333781
110100014587011,22,马连洼西站,000011531333781
110100014587012,23,圆明园西路北口,000011531333781
110100014587013,24,梅园,000011531333781
110100014587014,25,中国农业大学西校区,000011531333781
110100014587015,26,肖家河,000011531333781
110100014587016,27,小清河,000011531333781
110100014587017,28,骚子营,000011531333781
110100014587040,29,西苑北站,000011531333781
110100014587018,30,西苑,000011531333781
110100014587041,31,颐和园路东口,000011531333781
110100014587042,32,北京大学西门,000011531333781
110100014587043,33,海淀桥北,000011531333781
110100014587044,34,海淀桥东,000011531333781
110100014587045,35,中关村东,000011531333781
110100014587046,36,中关村一街,000011531333781
