stationId,stopNumber,stopName,lineId
110100013545033,1,城通街,000000058422211
110100013545034,2,城通街北口,000000058422211
110100013545003,3,石景山古城,000000058422211
110100013545024,4,古城东街南口,000000058422211
110100013545004,5,古城公园,000000058422211
110100013545005,6,八角路,000000058422211
110100013545006,7,八角路东口,000000058422211
110100013545007,8,石景山游乐园西门,000000058422211
110100013545008,9,晋元庄,000000058422211
110100013545009,10,晋元桥南,000000058422211
110100013545010,11,北方工业大学,000000058422211
110100013545011,12,首钢医院,000000058422211
110100013545012,13,黄南苑小区,000000058422211
110100013545013,14,苹果园南路东口,000000058422211
110100013545014,15,西黄村北站,000000058422211
110100013545025,16,西下庄南,000000058422211
110100013545031,17,西下庄东,000000058422211
110100013545016,18,北京射击场,000000058422211
110100013545017,19,南辛庄,000000058422211
110100013545018,20,双新园,000000058422211
110100013545019,21,北辛庄,000000058422211
110100013545026,22,门头馨村南区,000000058422211
110100013545020,23,南河滩,000000058422211
110100013545021,24,红旗村,000000058422211
110100013545022,25,国家植物园西南门,000000058422211
110100013545029,26,国家植物园,000000058422211
110100013545030,27,香泉环岛,000000058422211
