stationId,stopNumber,stopName,lineId
110100015266064,1,圈门,000000058473691
110100015266002,2,西辛房西,000000058473691
110100015266039,3,西辛房,000000058473691
110100015266003,4,东辛房西,000000058473691
110100015266004,5,东辛房,000000058473691
110100015266005,6,增产路,000000058473691
110100015266006,7,矿建街,000000058473691
110100015266007,8,龙泉西公交场站,000000058473691
110100015266008,9,小黑山,000000058473691
110100015266009,10,河滩,000000058473691
110100015266010,11,新桥大街,000000058473691
110100015266011,12,双峪,000000058473691
110100015266042,13,滨河西区,000000058473691
110100015266043,14,倚山嘉园,000000058473691
110100015266044,15,葡东小区,000000058473691
110100015266045,16,葡萄嘴路口北,000000058473691
110100015266046,17,葡萄嘴路口南,000000058473691
110100015266047,18,永定中学,000000058473691
110100015266048,19,冯村,000000058473691
110100015266059,20,金安路西口,000000058473691
110100015266060,21,艾洼,000000058473691
110100015266049,22,上岸,000000058473691
110100015266061,23,上岸东站,000000058473691
110100015266050,24,增胜庄,000000058473691
110100015266062,25,新首钢大桥西,000000058473691
110100015266051,26,首钢试验厂,000000058473691
110100015266052,27,首钢厂东门,000000058473691
110100015266053,28,老古城,000000058473691
110100015266054,29,石景山古城,000000058473691
110100015266055,30,八角,000000058473691
110100015266056,31,京燕饭店,000000058473691
110100015266057,32,京原路口东,000000058473691
110100015266058,33,京原东站,000000058473691
