stationId,stopNumber,stopName,lineId
900000027164030,1,前门,000000058433550
900000027164021,2,前门西,000000058433550
900000027164022,3,和平门东,000000058433550
900000027164023,4,宣武门东,000000058433550
900000027164031,5,长椿街路口西,000000058433550
900000027164032,6,复兴门南,000000058433550
900000027164033,7,北京儿童医院,000000058433550
900000027164034,8,阜成门北,000000058433550
900000027164035,9,车公庄南,000000058433550
900000027164028,10,车公庄北,000000058433550
900000027164020,11,西直门外,000000058433550
900000027164001,12,动物园,000000058433550
900000027164003,13,白石桥东,000000058433550
900000027164005,14,国家图书馆,000000058433550
900000027164006,15,中央民族大学,000000058433550
900000027164007,16,魏公村,000000058433550
900000027164008,17,中国农业科学院,000000058433550
900000027164009,18,人民大学,000000058433550
900000027164010,19,海淀黄庄北,000000058433550
900000027164011,20,中关村南,000000058433550
900000027164012,21,中关村西,000000058433550
900000027164013,22,海淀桥北,000000058433550
900000027164014,23,北京大学西门,000000058433550
900000027164015,24,颐和园路东口,000000058433550
900000027164016,25,西苑,000000058433550
900000027164017,26,颐和园,000000058433550
900000027164029,27,地铁北宫门站,000000058433550
