stationId,stopNumber,stopName,lineId
900000110633001,1,通州半壁店东,000000000022990
900000110633051,2,怡乐南街公交场站,000000000022990
900000110633052,3,翠屏西路,000000000022990
900000110633053,4,格瑞雅居小区,000000000022990
900000110633005,5,翠屏北里,000000000022990
900000110633054,6,翠屏西路北口,000000000022990
900000110633006,7,日光清城,000000000022990
900000110633055,8,果园西,000000000022990
900000110633008,9,地铁九棵树站,000000000022990
900000110633009,10,九棵树,000000000022990
900000110633056,11,杨家洼,000000000022990
900000110633011,12,地铁梨园站,000000000022990
900000110633012,13,通州小街桥东,000000000022990
900000110633013,14,地铁临河里站,000000000022990
900000110633014,15,地铁土桥站,000000000022990
900000110633058,16,土桥欣村,000000000022990
900000110633059,17,土桥新桥东,000000000022990
900000110633039,18,北许场村,000000000022990
900000110633016,19,张家湾开发区,000000000022990
900000110633017,20,张辛庄村西,000000000022990
900000110633040,21,张辛庄村,000000000022990
900000110633018,22,梁各庄村,000000000022990
900000110633064,23,武兴路口,000000000022990
900000110633060,24,上店村北口,000000000022990
900000110633061,25,上店村路口,000000000022990
900000110633021,26,武窑村,000000000022990
900000110633062,27,里二泗村北口,000000000022990
900000110633063,28,里二泗村,000000000022990
900000110633041,29,姚辛庄北口,000000000022990
900000110633042,30,姚辛庄南口,000000000022990
900000110633024,31,通州靛庄,000000000022990
900000110633025,32,通州苏庄村,000000000022990
900000110633066,33,南阳村路口,000000000022990
900000110633043,34,榆林庄村北,000000000022990
900000110633026,35,榆林庄村,000000000022990
900000110633027,36,漷县镇政府,000000000022990
900000110633044,37,通州凤港基地,000000000022990
900000110633029,38,杨堤村,000000000022990
900000110633030,39,马堤村,000000000022990
900000110633065,40,马堤村东,000000000022990
900000110633031,41,马头村,000000000022990
900000110633032,42,通州石槽村北,000000000022990
900000110633033,43,通州石槽村,000000000022990
900000110633034,44,凌庄,000000000022990
900000110633046,45,东寺庄村,000000000022990
900000110633047,46,后尖平村,000000000022990
900000110633048,47,觅子店路口,000000000022990
900000110633049,48,鑫隅三街东,000000000022990
900000110633050,49,鑫隅三街,000000000022990
900000110633068,50,觅子店公交场站,000000000022990
