stationId,stopNumber,stopName,lineId
900000031463001,1,延庆南菜园,000000058699371
900000031463002,2,延庆东关,000000058699371
900000031463003,3,川北小区南门,000000058699371
900000031463004,4,石河营,000000058699371
900000031463007,5,京张路口东,000000058699371
900000031463037,6,延庆东桥东,000000058699371
900000031463008,7,延庆八中,000000058699371
900000031463009,8,八里店,000000058699371
900000031463038,9,八里店东口,000000058699371
900000031463039,10,新合营,000000058699371
900000031463010,11,沈家营镇政府,000000058699371
900000031463040,12,沈家营,000000058699371
900000031463041,13,连家营,000000058699371
900000031463011,14,魏家营,000000058699371
900000031463042,15,兴安堡路口,000000058699371
900000031463012,16,北老君堂路口,000000058699371
900000031463043,17,香村营西站,000000058699371
900000031463013,18,香村营,000000058699371
900000031463014,19,西小庄科,000000058699371
900000031463015,20,吴坊营,000000058699371
900000031463044,21,吴坊营东站,000000058699371
900000031463045,22,吴坊营村东,000000058699371
900000031463046,23,新华营西,000000058699371
900000031463016,24,新华营,000000058699371
900000031463047,25,三里墩,000000058699371
900000031463017,26,永宁西关,000000058699371
900000031463018,27,永宁车站,000000058699371
900000031463019,28,永宁,000000058699371
900000031463058,29,左所屯,000000058699371
900000031463059,30,吴家坟,000000058699371
900000031463060,31,西山沟,000000058699371
900000031463061,32,聂庄,000000058699371
900000031463062,33,里仁堡南,000000058699371
900000031463063,34,里仁堡,000000058699371
900000031463064,35,后所屯,000000058699371
900000031463065,36,香营卫生院,000000058699371
900000031463066,37,香营水库管理处,000000058699371
900000031463067,38,山底下村,000000058699371
900000031463102,39,临时站,000000058699371
900000031463068,40,马家店,000000058699371
900000031463069,41,二道沟,000000058699371
900000031463070,42,渔政管理处,000000058699371
900000031463071,43,白河管理处,000000058699371
900000031463072,44,东边村,000000058699371
900000031463073,45,延庆八道河,000000058699371
900000031463074,46,干沟村,000000058699371
900000031463075,47,大窑,000000058699371
900000031463076,48,六道河,000000058699371
900000031463077,49,秀水湾,000000058699371
900000031463078,50,河东,000000058699371
900000031463079,51,河口,000000058699371
900000031463080,52,河口新村路口,000000058699371
900000031463081,53,红石湾,000000058699371
900000031463082,54,碴底下,000000058699371
900000031463083,55,排子岭,000000058699371
900000031463084,56,朝阳寺,000000058699371
900000031463085,57,延庆西店,000000058699371
900000031463086,58,千家店卫生院,000000058699371
900000031463087,59,千家店镇政府,000000058699371
900000031463088,60,千家店,000000058699371
900000031463089,61,河南,000000058699371
900000031463090,62,上德龙湾,000000058699371
900000031463091,63,古家窑,000000058699371
900000031463092,64,下德龙湾,000000058699371
900000031463093,65,上奶山,000000058699371
900000031463094,66,下奶山,000000058699371
900000031463095,67,菜木沟,000000058699371
900000031463096,68,照山洼,000000058699371
900000031463097,69,滴水壶,000000058699371
900000031463098,70,四潭沟,000000058699371
900000031463099,71,三潭沟,000000058699371
900000031463100,72,沙梁子村南,000000058699371
900000031463101,73,沙梁子,000000058699371
