stationId,stopNumber,stopName,lineId
110100013674031,1,龙域北街东口,000000058150870
110100013674032,2,融泽嘉园南区北门,000000058150870
110100013674033,3,龙域北街,000000058150870
110100013674034,4,金域华府西门,000000058150870
110100013674035,5,回龙观村西区,000000058150870
110100013674038,6,龙域西一路南口,000000058150870
110100013674036,7,西二旗北路,000000058150870
110100013674005,8,西三旗桥北,000000058150870
110100013674006,9,西三旗桥东,000000058150870
110100013674007,10,邮政研究院,000000058150870
110100013674008,11,育新小区北口,000000058150870
110100013674009,12,地铁育新站,000000058150870
110100013674010,13,黄土店,000000058150870
110100013674011,14,文华路南口,000000058150870
110100013674012,15,新康园北区北门,000000058150870
110100013674013,16,地铁霍营站,000000058150870
110100013674037,17,霍营公交场站,000000058150870
