stationId,stopNumber,stopName,lineId
900000091772022,1,梧桐苑公交场站,000007755765240
900000091772023,2,梧桐苑南,000007755765240
900000091772024,3,莲石湖西路东,000007755765240
900000091772027,4,莲石湖西路西,000007755765240
900000091772028,5,新泰路口,000007755765240
900000091772025,6,地铁上岸站,000007755765240
900000091772029,7,上岸北站,000007755765240
900000091772030,8,新石路口,000007755765240
900000091772031,9,新华路口,000007755765240
900000091772026,10,惠康嘉园北口,000007755765240
900000091772007,11,葡萄嘴,000007755765240
900000091772008,12,月季园小区,000007755765240
900000091772009,13,新桥南街,000007755765240
900000091772010,14,京煤集团,000007755765240
900000091772011,15,新桥大街,000007755765240
900000091772012,16,河滩,000007755765240
900000091772013,17,小黑山,000007755765240
900000091772014,18,龙泉西公交场站,000007755765240
900000091772015,19,矿建街,000007755765240
900000091772016,20,增产路,000007755765240
900000091772017,21,东辛房,000007755765240
900000091772018,22,东辛房西,000007755765240
900000091772019,23,西辛房,000007755765240
900000091772020,24,西辛房西,000007755765240
900000091772021,25,圈门,000007755765240
