stationId,stopNumber,stopName,lineId
110100011229002,1,北京西站,000014286687350
110100011229003,2,长椿街路口东,000014286687350
110100011229004,3,宣武门内,000014286687350
110100011229005,4,西单路口南,000014286687350
110100011229006,5,西单商场,000014286687350
110100011229021,6,缸瓦市,000014286687350
110100011229007,7,西四路口北,000014286687350
110100011229008,8,平安里路口北,000014286687350
110100011229022,9,新街口南,000014286687350
110100011229020,10,积水潭桥东,000014286687350
110100011229010,11,德胜门,000014286687350
110100011229024,12,德外关厢,000014286687350
110100011229011,13,马甸桥南,000014286687350
110100011229012,14,马甸桥北,000014286687350
110100011229013,15,祁家豁子,000014286687350
110100011229014,16,安翔桥北,000014286687350
110100011229015,17,北沙滩桥南,000014286687350
110100011229016,18,北沙滩桥东,000014286687350
110100011229017,19,南沟泥河,000014286687350
110100011229023,20,中科院地理所,000014286687350
110100011229018,21,国家会议中心,000014286687350
110100011229019,22,国家体育馆,000014286687350
