stationId,stopNumber,stopName,lineId
110100013701002,1,杨坨,000000058151080
110100013701016,2,军庄中学,000000058151080
110100013701003,3,灰峪村,000000058151080
110100013701004,4,军庄,000000058151080
110100013701005,5,曹家沟,000000058151080
110100013701006,6,曹家沟南,000000058151080
110100013701007,7,三家店后街,000000058151080
110100013701008,8,三家店中街,000000058151080
110100013701009,9,龙泉宾馆,000000058151080
110100013701010,10,三家店西口,000000058151080
110100013701011,11,城子北站,000000058151080
110100013701012,12,城子,000000058151080
110100013701013,13,河滩北站,000000058151080
110100013701014,14,新桥大街,000000058151080
110100013701015,15,大峪,000000058151080
