stationId,stopNumber,stopName,lineId
110100015083047,1,地铁后沙峪站,000006955771860
110100015083063,2,空港物流开发区,000006955771860
110100015083013,3,南法信,000006955771860
110100015083056,4,望泉桥东,000006955771860
110100015083014,5,顺义公园,000006955771860
110100015083048,6,顺义电视台,000006955771860
110100015083064,7,顺义东大桥,000006955771860
110100015083016,8,地铁俸伯站,000006955771860
110100015083073,9,俸伯,000006955771860
110100015083074,10,河北村,000006955771860
110100015083075,11,南彩汽车站,000006955771860
110100015083076,12,宣庄户,000006955771860
110100015083083,13,魏辛庄,000006955771860
110100015083087,14,前营,000006955771860
110100015083084,15,葛代子,000006955771860
110100015083085,16,沟北村,000006955771860
110100015083086,17,李遂北,000006955771860
110100015083081,18,李遂,000006955771860
110100015083050,19,太平辛庄,000006955771860
110100015083051,20,顺义豆各庄,000006955771860
110100015083053,21,顺义李各庄,000006955771860
110100015083054,22,闫家渠,000006955771860
110100015083029,23,顺义王各庄,000006955771860
110100015083055,24,北务道口,000006955771860
110100015083089,25,林上村,000006955771860
110100015083031,26,陈辛庄,000006955771860
110100015083032,27,郭家务,000006955771860
110100015083088,28,大崔各庄,000006955771860
110100015083091,29,尹家府,000006955771860
110100015083092,30,大孙各庄,000006955771860
110100015083035,31,大孙各庄北,000006955771860
110100015083062,32,西辛庄南,000006955771860
110100015083037,33,西辛庄,000006955771860
110100015083038,34,宗家店,000006955771860
110100015083039,35,柴家林,000006955771860
110100015083040,36,顺义顾家庄,000006955771860
110100015083041,37,南聂庄,000006955771860
110100015083042,38,小塘村,000006955771860
110100015083043,39,吴雄寺,000006955771860
