stationId,stopNumber,stopName,lineId
900000135738012,1,万盛南街,000011664936301
900000135738013,2,日新路口东,000011664936301
900000135738001,3,地铁万盛东站,000011664936301
900000135738021,4,曹园村,000011664936301
900000135738022,5,田家府北,000011664936301
900000135738009,6,田家府,000011664936301
900000135738018,7,玉甫上营北,000011664936301
900000135738003,8,玉甫上营,000011664936301
900000135738004,9,台湖镇政府,000011664936301
900000135738015,10,台湖大街路口北站,000011664936301
900000135738016,11,台湖卫生院西站,000011664936301
900000135738011,12,东亚家园,000011664936301
900000135738019,13,湖亦路,000011664936301
900000135738023,14,台湖学校,000011664936301
900000135738020,15,台湖剧场,000011664936301
900000135738017,16,铺胡路,000011664936301
900000135738006,17,北京国际图书城,000011664936301
900000135738007,18,胡家垡,000011664936301
