stationId,stopNumber,stopName,lineId
110100014906167,1,地铁通州北苑站,000000000022980
110100014906008,2,科印小区,000000000022980
110100014906137,3,日光清城,000000000022980
110100014906138,4,果园西,000000000022980
110100014906169,5,果园南,000000000022980
110100014906011,6,蓝调沙龙小区,000000000022980
110100014906012,7,翠屏南里,000000000022980
110100014906111,8,西小马,000000000022980
110100014906014,9,旗舰凯旋小区,000000000022980
110100014906112,10,小稿村西口,000000000022980
110100014906139,11,大稿新村,000000000022980
110100014906140,12,大稿村南口,000000000022980
110100014906018,13,万盛南街西口,000000000022980
110100014906086,14,铺头村路口,000000000022980
110100014906020,15,铺头村,000000000022980
110100014906021,16,朱家垡村,000000000022980
110100014906022,17,通州前营村,000000000022980
110100014906141,18,湖亦路,000000000022980
110100014906119,19,东亚家园,000000000022980
110100014906160,20,台湖卫生院西站,000000000022980
110100014906108,21,台湖大街路口北,000000000022980
110100014906152,22,台湖公园西门,000000000022980
110100014906157,23,蒋辛庄村北口,000000000022980
110100014906153,24,蒋辛庄,000000000022980
110100014906154,25,北火垡,000000000022980
110100014906155,26,大地公交场站,000000000022980
110100014906156,27,垛子,000000000022980
110100014906143,28,麦庄,000000000022980
110100014906144,29,次渠水管站,000000000022980
110100014906145,30,西太平庄村,000000000022980
110100014906168,31,次渠中学,000000000022980
110100014906147,32,地铁次渠站,000000000022980
110100014906095,33,次渠,000000000022980
110100014906151,34,玉江佳园,000000000022980
110100014906053,35,敬园小区,000000000022980
110100014906109,36,次渠银行,000000000022980
110100014906061,37,次渠西口,000000000022980
110100014906039,38,定海园北,000000000022980
110100014906129,39,马庄,000000000022980
110100014906041,40,嘉创二路路口南,000000000022980
110100014906115,41,嘉创二路,000000000022980
110100014906085,42,北神树东口,000000000022980
110100014906162,43,嘉创三路南口,000000000022980
110100014906163,44,兴光三街东口,000000000022980
110100014906164,45,台湖法院,000000000022980
110100014906165,46,兴光二街,000000000022980
110100014906166,47,润枫领尚小区北,000000000022980
110100014906148,48,董村南,000000000022980
