stationId,stopNumber,stopName,lineId
110100015469042,1,矿建街北口,000000058459951
110100015469041,2,矿建街南口,000000058459951
110100015469004,3,东辛房街东口,000000058459951
110100015469005,4,惠民家园,000000058459951
110100015469007,5,河滩,000000058459951
110100015469008,6,河滩北站,000000058459951
110100015469009,7,城子,000000058459951
110100015469010,8,城子北站,000000058459951
110100015469011,9,三家店西口,000000058459951
110100015469012,10,三家店,000000058459951
110100015469013,11,三家店东口,000000058459951
110100015469014,12,石景山南宫,000000058459951
110100015469015,13,五里坨,000000058459951
110100015469016,14,黑石头,000000058459951
110100015469017,15,石景山高井,000000058459951
110100015469018,16,高井路口西,000000058459951
110100015469019,17,模式口西里,000000058459951
110100015469020,18,首钢小区,000000058459951
110100015469021,19,模式口南里,000000058459951
110100015469022,20,赵山小区,000000058459951
110100015469023,21,金顶北路,000000058459951
110100015469024,22,金顶街北口,000000058459951
110100015469026,23,金顶街三区,000000058459951
110100015469027,24,地铁苹果园站北,000000058459951
110100015469028,25,苹果园路东口,000000058459951
110100015469029,26,苹果园小区,000000058459951
110100015469030,27,琅山,000000058459951
110100015469031,28,海特花园,000000058459951
110100015469032,29,西井路,000000058459951
110100015469033,30,西井小区,000000058459951
110100015469034,31,西黄村北站,000000058459951
110100015469039,32,西下庄南,000000058459951
110100015469047,33,西下庄北,000000058459951
110100015469036,34,杏石口,000000058459951
110100015469044,35,八大处南站,000000058459951
110100015469046,36,雍王府,000000058459951
