stationId,stopNumber,stopName,lineId
110100014327044,1,晓月苑小区,000000058393481
110100014327005,2,晓月苑二里,000000058393481
110100014327006,3,晓月苑一里,000000058393481
110100014327066,4,新月家园,000000058393481
110100014327007,5,抗战雕塑园,000000058393481
110100014327008,6,西道口,000000058393481
110100014327009,7,五里店西站,000000058393481
110100014327010,8,五里店,000000058393481
110100014327011,9,五里店东站,000000058393481
110100014327012,10,大井,000000058393481
110100014327063,11,丰体时代花园,000000058393481
110100014327013,12,丰台路口西,000000058393481
110100014327055,13,丰台路口东,000000058393481
110100014327065,14,小井,000000058393481
110100014327061,15,小井路口东,000000058393481
110100014327058,16,六里桥西,000000058393481
110100014327014,17,六里桥东,000000058393481
110100014327015,18,莲花池,000000058393481
110100014327016,19,湾子,000000058393481
110100014327017,20,达官营,000000058393481
110100014327045,21,广外关厢,000000058393481
110100014327018,22,广安门内,000000058393481
110100014327046,23,枣林前街路口北,000000058393481
110100014327047,24,枣林前街,000000058393481
110100014327048,25,牛街西里,000000058393481
110100014327049,26,教子胡同南口,000000058393481
110100014327050,27,南横街路口西,000000058393481
110100014327051,28,自新路口北,000000058393481
110100014327052,29,开阳桥北,000000058393481
110100014327053,30,北京南站,000000058393481
