stationId,stopNumber,stopName,lineId
110100014183002,1,回南家园,000000058181061
110100014183003,2,九台庄园西站,000000058181061
110100014183040,3,新干线家园,000000058181061
110100014183041,4,新干线一区西门,000000058181061
110100014183006,5,龙锦苑东五区南门,000000058181061
110100014183007,6,龙锦苑东二区南门,000000058181061
110100014183008,7,龙锦三街,000000058181061
110100014183009,8,和谐家园一区南门,000000058181061
110100014183010,9,和谐家园二区西门,000000058181061
110100014183011,10,龙跃苑东二区东门,000000058181061
110100014183012,11,龙跃苑一区南门,000000058181061
110100014183013,12,龙跃苑四区北门,000000058181061
110100014183014,13,龙腾苑四区北门,000000058181061
110100014183015,14,龙腾苑二区南门,000000058181061
110100014183016,15,龙腾苑六区东门,000000058181061
110100014183017,16,新龙城东站,000000058181061
110100014183039,17,回龙观医院北,000000058181061
110100014183018,18,新龙城,000000058181061
110100014183019,19,回龙观桥南,000000058181061
110100014183020,20,西三旗桥西,000000058181061
110100014183021,21,安宁庄路,000000058181061
110100014183022,22,西二旗,000000058181061
110100014183023,23,西二旗大街,000000058181061
110100014183024,24,地铁西二旗站南,000000058181061
110100014183025,25,上地九街西口,000000058181061
110100014183026,26,软件园东站,000000058181061
110100014183027,27,风芳园,000000058181061
110100014183028,28,上地南口,000000058181061
110100014183029,29,树村东口,000000058181061
110100014183030,30,树村,000000058181061
110100014183031,31,厢黄旗,000000058181061
110100014183032,32,农大南路西口,000000058181061
110100014183033,33,肖家河,000000058181061
110100014183034,34,小清河,000000058181061
110100014183035,35,骚子营,000000058181061
110100014183036,36,西苑,000000058181061
