stationId,stopNumber,stopName,lineId
110100014272002,1,上林苑小区,000000058203261
110100014272003,2,德茂庄,000000058203261
110100014272033,3,地铁五福堂站,000000058203261
110100014272004,4,南小街,000000058203261
110100014272005,5,东营房,000000058203261
110100014272006,6,六营门,000000058203261
110100014272007,7,万源路,000000058203261
110100014272008,8,清和园,000000058203261
110100014272009,9,吉庆庄,000000058203261
110100014272010,10,清欣园,000000058203261
110100014272011,11,碧海公园,000000058203261
110100014272012,12,宣颐家园,000000058203261
110100014272013,13,珊瑚桥南,000000058203261
110100014272014,14,小红门路口北,000000058203261
110100014272015,15,姚村,000000058203261
110100014272016,16,肖村桥北,000000058203261
110100014272034,17,郭家村南,000000058203261
110100014272017,18,郭家村,000000058203261
110100014272018,19,地铁成寿寺站,000000058203261
110100014272019,20,成寿寺,000000058203261
110100014272020,21,成寿寺路北口,000000058203261
110100014272021,22,十里河桥北,000000058203261
110100014272022,23,华威桥南,000000058203261
110100014272023,24,首都图书馆,000000058203261
110100014272024,25,弘燕路西,000000058203261
110100014272025,26,弘燕路,000000058203261
110100014272026,27,弘燕路小区,000000058203261
110100014272027,28,弘燕桥西,000000058203261
110100014272028,29,弘燕桥北,000000058203261
110100014272029,30,金蝉北里,000000058203261
110100014272030,31,厚金路,000000058203261
110100014272031,32,厚金路南口,000000058203261
110100014272032,33,金蝉南里,000000058203261
