stationId,stopNumber,stopName,lineId
110100014124002,1,和平东桥,000000058545420
110100014124003,2,和平西桥,000000058545420
110100014124004,3,安贞桥东,000000058545420
110100014124005,4,安贞桥西,000000058545420
110100014124006,5,安华桥北,000000058545420
110100014124007,6,安贞西里,000000058545420
110100014124043,7,中华民族园,000000058545420
110100014124044,8,民族园路,000000058545420
110100014124045,9,北辰西桥北,000000058545420
110100014124046,10,国家体育馆,000000058545420
110100014124047,11,国家会议中心,000000058545420
110100014124048,12,中科院地理所,000000058545420
110100014124049,13,南沟泥河,000000058545420
110100014124050,14,北沙滩桥东,000000058545420
110100014124040,15,双泉堡南,000000058545420
110100014124015,16,双泉堡,000000058545420
110100014124016,17,花虎沟,000000058545420
110100014124017,18,清河南镇,000000058545420
110100014124018,19,清河,000000058545420
110100014124019,20,清河小营桥北,000000058545420
110100014124020,21,四拨子,000000058545420
110100014124021,22,西三旗桥东,000000058545420
110100014124022,23,邮政研究院,000000058545420
110100014124023,24,育新小区北口,000000058545420
110100014124024,25,地铁育新站,000000058545420
110100014124025,26,黄土店,000000058545420
110100014124042,27,文华路南口,000000058545420
110100014124026,28,新康园北区北门,000000058545420
110100014124027,29,地铁霍营站,000000058545420
110100014124028,30,地铁霍营站东,000000058545420
110100014124029,31,华龙苑南里北门,000000058545420
110100014124030,32,华龙苑中里,000000058545420
110100014124031,33,上坡佳园西门,000000058545420
110100014124032,34,霍营,000000058545420
110100014124033,35,霍营北口,000000058545420
110100014124034,36,平西王府西,000000058545420
110100014124035,37,平西王府,000000058545420
110100014124036,38,宏福苑小区南,000000058545420
110100014124037,39,宏福苑小区东,000000058545420
110100014124038,40,宏福苑小区,000000058545420
110100014124039,41,宏福苑小区西,000000058545420
