stationId,stopNumber,stopName,lineId
900000035214001,1,汤河口,000004341214481
900000035214030,2,汤河口十字街,000004341214481
900000035214031,3,汤河口镇政府,000004341214481
900000035214004,4,古石沟门,000004341214481
900000035214044,5,东黄梁,000004341214481
900000035214028,6,三道沟门,000004341214481
900000035214006,7,兰营,000004341214481
900000035214037,8,东南沟(招呼站),000004341214481
900000035214007,9,王四沟门,000004341214481
900000035214038,10,老西沟门,000004341214481
900000035214039,11,长哨营西(招呼站),000004341214481
900000035214009,12,长哨营,000004341214481
900000035214010,13,杨树湾,000004341214481
900000035214011,14,二道河东沟,000004341214481
900000035214012,15,二道河,000004341214481
900000035214040,16,碾坨子(招呼站),000004341214481
900000035214041,17,七道河村口(招呼站),000004341214481
900000035214013,18,七道河,000004341214481
900000035214045,19,北八道河,000004341214481
900000035214042,20,北八道河西(临时站),000004341214481
900000035214033,21,八道河后沟,000004341214481
900000035214015,22,对角沟门,000004341214481
900000035214016,23,大甸子,000004341214481
900000035214017,24,下窝铺,000004341214481
900000035214032,25,西岔,000004341214481
900000035214034,26,下窝铺,000004341214481
900000035214035,27,大甸子,000004341214481
900000035214019,28,北甸子,000004341214481
900000035214036,29,喇叭沟门南,000004341214481
900000035214020,30,喇叭沟门,000004341214481
900000035214029,31,喇叭沟门乡下湾子,000004341214481
900000035214046,32,西府营,000004341214481
900000035214023,33,喇叭沟门乡转山子,000004341214481
900000035214024,34,黄营,000004341214481
900000035214025,35,胡营,000004341214481
