stationId,stopNumber,stopName,lineId
900000076570054,1,汤河口,000005815190910
900000076570056,2,汤河口十字街,000005815190910
900000076570002,3,汤河口镇政府,000005815190910
900000076570057,4,汤河口镇政府南,000005815190910
900000076570058,5,汤河口东,000005815190910
900000076570059,6,大黄塘北,000005815190910
900000076570004,7,大黄塘,000005815190910
900000076570048,8,大黄塘南,000005815190910
900000076570064,9,小黄塘,000005815190910
900000076570065,10,后安岭路口,000005815190910
900000076570066,11,后安岭,000005815190910
900000076570067,12,东湾子,000005815190910
900000076570009,13,狼虎哨,000005815190910
900000076570010,14,白河北,000005815190910
900000076570011,15,青石岭,000005815190910
900000076570012,16,小河口,000005815190910
900000076570013,17,八宝堂,000005815190910
900000076570069,18,双文铺,000005815190910
900000076570088,19,前安岭村,000005815190910
900000076570071,20,前安岭,000005815190910
900000076570072,21,安洲坝,000005815190910
900000076570073,22,琉璃庙镇转山子,000005815190910
900000076570074,23,琉璃庙,000005815190910
900000076570075,24,南台,000005815190910
900000076570076,25,怀柔龙泉峪,000005815190910
900000076570077,26,柏查子,000005815190910
900000076570078,27,梧桐豪,000005815190910
900000076570079,28,七道沟,000005815190910
900000076570080,29,后山铺,000005815190910
900000076570081,30,刘家店,000005815190910
900000076570082,31,怀北镇黄土梁,000005815190910
900000076570083,32,幽谷神潭,000005815190910
900000076570084,33,怀北镇八亩地北,000005815190910
900000076570085,34,怀北镇八亩地,000005815190910
900000076570086,35,椴树岭,000005815190910
900000076570087,36,椴树岭南,000005815190910
900000076570061,37,怀北镇北台子,000005815190910
900000076570062,38,峪道河,000005815190910
900000076570063,39,干河峪,000005815190910
900000076570045,40,冷水峪,000005815190910
900000076570033,41,青龙峡道口,000005815190910
900000076570046,42,河防口,000005815190910
900000076570049,43,河防口南,000005815190910
900000076570034,44,怀北庄,000005815190910
900000076570050,45,怀北庄南,000005815190910
900000076570035,46,雁栖湖,000005815190910
900000076570036,47,怀北镇,000005815190910
900000076570037,48,北台下,000005815190910
900000076570051,49,顶秀美泉小镇,000005815190910
900000076570052,50,雁栖镇北口,000005815190910
900000076570038,51,雁栖镇,000005815190910
900000076570053,52,雁栖镇南口,000005815190910
900000076570039,53,中富乐,000005815190910
900000076570040,54,大中富乐村口,000005815190910
900000076570041,55,迎宾路北口,000005815190910
900000076570042,56,于家园一区,000005815190910
900000076570043,57,于家园,000005815190910
