stationId,stopNumber,stopName,lineId
110100014349002,1,颐和园新建宫门,000000058214550
110100014349003,2,六郎庄西口,000000058214550
110100014349036,3,柳浪游泳场,000000058214550
110100014349037,4,火器营桥,000000058214550
110100014349004,5,空军指挥学院,000000058214550
110100014349034,6,火器营,000000058214550
110100014349005,7,蓝靛厂,000000058214550
110100014349006,8,长春桥,000000058214550
110100014349007,9,长春桥东,000000058214550
110100014349008,10,长春桥路,000000058214550
110100014349009,11,苏州桥南,000000058214550
110100014349010,12,为公桥,000000058214550
110100014349011,13,万寿寺,000000058214550
110100014349031,14,紫竹桥北,000000058214550
110100014349032,15,花园桥北,000000058214550
110100014349030,16,航天桥,000000058214550
110100014349018,17,公主坟南站,000000058214550
110100014349019,18,六里桥北里,000000058214550
110100014349020,19,六里桥东,000000058214550
110100014349021,20,莲花池,000000058214550
110100014349022,21,太平桥东里,000000058214550
110100014349023,22,华源三里,000000058214550
110100014349024,23,东局,000000058214550
110100014349025,24,东局南,000000058214550
110100014349038,25,丽泽桥东,000000058214550
110100014349039,26,三路居,000000058214550
110100014349033,27,中国戏曲学院,000000058214550
110100014349028,28,菜户营西站,000000058214550
110100014349035,29,菜户营桥西,000000058214550
110100014349029,30,菜户营西路,000000058214550
