stationId,stopNumber,stopName,lineId
110100015087002,1,土桥公交场站,000000058282181
110100015087003,2,地铁土桥站,000000058282181
110100015087004,3,地铁临河里站,000000058282181
110100015087005,4,云景南大街东口,000000058282181
110100015087058,5,金侨时代家园,000000058282181
110100015087006,6,云景里南区,000000058282181
110100015087046,7,天地美墅,000000058282181
110100015087047,8,龙鼎家园,000000058282181
110100015087063,9,西小马庄园,000000058282181
110100015087056,10,翠屏西路,000000058282181
110100015087007,11,格瑞雅居小区,000000058282181
110100015087057,12,翠屏北里,000000058282181
110100015087066,13,新华联家园东,000000058282181
110100015087008,14,新华联家园,000000058282181
110100015087009,15,李老新村,000000058282181
110100015087061,16,通州杨庄南口,000000058282181
110100015087010,17,通州杨庄,000000058282181
110100015087011,18,新华联锦园,000000058282181
110100015087062,19,通州杨庄北口,000000058282181
110100015087013,20,通州北苑路口东,000000058282181
110100015087014,21,通州西门路口东,000000058282181
110100015087015,22,西大街路口西,000000058282181
110100015087016,23,岳庄,000000058282181
110100015087017,24,皇木厂,000000058282181
110100015087018,25,富河园小区,000000058282181
110100015087019,26,西潞苑小区,000000058282181
110100015087055,27,北马庄南,000000058282181
110100015087020,28,北马庄,000000058282181
110100015087059,29,富豪南口,000000058282181
110100015087021,30,富豪,000000058282181
110100015087022,31,双埠头道口,000000058282181
110100015087023,32,徐辛庄,000000058282181
110100015087065,33,草寺村北,000000058282181
110100015087024,34,岗子路口,000000058282181
110100015087052,35,窑上,000000058282181
110100015087026,36,张辛,000000058282181
110100015087028,37,沿河路口,000000058282181
110100015087029,38,李桥,000000058282181
110100015087030,39,李桥北站,000000058282181
110100015087031,40,后桥,000000058282181
110100015087064,41,窑坡站,000000058282181
110100015087032,42,山子坟,000000058282181
110100015087060,43,陶家坟,000000058282181
110100015087033,44,林河西站,000000058282181
110100015087034,45,林河开发区,000000058282181
110100015087035,46,平各庄,000000058282181
110100015087036,47,石园南大街,000000058282181
110100015087037,48,仓上小区,000000058282181
110100015087038,49,顺义公园,000000058282181
110100015087049,50,顺义电视台,000000058282181
110100015087053,51,顺义东大桥,000000058282181
110100015087050,52,地铁俸伯站,000000058282181
110100015087041,53,俸伯,000000058282181
110100015087042,54,俸伯小学,000000058282181
110100015087043,55,河北村,000000058282181
110100015087044,56,南彩汽车站,000000058282181
