stationId,stopNumber,stopName,lineId
900000085209014,1,天恒旭辉小区北门,000007172450120
900000085209015,2,隆平大街北口,000007172450120
900000085209018,3,中海云筑小区西门,000007172450120
900000085209013,4,龙熙旭辉小区,000007172450120
900000085209004,5,龙熙庄园,000007172450120
900000085209005,6,隆顺路北口,000007172450120
900000085209006,7,龙景湾小区南,000007172450120
900000085209007,8,龙景湾小区,000007172450120
900000085209008,9,龙景湾小区北,000007172450120
900000085209009,10,富力华庭北门,000007172450120
900000085209019,11,幸福路,000007172450120
900000085209010,12,庞各庄桥西,000007172450120
900000085209016,13,庞各庄,000007172450120
900000085209001,14,中堡,000007172450120
900000085209002,15,兆丰桥,000007172450120
900000085209017,16,地铁天宫院站,000007172450120
900000085209011,17,思邈路,000007172450120
