stationId,stopNumber,stopName,lineId
110100014304040,1,芍药居公交场站,000000058209071
110100014304041,2,地铁芍药居站,000000058209071
110100014304042,3,育慧南路南口,000000058209071
110100014304043,4,对外经贸大学,000000058209071
110100014304044,5,惠新东桥南,000000058209071
110100014304045,6,惠新东桥东,000000058209071
110100014304038,7,育慧里,000000058209071
110100014304039,8,望和桥,000000058209071
110100014304025,9,望京桥西,000000058209071
110100014304058,10,望京桥北,000000058209071
110100014304026,11,花家地西里西站,000000058209071
110100014304027,12,花家地西里,000000058209071
110100014304046,13,花家地北里,000000058209071
110100014304047,14,望京医院,000000058209071
110100014304048,15,阜通东大街,000000058209071
110100014304028,16,地铁望京南站,000000058209071
110100014304029,17,大山桥东,000000058209071
110100014304049,18,望京村,000000058209071
110100014304057,19,东辛店,000000058209071
110100014304030,20,北皋,000000058209071
110100014304050,21,东郊农场,000000058209071
110100014304051,22,孙河,000000058209071
110100014304052,23,地铁孙河站,000000058209071
110100014304053,24,北甸,000000058209071
110100014304054,25,顺义马连店,000000058209071
110100014304055,26,国展新馆,000000058209071
110100014304056,27,国展新馆公交场站,000000058209071
