stationId,stopNumber,stopName,lineId
110100013867026,1,小辛庄村,000000058303891
110100013867043,2,小辛庄,000000058303891
110100013867041,3,小辛庄西,000000058303891
110100013867029,4,龙锦苑东二区北门,000000058303891
110100013867030,5,霍营北口,000000058303891
110100013867031,6,科星西路北口,000000058303891
110100013867032,7,地铁平西府站,000000058303891
110100013867003,8,马连店村,000000058303891
110100013867004,9,龙锦苑四区西门,000000058303891
110100013867005,10,龙锦苑六区,000000058303891
110100013867006,11,良庄家园,000000058303891
110100013867007,12,龙跃苑二区东门,000000058303891
110100013867008,13,龙跃苑一区西门,000000058303891
110100013867009,14,龙跃苑四区北门,000000058303891
110100013867010,15,龙腾苑四区东门,000000058303891
110100013867011,16,龙跃苑四区西门,000000058303891
110100013867012,17,地铁回龙观站,000000058303891
110100013867013,18,育知路南口,000000058303891
110100013867014,19,龙腾苑三区东门,000000058303891
110100013867015,20,龙禧苑五区西门,000000058303891
110100013867016,21,北店嘉园,000000058303891
110100013867017,22,龙禧苑二区西门,000000058303891
110100013867018,23,流星花园一区西门,000000058303891
110100013867040,24,流星花园一区北门,000000058303891
110100013867033,25,地铁平西府站,000000058303891
110100013867034,26,科星西路北口,000000058303891
110100013867035,27,霍营北口,000000058303891
110100013867036,28,龙锦苑东二区北门,000000058303891
110100013867042,29,小辛庄西,000000058303891
110100013867044,30,小辛庄,000000058303891
110100013867039,31,小辛庄村,000000058303891
