stationId,stopNumber,stopName,lineId
110100015430059,1,文昌东路东口,000011574151160
110100015430060,2,水碾屯新村北站,000011574151160
110100015430004,3,水碾屯新村,000011574151160
110100015430005,4,金地朗悦,000011574151160
110100015430061,5,地铁良乡大学城北站,000011574151160
110100015430007,6,中国社会科学院(良乡),000011574151160
110100015430062,7,智汇城创业园,000011574151160
110100015430009,8,梅花庄新村,000011574151160
110100015430063,9,梅花庄新村西,000011574151160
110100015430010,10,昊蓝温泉家园,000011574151160
110100015430012,11,昊天温泉家园,000011574151160
110100015430013,12,华冠购物中心,000011574151160
110100015430014,13,西潞园,000011574151160
110100015430015,14,良乡西门,000011574151160
110100015430016,15,西潞南大街,000011574151160
110100015430017,16,地铁良乡南关站西,000011574151160
110100015430058,17,房山区政府第二办公区,000011574151160
110100015430018,18,苏庄东街南口,000011574151160
110100015430019,19,地铁苏庄站,000011574151160
110100015430020,20,苏庄西街南口,000011574151160
110100015430021,21,阎村桥,000011574151160
110100015430022,22,炒米店路口,000011574151160
110100015430023,23,阎村,000011574151160
110100015430024,24,阎村镇政府,000011574151160
110100015430025,25,阎安中路,000011574151160
110100015430064,26,房山梨园东里,000011574151160
110100015430073,27,南梨园北,000011574151160
110100015430027,28,南梨园,000011574151160
110100015430028,29,南梨园南,000011574151160
110100015430065,30,二合庄东口,000011574151160
110100015430030,31,二合庄,000011574151160
110100015430066,32,下坡店路口南,000011574151160
110100015430052,33,下坡店,000011574151160
110100015430032,34,房山于庄,000011574151160
110100015430034,35,苏村,000011574151160
110100015430067,36,田家园西口,000011574151160
110100015430079,37,夏村桥西,000011574151160
110100015430074,38,小庄子,000011574151160
110100015430078,39,夏村东口,000011574151160
110100015430077,40,夏村,000011574151160
110100015430075,41,夏村南口,000011574151160
110100015430076,42,梨园店西站,000011574151160
110100015430041,43,双柳树,000011574151160
110100015430042,44,坨头,000011574151160
110100015430043,45,坨头小学,000011574151160
110100015430044,46,坨头西,000011574151160
110100015430045,47,石楼镇政府,000011574151160
110100015430046,48,石楼路口,000011574151160
110100015430057,49,下坡子,000011574151160
110100015430048,50,支楼村,000011574151160
110100015430049,51,支楼路口,000011574151160
110100015430069,52,大次洛村,000011574151160
