stationId,stopNumber,stopName,lineId
110100013677020,1,绿谷雅园小区,000000058150910
110100013677021,2,碧桐园小区,000000058150910
110100013677022,3,锦绣大地,000000058150910
110100013677023,4,巨山路南口,000000058150910
110100013677024,5,龚村东口,000000058150910
110100013677025,6,金隅瑞和园,000000058150910
110100013677026,7,梁公庵,000000058150910
110100013677027,8,总参通讯干休所,000000058150910
110100013677028,9,田村山南路,000000058150910
110100013677029,10,玉海园西,000000058150910
110100013677030,11,航天中心医院,000000058150910
110100013677031,12,正大路西口,000000058150910
110100013677032,13,玉泉路口北,000000058150910
110100013677013,14,八宝山,000000058150910
110100013677014,15,地铁八宝山站,000000058150910
110100013677015,16,鲁谷西站,000000058150910
110100013677016,17,焦家坟路口东,000000058150910
110100013677017,18,永乐西小区,000000058150910
110100013677018,19,衙门口东,000000058150910
