stationId,stopNumber,stopName,lineId
110100015836002,1,龙潭公园,000000058542121
110100015836003,2,北京体育馆,000000058542121
110100015836004,3,北京体育馆西,000000058542121
110100015836005,4,法华寺,000000058542121
110100015836021,5,红桥路口北,000000058542121
110100015836006,6,磁器口北,000000058542121
110100015836022,7,花市路口南,000000058542121
110100015836007,8,崇文门西,000000058542121
110100015836023,9,台基厂路口西,000000058542121
110100015836008,10,正义路南口,000000058542121
110100015836009,11,南河沿,000000058542121
110100015836010,12,锡拉胡同,000000058542121
110100015836011,13,骑河楼,000000058542121
110100015836012,14,沙滩路口北,000000058542121
110100015836013,15,亮果厂,000000058542121
110100015836014,16,东黄城根北口,000000058542121
110100015836015,17,南锣鼓巷,000000058542121
110100015836016,18,地安门东,000000058542121
110100015836017,19,鼓楼,000000058542121
110100015836024,20,鼓楼北,000000058542121
110100015836018,21,鼓楼桥南,000000058542121
110100015836019,22,六铺炕,000000058542121
110100015836020,23,黄寺总政大院,000000058542121
