stationId,stopNumber,stopName,lineId
110100013395002,1,阜成门内,000000058387210
110100013395003,2,阜成门,000000058387210
110100013395004,3,展览路,000000058387210
110100013395005,4,阜外西口,000000058387210
110100013395006,5,甘家口东,000000058387210
110100013395007,6,白堆子口东,000000058387210
110100013395008,7,马神庙,000000058387210
110100013395009,8,航天桥东,000000058387210
110100013395010,9,航天桥西,000000058387210
110100013395011,10,西钓鱼台,000000058387210
110100013395012,11,定慧寺东,000000058387210
110100013395013,12,定慧桥东,000000058387210
110100013395014,13,定慧桥北,000000058387210
110100013395015,14,五路桥,000000058387210
110100013395016,15,营慧寺,000000058387210
110100013395017,16,四季青桥南,000000058387210
110100013395018,17,四季青桥北,000000058387210
110100013395019,18,东冉村,000000058387210
110100013395020,19,南坞,000000058387210
