stationId,stopNumber,stopName,lineId
110100013798002,1,地铁龙泽站,000000058353461
110100013798003,2,龙华园南,000000058353461
110100013798004,3,龙华园北,000000058353461
110100013798005,4,三合庄园,000000058353461
110100013798006,5,风雅园北,000000058353461
110100013798007,6,回龙观公交场站,000000058353461
110100013798008,7,龙禧苑三区路口西,000000058353461
110100013798009,8,流星花园,000000058353461
110100013798010,9,马连店南口,000000058353461
110100013798011,10,龙锦苑四区,000000058353461
110100013798012,11,田园风光雅苑,000000058353461
110100013798013,12,龙锦苑一区,000000058353461
110100013798014,13,和谐家园一区北门,000000058353461
110100013798015,14,上坡路口西,000000058353461
110100013798016,15,龙锦苑东二区北门,000000058353461
110100013798033,16,小辛庄西,000000058353461
110100013798017,17,小辛庄,000000058353461
110100013798018,18,小辛庄东,000000058353461
110100013798019,19,魏窑村西,000000058353461
110100013798020,20,魏窑村,000000058353461
110100013798021,21,半截塔村北站,000000058353461
110100013798022,22,半截塔村东站,000000058353461
110100013798023,23,东三旗,000000058353461
110100013798024,24,地铁天通苑北站南,000000058353461
110100013798025,25,天通北苑一区北门,000000058353461
110100013798034,26,天通北苑二区北门,000000058353461
110100013798035,27,狮子营西门,000000058353461
110100013798036,28,天通北苑二区东门,000000058353461
110100013798029,29,天通北苑三区南,000000058353461
110100013798030,30,天通北苑三区南门,000000058353461
110100013798031,31,天通东苑三区西门,000000058353461
110100013798032,32,天通北苑,000000058353461
