stationId,stopNumber,stopName,lineId
110100015774050,1,金庄三巷北口,000000058360770
110100015774037,2,地铁群芳站,000000058360770
110100015774051,3,颐瑞中三路南口,000000058360770
110100015774038,4,颐瑞中三路北口,000000058360770
110100015774039,5,瑞都公园世家北区,000000058360770
110100015774040,6,颐瑞中二路北口,000000058360770
110100015774041,7,地铁土桥站,000000058360770
110100015774042,8,临河里路南口,000000058360770
110100015774043,9,临河里路,000000058360770
110100015774044,10,临河里路北口,000000058360770
110100015774028,11,玉桥中路南口,000000058360770
110100015774004,12,通州三间房,000000058360770
110100015774005,13,梨园北街,000000058360770
110100015774006,14,玉桥东路,000000058360770
110100015774007,15,玉桥北里,000000058360770
110100015774008,16,乔庄北街,000000058360770
110100015774009,17,玉桥中路,000000058360770
110100015774010,18,玉桥中路北口,000000058360770
110100015774011,19,西上园小区西门,000000058360770
110100015774012,20,通州东关西,000000058360770
110100015774014,21,新华大街,000000058360770
110100015774024,22,西大街路口东,000000058360770
110100015774029,23,岳庄,000000058360770
110100015774030,24,皇木厂,000000058360770
110100015774031,25,北京胸科医院,000000058360770
110100015774032,26,北京物资学院南站,000000058360770
110100015774033,27,天赐良园,000000058360770
110100015774034,28,北京物资学院,000000058360770
110100015774035,29,邓家窑,000000058360770
110100015774045,30,五里桥路口西,000000058360770
110100015774046,31,地铁草房站东,000000058360770
110100015774047,32,地铁草房站,000000058360770
110100015774048,33,东十里堡村,000000058360770
110100015774049,34,常营体育公园,000000058360770
