stationId,stopNumber,stopName,lineId
110100013901002,1,学知桥北,000000058315490
110100013901003,2,北京航空航天大学,000000058315490
110100013901004,3,成府路口南,000000058315490
110100013901005,4,学院路北口,000000058315490
110100013901031,5,中国农业大学东校区,000000058315490
110100013901032,6,二里庄北口,000000058315490
110100013901033,7,北沙滩桥西,000000058315490
110100013901034,8,北沙滩桥东,000000058315490
110100013901035,9,奥运村西,000000058315490
110100013901036,10,林萃路口北,000000058315490
110100013901037,11,澳林春天小区,000000058315490
110100013901038,12,倚林佳园东门,000000058315490
110100013901039,13,京师园,000000058315490
110100013901040,14,地铁林萃桥站,000000058315490
110100013901041,15,龙岗路东口,000000058315490
110100013901042,16,宝盛路口北,000000058315490
110100013901043,17,黑泉路,000000058315490
110100013901044,18,西小口路口南,000000058315490
110100013901045,19,西小口路口北,000000058315490
110100013901046,20,枫丹丽舍小区东,000000058315490
110100013901048,21,科星路南口,000000058315490
110100013901049,22,黄土店火车站,000000058315490
110100013901022,23,华龙苑南里北门,000000058315490
110100013901023,24,华龙苑中里,000000058315490
110100013901024,25,上坡佳园西门,000000058315490
110100013901025,26,霍营,000000058315490
110100013901026,27,龙锦苑东二区北门,000000058315490
110100013901030,28,小辛庄西,000000058315490
110100013901027,29,小辛庄,000000058315490
110100013901028,30,小辛庄村,000000058315490
