stationId,stopNumber,stopName,lineId
900000080915001,1,鹿海园公交场站,000006607558021
900000080915012,2,泰河路口南,000006607558021
900000080915013,3,泰河一街西口,000006607558021
900000080915002,4,鹿海园小区,000006607558021
900000080915005,5,博兴路口,000006607558021
900000080915006,6,博兴三路口,000006607558021
900000080915016,7,泰河一街东站,000006607558021
900000080915014,8,博兴一路变电站,000006607558021
900000080915007,9,博兴一路口,000006607558021
900000080915008,10,新凤河大桥东口,000006607558021
900000080915003,11,新海南里南区,000006607558021
900000080915009,12,兴华南街,000006607558021
900000080915010,13,兴华嘉园西区西门,000006607558021
900000080915011,14,兴马街,000006607558021
900000080915004,15,西店,000006607558021
