stationId,stopNumber,stopName,lineId
900000111675001,1,鹿海园公交场站,000009536864411
900000111675002,2,泰河路口南,000009536864411
900000111675003,3,南海家园三里,000009536864411
900000111675014,4,四合路,000009536864411
900000111675021,5,南海家园七里,000009536864411
900000111675022,6,金麟府小区,000009536864411
900000111675023,7,和悦华锦小区,000009536864411
900000111675024,8,金隅学府小区,000009536864411
900000111675025,9,亦庄实验中学,000009536864411
900000111675004,10,千顷堂街,000009536864411
900000111675019,11,海梓府小区,000009536864411
900000111675026,12,南海幼儿园,000009536864411
900000111675020,13,南海家园一里东门,000009536864411
900000111675007,14,宝善庄西,000009536864411
900000111675008,15,南海子公园,000009536864411
900000111675009,16,姜场村,000009536864411
900000111675010,17,玉璟园,000009536864411
900000111675011,18,瀛海路口东,000009536864411
900000111675015,19,瀛海庄,000009536864411
900000111675016,20,地铁瀛海站西,000009536864411
900000111675027,21,瀛祥路,000009536864411
900000111675012,22,瀛吉街,000009536864411
900000111675017,23,瀛坤路,000009536864411
900000111675018,24,瀛昌街,000009536864411
900000111675013,25,永旭嘉园,000009536864411
