stationId,stopNumber,stopName,lineId
110100015549001,1,巴沟村,000000058677370
110100015549002,2,海淀南路西口,000000058677370
110100015549003,3,海淀南路,000000058677370
110100015549024,4,海淀黄庄东,000000058677370
110100015549005,5,知春里,000000058677370
110100015549025,6,白塔庵东,000000058677370
110100015549007,7,知春路,000000058677370
110100015549009,8,学知桥东,000000058677370
110100015549010,9,塔院小区南门,000000058677370
110100015549011,10,牡丹园西,000000058677370
110100015549012,11,牡丹园东,000000058677370
110100015549013,12,健德门西,000000058677370
110100015549014,13,健德门东,000000058677370
110100015549015,14,地铁北土城站,000000058677370
110100015549026,15,安贞医院北站,000000058677370
110100015549017,16,地铁安贞门站,000000058677370
110100015549018,17,奥体东门,000000058677370
110100015549019,18,安慧桥北,000000058677370
110100015549020,19,炎黄艺术馆南门,000000058677370
110100015549021,20,慧忠路东口,000000058677370
110100015549022,21,秀园,000000058677370
110100015549023,22,慧忠里,000000058677370
