stationId,stopNumber,stopName,lineId
110100015798002,1,燕莎桥南,000000058329210
110100015798003,2,亮马桥,000000058329210
110100015798028,3,长虹桥东,000000058329210
110100015798004,4,团结湖,000000058329210
110100015798005,5,甜水园街北口,000000058329210
110100015798006,6,朝阳公园南门,000000058329210
110100015798007,7,朝阳公园桥东,000000058329210
110100015798008,8,豆各庄路口西,000000058329210
110100015798009,9,姚家园西口,000000058329210
110100015798011,10,姚家园西,000000058329210
110100015798024,11,姚家园南,000000058329210
110100015798027,12,国美第一城小区,000000058329210
110100015798012,13,姚家园村,000000058329210
110100015798013,14,青年路口北,000000058329210
110100015798040,15,青年路口东,000000058329210
110100015798014,16,黄杉木店,000000058329210
110100015798015,17,亮马厂,000000058329210
110100015798016,18,白家楼桥东,000000058329210
110100015798025,19,地铁褡裢坡站,000000058329210
110100015798018,20,黄渠村,000000058329210
110100015798029,21,地铁黄渠站,000000058329210
110100015798030,22,常营中路西口,000000058329210
110100015798031,23,常营民族家园,000000058329210
110100015798039,24,常营中路,000000058329210
110100015798032,25,万象新天一区,000000058329210
110100015798033,26,万象新天三区,000000058329210
110100015798034,27,北辰福第小区,000000058329210
110100015798035,28,阳光美园北门,000000058329210
110100015798036,29,常营中路东口,000000058329210
110100015798037,30,草房西路北口,000000058329210
110100015798038,31,草房西路南口,000000058329210
