stationId,stopNumber,stopName,lineId
900000084747001,1,红螺寺,000007098573261
900000084747002,2,芦庄村口,000007098573261
900000084747003,3,红螺镇村,000007098573261
900000084747004,4,红螺镇村南,000007098573261
900000084747005,5,红螺家园,000007098573261
900000084747015,6,红螺路中街,000007098573261
900000084747006,7,红螺路,000007098573261
900000084747007,8,乐红园小区,000007098573261
900000084747008,9,富乐大街,000007098573261
900000084747017,10,迎宾路北口,000007098573261
900000084747016,11,于家园一区,000007098573261
900000084747011,12,于家园,000007098573261
900000084747012,13,下元,000007098573261
900000084747013,14,怀柔招商局,000007098573261
900000084747014,15,怀柔汽车站,000007098573261
