stationId,stopNumber,stopName,lineId
110100010653002,1,地铁龙泽站,000000058491001
110100010653003,2,育知路南口,000000058491001
110100010653004,3,龙华园东,000000058491001
110100010653005,4,龙华园,000000058491001
110100010653006,5,北郊农场桥东,000000058491001
110100010653007,6,北郊农场桥北,000000058491001
110100010653008,7,二拨子,000000058491001
110100010653009,8,朱辛庄,000000058491001
110100010653024,9,史各庄南,000000058491001
110100010653011,10,史各庄,000000058491001
110100010653012,11,定福皇庄,000000058491001
110100010653013,12,碧水庄园,000000058491001
110100010653026,13,沙河(北行),000000058491001
110100010653025,14,沙河(南行),000000058491001
110100010653030,15,沙阳路东口,000000058491001
110100010653015,16,沙河西站,000000058491001
110100010653028,17,老牛湾东站,000000058491001
110100010653027,18,老牛湾,000000058491001
110100010653021,19,南玉河路口东,000000058491001
110100010653022,20,北玉河村东,000000058491001
110100010653017,21,北玉河村,000000058491001
110100010653018,22,皂甲屯,000000058491001
110100010653029,23,九八四医院,000000058491001
