stationId,stopNumber,stopName,lineId
110100015821002,1,翠福园小区,000000058530681
110100015821039,2,北马庄南,000000058530681
110100015821003,3,西潞苑小区,000000058530681
110100015821004,4,富河园小区,000000058530681
110100015821005,5,北京胸科医院,000000058530681
110100015821006,6,北京物资学院南站,000000058530681
110100015821007,7,西马庄,000000058530681
110100015821008,8,八里桥北站,000000058530681
110100015821009,9,西军庄,000000058530681
110100015821010,10,杨闸环岛东,000000058530681
110100015821011,11,杨闸环岛西,000000058530681
110100015821012,12,管庄路口北,000000058530681
110100015821013,13,科技大学管庄校区,000000058530681
110100015821035,14,汇鸿家园,000000058530681
110100015821036,15,三间房东路北口,000000058530681
110100015821037,16,常营西站,000000058530681
110100015821038,17,地铁黄渠站,000000058530681
