stationId,stopNumber,stopName,lineId
110100055667002,1,天桥,000000058375820
110100055667003,2,友谊医院东,000000058375820
110100055667004,3,永安路,000000058375820
110100055667005,4,虎坊桥路口西,000000058375820
110100055667006,5,果子巷,000000058375820
110100055667007,6,菜市口北,000000058375820
110100055667008,7,校场口,000000058375820
110100055667009,8,宣武门外,000000058375820
110100055667010,9,西单路口南,000000058375820
110100055667011,10,西单商场,000000058375820
110100055667012,11,缸瓦市,000000058375820
110100055667013,12,西四路口南,000000058375820
110100055667014,13,大红罗厂西口,000000058375820
110100055667023,14,平安里路口南,000000058375820
110100055667024,15,护国寺,000000058375820
110100055667022,16,新街口南,000000058375820
110100055667017,17,新开胡同,000000058375820
110100055667018,18,西直门内,000000058375820
110100055667019,19,西直门外,000000058375820
110100055667020,20,动物园,000000058375820
110100055667021,21,白石桥东,000000058375820
