stationId,stopNumber,stopName,lineId
110100016360002,1,北京西站,000014286687311
110100016360003,2,白云桥西,000014286687311
110100016360004,3,白云观,000014286687311
110100016360005,4,白云路,000014286687311
110100016360006,5,三里河东路南口,000014286687311
110100016360007,6,月坛南街北站,000014286687311
110100016360035,7,月坛北街北站,000014286687311
110100016360009,8,展览路口北,000014286687311
110100016360010,9,百万庄东口,000014286687311
110100016360011,10,二里沟东口,000014286687311
110100016360012,11,北京展览馆,000014286687311
110100016360013,12,动物园,000014286687311
110100016360014,13,白石桥东,000014286687311
110100016360015,14,国家图书馆,000014286687311
110100016360016,15,中央民族大学,000014286687311
110100016360017,16,大慧寺路西口,000014286687311
110100016360018,17,大慧寺路东口,000014286687311
110100016360036,18,大柳树北站,000014286687311
110100016360020,19,皂君东里,000014286687311
110100016360021,20,联想桥南,000014286687311
110100016360022,21,白塔庵南,000014286687311
110100016360023,22,白塔庵,000014286687311
110100016360024,23,白塔庵北,000014286687311
110100016360025,24,保福寺桥南,000014286687311
110100016360026,25,保福寺桥北,000014286687311
110100016360027,26,东升园,000014286687311
110100016360028,27,清华园,000014286687311
110100016360029,28,蓝旗营,000014286687311
110100016360037,29,中关园北站,000014286687311
110100016360031,30,清华大学西门,000014286687311
110100016360032,31,圆明园南门,000014286687311
110100016360033,32,颐和园路东口,000014286687311
110100016360034,33,西苑,000014286687311
