stationId,stopNumber,stopName,lineId
110100011654002,1,石厂村,000000058449491
110100011654023,2,紫金路,000000058449491
110100011654024,3,小园村,000000058449491
110100011654003,4,石门营,000000058449491
110100011654004,5,永定镇何各庄,000000058449491
110100011654005,6,石龙工业区,000000058449491
110100011654006,7,冯村,000000058449491
110100011654007,8,永定中学,000000058449491
110100011654008,9,葡萄嘴路口南,000000058449491
110100011654027,10,葡萄嘴路口北,000000058449491
110100011654009,11,葡东小区,000000058449491
110100011654010,12,大峪中学西门,000000058449491
110100011654026,13,德露苑,000000058449491
110100011654011,14,承泽苑,000000058449491
110100011654012,15,滨河西区,000000058449491
110100011654013,16,双峪,000000058449491
110100011654014,17,新桥大街,000000058449491
110100011654015,18,河滩,000000058449491
110100011654016,19,小黑山,000000058449491
110100011654017,20,龙泉西公交场站,000000058449491
110100011654018,21,矿建街,000000058449491
110100011654019,22,增产路,000000058449491
110100011654020,23,东辛房,000000058449491
110100011654021,24,东辛房西,000000058449491
110100011654022,25,西辛房,000000058449491
110100011654025,26,西辛房西,000000058449491
