stationId,stopNumber,stopName,lineId
900000085204001,1,生命科学园西站,000007172449980
900000085204002,2,医疗园路西站,000007172449980
900000085204003,3,医疗园路,000007172449980
900000085204004,4,科学园路北站,000007172449980
900000085204005,5,科学园路,000007172449980
900000085204006,6,北清创意园,000007172449980
900000085204008,7,地铁生命科学园站西,000007172449980
900000085204009,8,地铁生命科学园站,000007172449980
900000085204010,9,朱辛庄新区西,000007172449980
900000085204011,10,朱辛庄新区,000007172449980
900000085204012,11,朱辛庄新区东,000007172449980
900000085204013,12,地铁朱辛庄站南口,000007172449980
900000085204014,13,文华西路北口,000007172449980
900000085204015,14,马连店东,000007172449980
900000085204016,15,白各庄南,000007172449980
900000085204017,16,平西王府西,000007172449980
900000085204018,17,平西王府,000007172449980
900000085204019,18,白庙村,000007172449980
900000085204020,19,中国经济时报社,000007172449980
900000085204021,20,王府温馨公寓,000007172449980
900000085204022,21,王府花园,000007172449980
900000085204023,22,王府公寓,000007172449980
900000085204024,23,平西王府路口西,000007172449980
900000085204025,24,平西王府路口东,000007172449980
900000085204026,25,名佳花园,000007172449980
900000085204027,26,名佳四区,000007172449980
900000085204028,27,名流花园兰苑,000007172449980
900000085204029,28,名流花园菊苑,000007172449980
900000085204030,29,北京洋房小区,000007172449980
900000085204031,30,东二旗村西站,000007172449980
900000085204032,31,东二旗村,000007172449980
900000085204033,32,沟自头北口,000007172449980
900000085204034,33,小河湾,000007172449980
900000085204035,34,小河湾东,000007172449980
900000085204040,35,地铁未来科学城站,000007172449980
900000085204036,36,英才南三街,000007172449980
900000085204037,37,鲁疃嘉园,000007172449980
900000085204038,38,英才南三街东口,000007172449980
