stationId,stopNumber,stopName,lineId
110100015485032,1,万源路,000000058664290
110100015485031,2,东高地,000000058664290
110100015485033,3,西洼地,000000058664290
110100015485001,4,三营门,000000058664290
110100015485002,5,和义南站,000000058664290
110100015485003,6,和义农场,000000058664290
110100015485004,7,久敬庄,000000058664290
110100015485005,8,大红门桥北,000000058664290
110100015485006,9,大红门北站,000000058664290
110100015485007,10,南顶村,000000058664290
110100015485059,11,南顶村北口,000000058664290
110100015485008,12,海慧寺,000000058664290
110100015485009,13,海户屯,000000058664290
110100015485010,14,木樨园桥北,000000058664290
110100015485034,15,沙子口,000000058664290
110100015485081,16,永定门内,000000058664290
110100015485035,17,先农坛,000000058664290
110100015485012,18,天坛西门,000000058664290
110100015485036,19,天桥,000000058664290
110100015485013,20,珠市口南,000000058664290
110100015485037,21,大栅栏,000000058664290
110100015485038,22,前门,000000058664290
110100015485060,23,前门东,000000058664290
110100015485061,24,正义路南口,000000058664290
110100015485039,25,南河沿,000000058664290
110100015485016,26,东安门,000000058664290
110100015485040,27,骑河楼,000000058664290
110100015485017,28,沙滩路口西,000000058664290
110100015485018,29,景山东门,000000058664290
110100015485041,30,景山东街,000000058664290
110100015485019,31,地安门内,000000058664290
110100015485074,32,地安门东,000000058664290
110100015485075,33,南锣鼓巷,000000058664290
110100015485076,34,北兵马司,000000058664290
110100015485077,35,交道口南,000000058664290
110100015485078,36,小经厂,000000058664290
110100015485079,37,宝钞胡同,000000058664290
110100015485080,38,鼓楼,000000058664290
110100015485021,39,铸钟厂,000000058664290
110100015485022,40,德内甘水桥,000000058664290
110100015485023,41,果子市,000000058664290
110100015485073,42,德胜门南站,000000058664290
110100015485024,43,德胜门,000000058664290
110100015485025,44,德胜门外,000000058664290
110100015485026,45,德外关厢,000000058664290
110100015485027,46,马甸桥南,000000058664290
110100015485028,47,马甸桥北,000000058664290
110100015485068,48,健德门东,000000058664290
110100015485069,49,华严里,000000058664290
110100015485070,50,民族园西路,000000058664290
110100015485071,51,祁家豁子,000000058664290
