stationId,stopNumber,stopName,lineId
900000111249001,1,斋堂公交场站,000009446832111
900000111249018,2,斋堂,000009446832111
900000111249019,3,斋堂西口,000009446832111
900000111249004,4,西斋堂,000009446832111
900000111249005,5,爨底下路口,000009446832111
900000111249006,6,高铺,000009446832111
900000111249007,7,达摩口,000009446832111
900000111249008,8,下清水,000009446832111
900000111249009,9,清水,000009446832111
900000111249010,10,上清水,000009446832111
900000111249011,11,清水镇新村,000009446832111
900000111249012,12,清水镇政府,000009446832111
900000111249013,13,百花山路口,000009446832111
900000111249014,14,梁家铺,000009446832111
900000111249015,15,塔河村,000009446832111
900000111249020,16,龙王口,000009446832111
900000111249017,17,龙王村,000009446832111
