stationId,stopNumber,stopName,lineId
110100013563030,1,槐树岭公交场站,000000058428180
110100013563031,2,槐树岭,000000058428180
110100013563032,3,南营东站,000000058428180
110100013563033,4,南营北站,000000058428180
110100013563005,5,八一射击场,000000058428180
110100013563021,6,芦井村,000000058428180
110100013563006,7,芦井,000000058428180
110100013563007,8,园博园六号门,000000058428180
110100013563008,9,漫水桥,000000058428180
110100013563034,10,漫水桥东,000000058428180
110100013563009,11,燕山水泥厂,000000058428180
110100013563010,12,河堤,000000058428180
110100013563011,13,石景山水屯,000000058428180
110100013563012,14,三号桥,000000058428180
110100013563013,15,衙门口村,000000058428180
110100013563014,16,衙门口桥北,000000058428180
110100013563015,17,衙门口西,000000058428180
110100013563025,18,京原路口南,000000058428180
110100013563020,19,京燕饭店,000000058428180
110100013563017,20,八角,000000058428180
110100013563018,21,石景山古城,000000058428180
110100013563019,22,老古城,000000058428180
110100013563022,23,首钢厂东门,000000058428180
110100013563029,24,城通街北口,000000058428180
110100013563028,25,城通街,000000058428180
