stationId,stopNumber,stopName,lineId
110100014292002,1,马官营西,000006451391361
110100014292003,2,莲宝路口东,000006451391361
110100014292004,3,莲宝路口北,000006451391361
110100014292005,4,金家村桥北,000006451391361
110100014292006,5,万寿路口东,000006451391361
110100014292007,6,翠微路口,000006451391361
110100014292008,7,公主坟西,000006451391361
110100014292009,8,公主坟东,000006451391361
110100014292010,9,军事博物馆,000006451391361
110100014292011,10,木樨地西,000006451391361
110100014292012,11,木樨地北,000006451391361
110100014292013,12,西城三里河,000006451391361
110100014292014,13,三里河东口,000006451391361
110100014292015,14,二七剧场路北口,000006451391361
110100014292016,15,儿童医院路口西,000006451391361
110100014292017,16,辟才胡同西口,000006451391361
110100014292018,17,辟才胡同东口,000006451391361
110100014292019,18,灵境胡同,000006451391361
110100014292020,19,西黄城根南街,000006451391361
110100014292021,20,西黄城根,000006451391361
110100014292022,21,北京三十九中学,000006451391361
110100014292023,22,厂桥路口西,000006451391361
