stationId,stopNumber,stopName,lineId
900000128023001,1,红煤厂公交场站,000010858354191
900000128023002,2,南窖路口,000010858354191
900000128023003,3,红煤厂路口,000010858354191
900000128023004,4,红煤厂,000010858354191
900000128023005,5,黄土台东,000010858354191
900000128023006,6,黄土台,000010858354191
900000128023007,7,教军场,000010858354191
900000128023008,8,西流水,000010858354191
900000128023009,9,大安山乡水峪,000010858354191
900000128023010,10,中山,000010858354191
900000128023011,11,万顷园路口,000010858354191
900000128023012,12,瞧煤涧路口,000010858354191
900000128023013,13,大北河,000010858354191
900000128023014,14,大安山村,000010858354191
900000128023015,15,大安山村西口,000010858354191
900000128023016,16,大安山小学,000010858354191
900000128023017,17,寺尚村路口,000010858354191
900000128023018,18,寺尚村,000010858354191
900000128023020,19,桃儿岭,000010858354191
900000128023021,20,房山西苑村一队,000010858354191
900000128023023,21,董家岭,000010858354191
900000128023025,22,房山西苑村二队,000010858354191
900000128023026,23,房山西苑村三队,000010858354191
900000128023024,24,董家台岭,000010858354191
900000128023022,25,东边岭,000010858354191
900000128023019,26,房山西苑村,000010858354191
