stationId,stopNumber,stopName,lineId
900000137269001,1,房山六合村,000011730251060
900000137269002,2,狮子谷,000011730251060
900000137269003,3,房山南台子,000011730251060
900000137269004,4,东天峪,000011730251060
900000137269016,5,六合路口,000011730251060
900000137269005,6,马安,000011730251060
900000137269006,7,西石片,000011730251060
900000137269007,8,东石片,000011730251060
900000137269008,9,十渡蜂儿峪,000011730251060
900000137269009,10,十渡中心小学,000011730251060
900000137269010,11,十渡北站,000011730251060
900000137269011,12,十渡村,000011730251060
900000137269012,13,十渡南站,000011730251060
900000137269013,14,十渡,000011730251060
900000137269014,15,十渡镇西庄,000011730251060
900000137269015,16,十渡公交场站,000011730251060
