stationId,stopNumber,stopName,lineId
110100016067002,1,地铁苹果园站,000000058285251
110100016067003,2,金顶南路,000000058285251
110100016067004,3,金安桥西,000000058285251
110100016067035,4,铸造村,000000058285251
110100016067005,5,首钢小西门,000000058285251
110100016067006,6,广宁村,000000058285251
110100016067007,7,石景山火车站,000000058285251
110100016067008,8,麻峪,000000058285251
110100016067030,9,麻峪北口,000000058285251
110100016067009,10,侯庄子,000000058285251
110100016067010,11,双峪,000000058285251
110100016067011,12,京煤集团,000000058285251
110100016067012,13,新桥南街,000000058285251
110100016067013,14,月季园小区,000000058285251
110100016067014,15,葡萄嘴,000000058285251
110100016067015,16,葡萄嘴路口南,000000058285251
110100016067016,17,永定中学,000000058285251
110100016067017,18,冯村,000000058285251
110100016067018,19,石龙工业区,000000058285251
110100016067019,20,永定镇何各庄,000000058285251
110100016067034,21,石门营新区,000000058285251
110100016067021,22,石厂村,000000058285251
110100016067022,23,华侨陵园,000000058285251
110100016067023,24,苛罗坨,000000058285251
110100016067024,25,门头沟南村,000000058285251
110100016067025,26,鲁家滩村口,000000058285251
110100016067026,27,鲁家滩西口,000000058285251
110100016067031,28,潭柘寺镇政府,000000058285251
110100016067027,29,南辛房,000000058285251
110100016067032,30,八奇洞,000000058285251
110100016067028,31,平原村,000000058285251
110100016067029,32,潭柘寺,000000058285251
