stationId,stopNumber,stopName,lineId
110100014886002,1,时代庄园北站,000014286687381
110100014886003,2,时代庄园东站,000014286687381
110100014886004,3,时代庄园,000014286687381
110100014886005,4,北苑家园,000014286687381
110100014886006,5,北苑家园西站,000014286687381
110100014886007,6,大羊坊东站,000014286687381
110100014886008,7,大羊坊,000014286687381
110100014886009,8,北苑,000014286687381
110100014886010,9,辛店村,000014286687381
110100014886054,10,科荟路东口,000014286687381
110100014886055,11,慧忠北里北,000014286687381
110100014886013,12,大屯南,000014286687381
110100014886014,13,炎黄艺术馆,000014286687381
110100014886015,14,安慧桥北,000014286687381
110100014886016,15,奥体东门,000014286687381
110100014886017,16,安贞里,000014286687381
110100014886018,17,安外甘水桥,000014286687381
110100014886019,18,蒋宅口,000014286687381
110100014886020,19,地坛西门,000014286687381
110100014886021,20,安定门内,000014286687381
110100014886022,21,方家胡同,000014286687381
110100014886023,22,交道口南,000014286687381
110100014886047,23,北兵马司,000014286687381
110100014886048,24,亮果厂,000014286687381
110100014886049,25,沙滩路口南,000014286687381
110100014886050,26,骑河楼,000014286687381
110100014886051,27,东安门大街,000014286687381
110100014886052,28,新东安市场,000014286687381
110100014886027,29,校尉胡同,000014286687381
110100014886028,30,王府井路口北,000014286687381
110100014886029,31,正义路,000014286687381
110100014886030,32,前门,000014286687381
110100014886031,33,大栅栏,000014286687381
110100014886032,34,珠市口南,000014286687381
110100014886033,35,天桥,000014286687381
110100014886034,36,天坛西门,000014286687381
110100014886053,37,先农坛,000014286687381
110100014886035,38,永定门东,000014286687381
110100014886036,39,天坛南门,000014286687381
110100014886037,40,李村,000014286687381
110100014886038,41,琉璃井,000014286687381
110100014886039,42,定安路,000014286687381
110100014886040,43,赵公口桥南,000014286687381
110100014886041,44,石榴园,000014286687381
110100014886042,45,石榴园南,000014286687381
110100014886043,46,彩虹城小区,000014286687381
110100014886044,47,金桥西街,000014286687381
110100014886045,48,榴乡路南站,000014286687381
110100014886046,49,宋家庄枢纽站,000014286687381
