stationId,stopNumber,stopName,lineId
110100013757031,1,慧忠里,000000058340311
110100013757032,2,炎黄艺术馆,000000058340311
110100013757004,3,安慧桥北,000000058340311
110100013757005,4,安慧桥东,000000058340311
110100013757006,5,惠新东桥西,000000058340311
110100013757007,6,惠新东桥东,000000058340311
110100013757008,7,育慧里,000000058340311
110100013757009,8,望和桥,000000058340311
110100013757010,9,望和桥东,000000058340311
110100013757011,10,望京桥西,000000058340311
110100013757012,11,望京桥东,000000058340311
110100013757013,12,京密路丽都饭店,000000058340311
110100013757014,13,丽都饭店,000000058340311
110100013757015,14,高家园,000000058340311
110100013757016,15,将台路口西,000000058340311
110100013757017,16,酒仙桥,000000058340311
110100013757018,17,酒仙桥中心小学,000000058340311
110100013757019,18,南十里居北站,000000058340311
110100013757020,19,南十里居,000000058340311
110100013757021,20,星火西路北站,000000058340311
110100013757022,21,星火西路,000000058340311
110100013757023,22,豆各庄,000000058340311
110100013757024,23,豆各庄路口南,000000058340311
110100013757025,24,石佛营东里,000000058340311
110100013757026,25,十里堡北区,000000058340311
110100013757027,26,八里庄北里东站,000000058340311
110100013757028,27,八里庄北里,000000058340311
110100013757029,28,高庙,000000058340311
110100013757030,29,石佛营西里,000000058340311
