stationId,stopNumber,stopName,lineId
110100013855031,1,菜户营桥东,000000065545090
110100013855046,2,大观园西,000000065545090
110100013855041,3,白纸坊桥南(北行),000000065545090
110100013855011,4,白纸坊桥南(南行),000000065545090
110100013855045,5,菜户营桥北,000000065545090
110100013855032,6,菜户营桥南,000000065545090
110100013855013,7,玉泉营桥北,000000065545090
110100013855014,8,玉泉营桥,000000065545090
110100013855015,9,玉泉营桥南,000000065545090
110100013855048,10,宏康路西口,000000065545090
110100013855016,11,香园路口北,000000065545090
110100013855030,12,金惠园北门,000000065545090
110100013855017,13,青岛嘉园西门,000000065545090
110100013855029,14,双高路口南,000000065545090
110100013855018,15,乐园路口南,000000065545090
110100013855019,16,金星西路口南,000000065545090
110100013855020,17,枣园路口北,000000065545090
110100013855042,18,枣园路口南,000000065545090
110100013855043,19,丽园路口南,000000065545090
110100013855022,20,清源北路,000000065545090
110100013855023,21,清源西里,000000065545090
110100013855024,22,黄村公园,000000065545090
110100013855025,23,化纤俱乐部,000000065545090
110100013855026,24,黄村西大街,000000065545090
110100013855027,25,兴政街西口,000000065545090
110100013855033,26,义和庄北口,000000065545090
110100013855047,27,永华路口南,000000065545090
110100013855034,28,地铁义和庄站,000000065545090
110100013855035,29,念坛公园,000000065545090
110100013855044,30,盛源桥北,000000065545090
110100013855049,31,天河西路,000000065545090
110100013855050,32,地铁生物医药基地站,000000065545090
110100013855051,33,天宫院小区站,000000065545090
110100013855052,34,地铁天宫院站,000000065545090
110100013855040,35,思邈路,000000065545090
