stationId,stopNumber,stopName,lineId
900000043090001,1,看丹桥,000003077454660
900000043090002,2,内环西路北口,000003077454660
900000043090022,3,中核路口东,000003077454660
900000043090023,4,航丰路口,000003077454660
900000043090024,5,海鹰路口,000003077454660
900000043090025,6,总部基地六区,000003077454660
900000043090026,7,总部基地金融港,000003077454660
900000043090008,8,地铁丰台科技园站,000003077454660
900000043090009,9,中海九号公馆小区,000003077454660
900000043090010,10,六圈南路中口,000003077454660
900000043090011,11,郭公庄西,000003077454660
900000043090012,12,丰葆路东口,000003077454660
900000043090013,13,康润家园,000003077454660
900000043090014,14,高鑫家园,000003077454660
900000043090015,15,羊坊村,000003077454660
900000043090016,16,羊坊村南口,000003077454660
900000043090017,17,郭公庄路北口,000003077454660
900000043090018,18,宏康路西口,000003077454660
900000043090019,19,地铁文化公园,000003077454660
900000043090020,20,地铁西红门站,000003077454660
900000043090021,21,西红门公交场站,000003077454660
