stationId,stopNumber,stopName,lineId
110100015164053,1,西红门公交场站,000000058287870
110100015164054,2,地铁西红门站,000000058287870
110100015164055,3,兴华桥南,000000058287870
110100015164056,4,地铁高米店北站,000000058287870
110100015164057,5,青岛嘉园,000000058287870
110100015164052,6,地铁高米店南站,000000058287870
110100015164011,7,洪村,000000058287870
110100015164012,8,大兴小营,000000058287870
110100015164013,9,兴华园,000000058287870
110100015164014,10,滨河西里,000000058287870
110100015164015,11,清源西里北站,000000058287870
110100015164016,12,大兴中医院,000000058287870
110100015164017,13,仁和医院,000000058287870
110100015164018,14,富强路,000000058287870
110100015164019,15,三中巷,000000058287870
110100015164020,16,黄村东大街东口,000000058287870
110100015164051,17,黄村东大街东口南,000000058287870
110100015164022,18,兴政街东口,000000058287870
110100015164023,19,大兴桥南,000000058287870
110100015164024,20,兴良路东口,000000058287870
110100015164025,21,大庄,000000058287870
110100015164026,22,韩园子,000000058287870
110100015164027,23,天宫院,000000058287870
110100015164028,24,天堂河,000000058287870
110100015164029,25,兆丰桥,000000058287870
110100015164030,26,天堂公墓西,000000058287870
110100015164031,27,中堡北站,000000058287870
110100015164032,28,中堡,000000058287870
110100015164033,29,庞各庄,000000058287870
110100015164034,30,庞各庄民生村,000000058287870
110100015164035,31,瓜乡桥,000000058287870
110100015164036,32,庞各庄南站,000000058287870
110100015164037,33,薛营,000000058287870
110100015164038,34,黑垡,000000058287870
110100015164039,35,黄垡北站,000000058287870
110100015164040,36,黄垡,000000058287870
110100015164041,37,大辛庄道口,000000058287870
110100015164042,38,新桥,000000058287870
110100015164043,39,榆垡,000000058287870
110100015164044,40,榆垡南站,000000058287870
110100015164045,41,榆垡路东口,000000058287870
110100015164046,42,榆垡文化广场东,000000058287870
110100015164047,43,榆垡文化广场,000000058287870
110100015164050,44,西胡林,000000058287870
