stationId,stopNumber,stopName,lineId
900000046255001,1,怀柔三岔,000005815190840
900000046255002,2,铁矿峪,000005815190840
900000046255055,3,铁矿峪南,000005815190840
900000046255003,4,洞台,000005815190840
900000046255022,5,响水湖路口,000005815190840
900000046255043,6,南冶村北,000005815190840
900000046255004,7,南冶,000005815190840
900000046255044,8,南冶村东,000005815190840
900000046255005,9,渤海镇政府,000005815190840
900000046255045,10,沙峪村西,000005815190840
900000046255006,11,沙峪,000005815190840
900000046255046,12,沙峪村东,000005815190840
900000046255037,13,景峪路口,000005815190840
900000046255007,14,白木,000005815190840
900000046255038,15,渤海卫生院,000005815190840
900000046255057,16,渤海所西(临时站),000005815190840
900000046255047,17,渤海所路口,000005815190840
900000046255029,18,渤海所,000005815190840
900000046255030,19,渤海所东,000005815190840
900000046255048,20,渤海所小学,000005815190840
900000046255049,21,得水湾西,000005815190840
900000046255031,22,得水湾,000005815190840
900000046255039,23,辛营,000005815190840
900000046255032,24,慕田峪环岛,000005815190840
900000046255050,25,苇店北,000005815190840
900000046255033,26,苇店,000005815190840
900000046255051,27,苇店南,000005815190840
900000046255052,28,马道峪北,000005815190840
900000046255034,29,马道峪,000005815190840
900000046255053,30,马道峪南,000005815190840
900000046255042,31,花台子,000005815190840
900000046255035,32,三渡河,000005815190840
900000046255036,33,三渡河村口,000005815190840
900000046255040,34,三亩园,000005815190840
900000046255014,35,关渡河,000005815190840
900000046255015,36,口头,000005815190840
900000046255058,37,东峪(临时站),000005815190840
900000046255054,38,西三村口,000005815190840
900000046255041,39,小东庄,000005815190840
900000046255017,40,郭家坞,000005815190840
900000046255018,41,怀柔北大街,000005815190840
900000046255019,42,怀柔学管中心,000005815190840
900000046255056,43,于家园一区,000005815190840
900000046255021,44,于家园,000005815190840
