stationId,stopNumber,stopName,lineId
110100016113002,1,紫金路南站,000007525540100
110100016113003,2,紫金路,000007525540100
110100016113042,3,小园路口西,000007525540100
110100016113033,4,小园公交场站,000007525540100
110100016113046,5,紫上南口,000007525540100
110100016113034,6,紫上北口,000007525540100
110100016113035,7,永上路口,000007525540100
110100016113043,8,新泰路口,000007525540100
110100016113041,9,地铁上岸站,000007525540100
110100016113044,10,上岸,000007525540100
110100016113045,11,艾洼,000007525540100
110100016113007,12,金安路西口,000007525540100
110100016113008,13,冯村,000007525540100
110100016113009,14,永定中学,000007525540100
110100016113010,15,葡萄嘴路口南,000007525540100
110100016113011,16,葡萄嘴,000007525540100
110100016113012,17,月季园小区,000007525540100
110100016113013,18,新桥南街,000007525540100
110100016113014,19,京煤集团,000007525540100
110100016113015,20,新桥大街,000007525540100
110100016113016,21,河滩北站,000007525540100
110100016113037,22,水厂北路,000007525540100
110100016113038,23,西山御园小区,000007525540100
110100016113039,24,蓝龙小区,000007525540100
110100016113019,25,三家店西口,000007525540100
110100016113020,26,龙泉宾馆,000007525540100
110100016113021,27,三家店中街,000007525540100
110100016113022,28,三家店后街,000007525540100
110100016113023,29,曹家沟,000007525540100
110100016113024,30,军庄,000007525540100
110100016113025,31,灰峪村,000007525540100
110100016113026,32,军庄中学,000007525540100
110100016113027,33,杨坨,000007525540100
110100016113028,34,西杨坨,000007525540100
110100016113029,35,东杨坨,000007525540100
110100016113030,36,孟悟村,000007525540100
110100016113031,37,军庄镇新村,000007525540100
110100016113047,38,东山,000007525540100
110100016113049,39,东山公交场站,000007525540100
