stationId,stopNumber,stopName,lineId
110100015470107,1,汇龙森科技园,000013324636471
110100015470108,2,科创十三街西站,000013324636471
110100015470094,3,地铁经海路站,000013324636471
110100015470095,4,科创十一街,000013324636471
110100015470096,5,科创十一街西站,000013324636471
110100015470097,6,康宁科技东门,000013324636471
110100015470053,7,经海三路南站,000013324636471
110100015470091,8,经海四路,000013324636471
110100015470019,9,经海四路北站,000013324636471
110100015470021,10,生物医药园东门,000013324636471
110100015470023,11,科创六街西站,000013324636471
110100015470025,12,经海二路,000013324636471
110100015470027,13,金田恒业工业园,000013324636471
110100015470035,14,经海二路北站,000013324636471
110100015470036,15,金日吉通工业园,000013324636471
110100015470055,16,经海二路公交场站,000013324636471
110100015470098,17,三羊里,000013324636471
110100015470099,18,小康小区,000013324636471
110100015470100,19,晓康东里东区,000013324636471
110100015470101,20,国际港,000013324636471
110100015470102,21,迪昌工业园,000013324636471
110100015470110,22,科创三街,000013324636471
110100015470103,23,科创三街东站,000013324636471
110100015470104,24,科创三街东口,000013324636471
110100015470105,25,地铁北神树站,000013324636471
110100015470106,26,润枫领尚小区,000013324636471
110100015470109,27,北神树北口,000013324636471
