stationId,stopNumber,stopName,lineId
110100015507001,1,北官厅,000000058672340
110100015507002,2,东直门北,000000058672340
110100015507025,3,东直门,000000058672340
110100015507003,4,春秀路,000000058672340
110100015507004,5,幸福三村,000000058672340
110100015507005,6,亮马桥,000000058672340
110100015507006,7,燕莎桥南,000000058672340
110100015507007,8,燕莎桥东,000000058672340
110100015507008,9,安家楼西,000000058672340
110100015507009,10,朝阳公园北门,000000058672340
110100015507010,11,东风北桥东,000000058672340
110100015507011,12,酒仙桥商场,000000058672340
110100015507012,13,酒仙桥中心小学,000000058672340
110100015507013,14,酒仙桥,000000058672340
110100015507014,15,将台路口北,000000058672340
110100015507015,16,陈各庄,000000058672340
110100015507016,17,万红西街,000000058672340
110100015507017,18,地铁望京南站,000000058672340
110100015507018,19,望花路东里,000000058672340
110100015507019,20,地铁阜通站,000000058672340
110100015507020,21,大西洋新城东门,000000058672340
110100015507021,22,侯庄路口南,000000058672340
110100015507022,23,望京花园西区,000000058672340
110100015507023,24,利泽西街东口,000000058672340
110100015507024,25,东湖,000000058672340
