stationId,stopNumber,stopName,lineId
110100013851002,1,西红门西站,000000058299391
110100013851003,2,欣和街南口,000000058299391
110100013851004,3,欣和街口,000000058299391
110100013851005,4,宏福路,000000058299391
110100013851006,5,兴华公园,000000058299391
110100013851007,6,新发地北,000000058299391
110100013851008,7,马家楼桥北,000000058299391
110100013851009,8,草桥,000000058299391
110100013851010,9,翠林小区,000000058299391
110100013851011,10,右安门外,000000058299391
110100013851012,11,右安门,000000058299391
110100013851013,12,右安门东,000000058299391
110100013851014,13,开阳桥东,000000058299391
110100013851015,14,永定门汽车站,000000058299391
