stationId,stopNumber,stopName,lineId
110100015822002,1,常营体育公园,000000058532600
110100015822003,2,连心园北门,000000058532600
110100015822004,3,住欣家园,000000058532600
110100015822006,4,东十里堡村,000000058532600
110100015822007,5,高安屯路南口,000000058532600
110100015822028,6,地铁常营站,000000058532600
110100015822008,7,常营路口东,000000058532600
110100015822009,8,常营,000000058532600
110100015822010,9,常营北站,000000058532600
110100015822011,10,东小井,000000058532600
110100015822029,11,焦庄南站,000000058532600
110100015822012,12,焦庄,000000058532600
110100015822027,13,焦庄桥西,000000058532600
110100015822013,14,三岔河南站,000000058532600
110100015822014,15,三岔河,000000058532600
110100015822015,16,马厂,000000058532600
110100015822016,17,北马房,000000058532600
110100015822017,18,郁金香花园,000000058532600
110100015822018,19,小店路口,000000058532600
110100015822019,20,蟹岛度假村东门,000000058532600
110100015822020,21,前苇沟,000000058532600
110100015822030,22,东苇路北口,000000058532600
110100015822031,23,苇沟环岛,000000058532600
110100015822021,24,香苇路东口,000000058532600
110100015822022,25,香苇路,000000058532600
110100015822023,26,康瑞路北站,000000058532600
110100015822026,27,孙河公交场站,000000058532600
