stationId,stopNumber,stopName,lineId
900000027245092,1,王辛庄村,000000000022541
900000027245093,2,岗子村,000000000022541
900000027245097,3,北窑上,000000000022541
900000027245074,4,岗子路口站,000000000022541
900000027245075,5,徐辛庄站,000000000022541
900000027245076,6,草寺路口东,000000000022541
900000027245077,7,徐双路口南,000000000022541
900000027245078,8,徐辛庄工业园,000000000022541
900000027245079,9,沟渠村口,000000000022541
900000027245080,10,沟渠村,000000000022541
900000027245081,11,双埠头村,000000000022541
900000027245082,12,双埠头南口,000000000022541
900000027245083,13,双埠头小学,000000000022541
900000027245100,14,宋通路口,000000000022541
900000027245084,15,双埠头道口,000000000022541
900000027245085,16,富豪,000000000022541
900000027245086,17,富豪南口站,000000000022541
900000027245101,18,北马庄北,000000000022541
900000027245087,19,北马庄站,000000000022541
900000027245088,20,北马庄南,000000000022541
900000027245089,21,西潞苑小区,000000000022541
900000027245090,22,富河园小区站,000000000022541
900000027245091,23,地铁通州北关站,000000000022541
