stationId,stopNumber,stopName,lineId
900000105439001,1,通州小营路口,000008932455211
900000105439002,2,大庞村,000008932455211
900000105439009,3,徐疃路口西,000008932455211
900000105439010,4,徐平路口西,000008932455211
900000105439011,5,徐双路口东,000008932455211
900000105439012,6,草寺路口东,000008932455211
900000105439003,7,徐辛庄,000008932455211
900000105439004,8,富豪,000008932455211
900000105439014,9,商通大道北,000008932455211
900000105439005,10,安顺北里,000008932455211
900000105439006,11,翠福园西口,000008932455211
900000105439013,12,源盛东街西口,000008932455211
900000105439007,13,天赐良园二期,000008932455211
900000105439008,14,北京物资学院,000008932455211
