stationId,stopNumber,stopName,lineId
110100011643050,1,岗山村南站,000000058446170
110100011643059,2,岗山村,000000058446170
110100011643052,3,岗山路,000000058446170
110100011643053,4,北平里,000000058446170
110100011643021,5,天竺供销社,000000058446170
110100011643022,6,天竺卫生院,000000058446170
110100011643023,7,天竺花园,000000058446170
110100011643024,8,顺义马连店,000000058446170
110100011643025,9,地铁国展站,000000058446170
110100011643026,10,花梨坎,000000058446170
110100011643057,11,地铁花梨坎站,000000058446170
110100011643027,12,喇苏营,000000058446170
110100011643028,13,顺义铁匠营,000000058446170
110100011643029,14,火神营,000000058446170
110100011643030,15,地铁后沙峪站,000000058446170
110100011643031,16,枯柳树,000000058446170
110100011643040,17,空港物流开发区,000000058446170
110100011643032,18,南法信,000000058446170
110100011643056,19,望泉桥东,000000058446170
110100011643033,20,梅沟营,000000058446170
110100011643034,21,五里仓,000000058446170
110100011643041,22,仓上街,000000058446170
110100011643042,23,石园南区,000000058446170
110100011643043,24,石园东区,000000058446170
110100011643044,25,港馨家园,000000058446170
110100011643045,26,顺义临河北,000000058446170
110100011643036,27,河南村,000000058446170
110100011643037,28,河南村路口,000000058446170
110100011643048,29,东方太阳城西门,000000058446170
110100011643049,30,王家场,000000058446170
110100011643038,31,东方太阳城,000000058446170
