stationId,stopNumber,stopName,lineId
110100015259002,1,地铁公益西桥站,000000058472360
110100015259003,2,枫竹苑小区,000000058472360
110100015259004,3,公益桥北,000000058472360
110100015259005,4,公益桥,000000058472360
110100015259006,5,公益东桥西,000000058472360
110100015259007,6,大红门桥,000000058472360
110100015259008,7,彩虹城小区,000000058472360
110100015259026,8,南顶路,000000058472360
110100015259009,9,南顶路口,000000058472360
110100015259010,10,双庙西,000000058472360
110100015259011,11,双庙北,000000058472360
110100015259012,12,地铁宋家庄站,000000058472360
110100015259030,13,宋家庄,000000058472360
110100015259028,14,南窑,000000058472360
110100015259029,15,铜厂,000000058472360
110100015259016,16,丰台苇子坑,000000058472360
110100015259017,17,郭家村,000000058472360
110100015259027,18,郭家村南站,000000058472360
110100015259018,19,肖村桥北,000000058472360
110100015259019,20,肖村桥,000000058472360
110100015259020,21,小红门桥,000000058472360
110100015259021,22,十八里店南桥,000000058472360
110100015259022,23,恋日绿岛,000000058472360
110100015259023,24,恋日绿岛南门,000000058472360
110100015259024,25,牌坊村东口,000000058472360
110100015259025,26,小红门牌坊村,000000058472360
