stationId,stopNumber,stopName,lineId
110100015575001,1,北官厅,000000058665511
110100015575002,2,北小街豁口,000000058665511
110100015575003,3,雍和宫桥东,000000058665511
110100015575004,4,安定门,000000058665511
110100015575005,5,鼓楼桥西,000000058665511
110100015575036,6,德胜门,000000058665511
110100015575006,7,德胜门西,000000058665511
110100015575007,8,新街口豁口,000000058665511
110100015575008,9,玉桃园,000000058665511
110100015575009,10,西直门南,000000058665511
110100015575037,11,车公庄南,000000058665511
110100015575010,12,阜成门北,000000058665511
110100015575038,13,阜成门南,000000058665511
110100015575039,14,月坛体育场,000000058665511
110100015575011,15,北京儿童医院,000000058665511
110100015575047,16,复兴门南,000000058665511
110100015575048,17,西便门,000000058665511
110100015575041,18,天宁寺桥北,000000058665511
110100015575042,19,广安门北,000000058665511
110100015575043,20,广安门南,000000058665511
110100015575013,21,椿树馆街,000000058665511
110100015575044,22,白纸坊桥北,000000058665511
110100015575014,23,白纸坊桥南,000000058665511
110100015575015,24,菜户营桥北,000000058665511
110100015575045,25,菜户营桥东,000000058665511
110100015575016,26,大观园,000000058665511
110100015575017,27,右安门西,000000058665511
110100015575018,28,右安门东,000000058665511
110100015575019,29,开阳桥西,000000058665511
110100015575020,30,陶然亭公园南门,000000058665511
110100015575046,31,永定门西,000000058665511
110100015575021,32,永定门东,000000058665511
110100015575022,33,天坛南门,000000058665511
110100015575023,34,玉蜓桥西,000000058665511
110100015575024,35,肿瘤医院,000000058665511
110100015575025,36,潘家园,000000058665511
110100015575026,37,劲松南路西口,000000058665511
110100015575027,38,光明桥,000000058665511
110100015575028,39,广渠门,000000058665511
110100015575029,40,建国门南,000000058665511
110100015575030,41,雅宝路,000000058665511
110100015575031,42,朝阳门南,000000058665511
110100015575032,43,东四十条桥南,000000058665511
110100015575033,44,东直门北,000000058665511
110100015575034,45,北官厅,000000058665511
