stationId,stopNumber,stopName,lineId
110100013937016,1,郭公庄西,000000058327901
110100013937017,2,六圈南路中口,000000058327901
110100013937018,3,棉花城小区北,000000058327901
110100013937019,4,幸福家园小区南,000000058327901
110100013937020,5,郭公庄中街,000000058327901
110100013937015,6,幸福家园小区东,000000058327901
110100013937003,7,西白家窑,000000058327901
110100013937004,8,白盆窑,000000058327901
110100013937005,9,白盆窑东,000000058327901
110100013937006,10,银地家园,000000058327901
110100013937021,11,新发地北桥西,000000058327901
110100013937008,12,新发地北,000000058327901
110100013937009,13,马家楼桥北,000000058327901
110100013937010,14,玉泉营桥南,000000058327901
110100013937011,15,草桥,000000058327901
110100013937012,16,洋桥西,000000058327901
110100013937013,17,木樨园桥西,000000058327901
110100013937014,18,木樨园桥,000000058327901
