stationId,stopNumber,stopName,lineId
110100013861002,1,丽泽桥,000000058302640
110100013861003,2,丽泽桥南,000000058302640
110100013861004,3,丰益桥西,000000058302640
110100013861005,4,西管头,000000058302640
110100013861006,5,前泥洼,000000058302640
110100013861007,6,游泳场北路东口,000000058302640
110100013861035,7,东大街南口,000000058302640
110100013861008,8,正阳大街,000000058302640
110100013861009,9,正阳桥东,000000058302640
110100013861010,10,丰台医院,000000058302640
110100013861011,11,程庄路口东,000000058302640
110100013861012,12,南五里店,000000058302640
110100013861013,13,刘庄子,000000058302640
110100013861014,14,西道口东,000000058302640
110100013861015,15,西道口,000000058302640
110100013861016,16,抗战雕塑园,000000058302640
110100013861017,17,卢沟新桥,000000058302640
110100013861018,18,杜家坎,000000058302640
110100013861019,19,杜家坎南,000000058302640
110100013861020,20,长辛店北口,000000058302640
110100013861021,21,长辛店,000000058302640
110100013861022,22,长辛店南口,000000058302640
110100013861036,23,长辛店医院,000000058302640
110100013861023,24,北京十中,000000058302640
110100013861037,25,赵辛店北,000000058302640
110100013861024,26,赵辛店,000000058302640
110100013861025,27,朱家坟,000000058302640
110100013861026,28,张家坟,000000058302640
110100013861027,29,佃起村,000000058302640
110100013861028,30,云岗北区,000000058302640
110100013861029,31,云岗,000000058302640
110100013861030,32,南宫北站,000000058302640
110100013861031,33,南宫,000000058302640
110100013861032,34,王佐镇政府,000000058302640
110100013861033,35,世界地热博览园,000000058302640
110100013861034,36,南宫迎宾路,000000058302640
