stationId,stopNumber,stopName,lineId
110100015358096,1,龙之乡公交场站,000011574150881
110100015358097,2,城关街道办事处,000011574150881
110100015358098,3,饶乐府,000011574150881
110100015358099,4,饶乐府村口,000011574150881
110100015358100,5,房山东大桥,000011574150881
110100015358003,6,房山体育场,000011574150881
110100015358004,7,地铁房山城关站,000011574150881
110100015358005,8,房山北关,000011574150881
110100015358006,9,万宁桥,000011574150881
110100015358007,10,房山北大街,000011574150881
110100015358008,11,仓房小区,000011574150881
110100015358009,12,房山大角南,000011574150881
110100015358010,13,房山南大街,000011574150881
110100015358011,14,房山中医医院,000011574150881
110100015358012,15,房山南关立交桥北,000011574150881
110100015358013,16,房山南关立交桥南,000011574150881
110100015358014,17,牛口峪路口,000011574150881
110100015358015,18,顾册,000011574150881
110100015358095,19,房山云峰寺路口,000011574150881
110100015358016,20,周口村路口,000011574150881
110100015358017,21,周口店路口,000011574150881
110100015358101,22,龙乡苑,000011574150881
110100015358018,23,大韩继,000011574150881
110100015358019,24,周口店镇辛庄,000011574150881
110100015358020,25,新街,000011574150881
110100015358021,26,龙宝峪,000011574150881
110100015358022,27,南韩继,000011574150881
110100015358023,28,瓦井,000011574150881
110100015358024,29,石瓦路口,000011574150881
110100015358025,30,东周各庄,000011574150881
110100015358026,31,尤家坟,000011574150881
110100015358027,32,育才学校房山分校,000011574150881
110100015358028,33,房山岳各庄,000011574150881
110100015358029,34,五侯路口,000011574150881
110100015358030,35,二龙岗,000011574150881
110100015358031,36,长沟检查站,000011574150881
110100015358032,37,长沟沿村,000011574150881
110100015358033,38,云居寺路东口,000011574150881
110100015358034,39,长沟中学,000011574150881
110100015358035,40,长沟镇政府,000011574150881
110100015358121,41,长沟北站,000011574150881
110100015358087,42,长沟,000011574150881
110100015358037,43,北良各庄路口,000011574150881
110100015358088,44,北正东,000011574150881
110100015358038,45,北正,000011574150881
110100015358039,46,南正东,000011574150881
110100015358040,47,南正西,000011574150881
110100015358041,48,大石窝镇半壁店,000011574150881
110100015358042,49,大石窝镇纸房路口,000011574150881
110100015358043,50,大石窝镇政府,000011574150881
110100015358044,51,石窝,000011574150881
110100015358045,52,房山王庄道口,000011574150881
110100015358085,53,大石窝镇辛庄,000011574150881
110100015358047,54,黑天桥,000011574150881
110100015358048,55,北尚乐,000011574150881
110100015358049,56,南尚乐,000011574150881
110100015358102,57,南尚乐西站,000011574150881
110100015358050,58,塔照,000011574150881
110100015358051,59,广禄庄,000011574150881
110100015358052,60,南白岱,000011574150881
110100015358053,61,西白岱,000011574150881
110100015358089,62,西白岱西,000011574150881
110100015358054,63,房山史各庄村,000011574150881
110100015358055,64,张坊,000011574150881
110100015358056,65,张坊公交场站,000011574150881
110100015358057,66,张坊镇政府,000011574150881
110100015358109,67,下寺路口,000011574150881
110100015358059,68,片上村,000011574150881
110100015358110,69,一渡南,000011574150881
110100015358060,70,一渡,000011574150881
110100015358061,71,二渡,000011574150881
110100015358062,72,三渡桥南,000011574150881
110100015358111,73,三渡,000011574150881
110100015358119,74,三渡西,000011574150881
110100015358122,75,四渡东,000011574150881
110100015358063,76,四渡,000011574150881
110100015358112,77,五渡桥,000011574150881
110100015358113,78,五渡村,000011574150881
110100015358114,79,五渡,000011574150881
110100015358090,80,六渡东,000011574150881
110100015358065,81,六渡,000011574150881
110100015358120,82,七渡,000011574150881
110100015358066,83,七渡村,000011574150881
110100015358115,84,七渡西,000011574150881
110100015358116,85,八渡北,000011574150881
110100015358067,86,八渡,000011574150881
110100015358092,87,十渡卫生院,000011574150881
110100015358068,88,九渡,000011574150881
110100015358069,89,十渡,000011574150881
110100015358080,90,十渡镇西庄,000011574150881
110100015358071,91,西河村,000011574150881
110100015358083,92,前头港村,000011574150881
110100015358072,93,十二渡,000011574150881
110100015358117,94,房山瓦窑,000011574150881
110100015358084,95,西石门村,000011574150881
110100015358075,96,北石门村,000011574150881
110100015358118,97,片南,000011574150881
110100015358076,98,平峪村,000011574150881
110100015358104,99,东湖港,000011574150881
110100015358105,100,天花板村,000011574150881
110100015358106,101,下留财村,000011574150881
110100015358107,102,上留财村,000011574150881
110100015358108,103,大沙地村,000011574150881
