stationId,stopNumber,stopName,lineId
110100015832052,1,西单路口南,000000058235970
110100015832021,2,宣武门内,000000058235970
110100015832022,3,校场口,000000058235970
110100015832023,4,菜市口北,000000058235970
110100015832024,5,南横街路口北,000000058235970
110100015832025,6,自新路口北,000000058235970
110100015832026,7,自新路口西,000000058235970
110100015832027,8,半步桥,000000058235970
110100015832028,9,南樱桃园路口西,000000058235970
110100015832029,10,白纸坊路口西,000000058235970
110100015832030,11,南菜园,000000058235970
110100015832031,12,白纸坊桥南,000000058235970
110100015832032,13,菜户营桥北,000000058235970
110100015832054,14,菜户营桥西,000000058235970
110100015832050,15,菜户营西站,000000058235970
110100015832051,16,中国戏曲学院,000000058235970
110100015832055,17,三路居(临时站),000000058235970
110100015832036,18,丽泽桥东,000000058235970
110100015832037,19,丽泽桥,000000058235970
110100015832038,20,丽泽桥西,000000058235970
110100015832039,21,地铁西局站,000000058235970
110100015832040,22,丰台北路,000000058235970
110100015832041,23,七里庄,000000058235970
110100015832042,24,岔路口,000000058235970
110100015832043,25,北大地,000000058235970
110100015832044,26,正阳桥北,000000058235970
110100015832045,27,看丹桥,000000058235970
110100015832046,28,韩庄子南,000000058235970
110100015832047,29,温泉公寓,000000058235970
110100015832048,30,怡海花园西门,000000058235970
