stationId,stopNumber,stopName,lineId
110100011069027,1,大钟寺,000000058531320
110100011069028,2,红民村,000000058531320
110100011069051,3,四通桥东,000000058531320
110100011069029,4,人民大学,000000058531320
110100011069030,5,海淀黄庄北,000000058531320
110100011069031,6,中关村南,000000058531320
110100011069032,7,中关村西,000000058531320
110100011069033,8,海淀桥北,000000058531320
110100011069034,9,北京大学西门,000000058531320
110100011069035,10,颐和园路东口,000000058531320
110100011069036,11,西苑,000000058531320
110100011069037,12,颐和园,000000058531320
110100011069049,13,地铁北宫门站,000000058531320
110100011069039,14,颐和园北宫门,000000058531320
110100011069040,15,安河桥,000000058531320
110100011069041,16,红山口,000000058531320
110100011069042,17,国防大学,000000058531320
110100011069050,18,黑山扈,000000058531320
110100011069044,19,百望山森林公园,000000058531320
110100011069045,20,西北旺,000000058531320
110100011069046,21,回民公墓,000000058531320
110100011069047,22,颐和山庄南站,000000058531320
110100011069048,23,颐和山庄,000000058531320
