stationId,stopNumber,stopName,lineId
110100014108006,1,前门,000000058535150
110100014108007,2,大栅栏,000000058535150
110100014108029,3,珠市口南,000000058535150
110100014108009,4,天桥路口西,000000058535150
110100014108010,5,友谊医院,000000058535150
110100014108011,6,北纬路,000000058535150
110100014108028,7,太平街北口,000000058535150
110100014108012,8,陶然亭路东口,000000058535150
110100014108013,9,陶然亭公园北门,000000058535150
110100014108014,10,自新路口东,000000058535150
110100014108015,11,半步桥,000000058535150
110100014108016,12,南樱桃园路口南,000000058535150
110100014108017,13,右安门内,000000058535150
110100014108018,14,右安门西,000000058535150
110100014108019,15,大观园,000000058535150
110100014108020,16,大观园西,000000058535150
110100014108023,17,白纸坊桥南,000000058535150
110100014108021,18,菜户营桥北,000000058535150
110100014108022,19,菜户营桥,000000058535150
