stationId,stopNumber,stopName,lineId
900000191257001,1,胡家垡,000102452206371
900000191257002,2,北京国际图书城,000102452206371
900000191257004,3,台湖剧场,000102452206371
900000191257005,4,台湖学校,000102452206371
900000191257006,5,新城职业学校,000102452206371
900000191257007,6,印象台湖小区,000102452206371
900000191257023,7,文旅路南口,000102452206371
900000191257008,8,田府北街西口,000102452206371
900000191257009,9,文旅路,000102452206371
900000191257024,10,曹园逸家小区,000102452206371
900000191257025,11,永丰里,000102452206371
900000191257012,12,地铁万盛西站,000102452206371
900000191257013,13,万盛南街西口,000102452206371
900000191257014,14,大稿村南口,000102452206371
900000191257015,15,大稿新村,000102452206371
900000191257016,16,旗舰凯旋小区,000102452206371
900000191257017,17,西小马,000102452206371
900000191257018,18,翠屏南里,000102452206371
900000191257019,19,蓝调沙龙小区,000102452206371
900000191257020,20,果园南,000102452206371
900000191257021,21,地铁九棵树站,000102452206371
