stationId,stopNumber,stopName,lineId
900000191297001,1,通州西站,001689587209700
900000191297002,2,通州北苑路口西,001689587209700
900000191297003,3,通州北苑路口东,001689587209700
900000191297004,4,通州西门路口北,001689587209700
900000191297005,5,通惠北路南口,001689587209700
900000191297006,6,通惠北路北口,001689587209700
900000191297007,7,北京财贸职业学院,001689587209700
900000191297008,8,北京胸科医院,001689587209700
900000191297009,9,富河园小区,001689587209700
900000191297010,10,张辛,001689587209700
900000191297011,11,李桥,001689587209700
900000191297012,12,后桥,001689587209700
900000191297013,13,石园南大街,001689587209700
900000191297014,14,东风小学,001689587209700
900000191297015,15,便民街东口,001689587209700
900000191297016,16,双兴小区,001689587209700
900000191297017,17,牛栏山一中实验学校,001689587209700
900000191297018,18,龙苑别墅,001689587209700
900000191297019,19,大营,001689587209700
900000191297020,20,金宝花园北区,001689587209700
900000191297021,21,香悦四季小区,001689587209700
900000191297022,22,恒华街,001689587209700
900000191297023,23,牛栏山东口,001689587209700
900000191297024,24,牛栏山,001689587209700
900000191297025,25,北军营,001689587209700
900000191297026,26,富各庄站,001689587209700
900000191297027,27,龙王头,001689587209700
900000191297028,28,赵各庄,001689587209700
900000191297029,29,焦村,001689587209700
900000191297030,30,庙城东,001689587209700
900000191297031,31,华欣湾小区,001689587209700
900000191297032,32,南华,001689587209700
900000191297033,33,南华大街东口,001689587209700
900000191297034,34,南华园三区,001689587209700
900000191297035,35,青春路南口,001689587209700
900000191297036,36,怀柔南小街,001689587209700
900000191297037,37,康馨家园,001689587209700
900000191297038,38,怀柔东关村,001689587209700
900000191297039,39,怀柔五中,001689587209700
900000191297040,40,怀柔汽车站,001689587209700
900000191297041,41,怀柔招商局,001689587209700
900000191297042,42,星东天地公交场站,001689587209700
900000191297043,43,怀柔火车站,001689587209700
