stationId,stopNumber,stopName,lineId
900000198256037,1,云岗北环路东站,005095876496350
900000198256001,2,翠云山庄,005095876496350
900000198256002,3,云翔苑小区北门,005095876496350
900000198256003,4,云翔苑小区,005095876496350
900000198256004,5,云岗南里,005095876496350
900000198256038,6,飞航路南口,005095876496350
900000198256005,7,云岗,005095876496350
900000198256006,8,南宫北站,005095876496350
900000198256007,9,东王佐,005095876496350
900000198256039,10,南宫滨河路北站,005095876496350
900000198256008,11,南宫滨河路,005095876496350
900000198256009,12,丰台河西村,005095876496350
900000198256010,13,庄户村,005095876496350
900000198256011,14,山坡村,005095876496350
900000198256012,15,贺照云村,005095876496350
900000198256013,16,贺照云村南,005095876496350
900000198256014,17,良三路南口,005095876496350
900000198256015,18,行宫小区西门,005095876496350
900000198256016,19,良乡北关北,005095876496350
900000198256017,20,良乡北关,005095876496350
900000198256018,21,良乡医院,005095876496350
900000198256019,22,昊天温泉家园,005095876496350
900000198256020,23,昊蓝温泉家园,005095876496350
900000198256021,24,梅花庄新村西,005095876496350
900000198256022,25,梅花庄新村,005095876496350
900000198256023,26,智汇城创业园,005095876496350
900000198256024,27,中国社会科学院(良乡),005095876496350
900000198256025,28,文昌东路西口,005095876496350
900000198256026,29,水碾屯新村北站,005095876496350
900000198256027,30,水碾屯新村,005095876496350
900000198256028,31,金地朗悦,005095876496350
900000198256029,32,航天电子科技园,005095876496350
900000198256040,33,长虹东路东口,005095876496350
900000198256030,34,地铁良乡大学城站东,005095876496350
900000198256031,35,地铁良乡大学城站,005095876496350
900000198256032,36,理工睿府,005095876496350
900000198256033,37,首都师范大学西门(良乡),005095876496350
900000198256034,38,首都师范大学(良乡),005095876496350
900000198256035,39,梨村,005095876496350
900000198256036,40,梨村公交场站,005095876496350
