stationId,stopNumber,stopName,lineId
900000183523001,1,马南里,007670584345180
900000183523017,2,观唐东路,007670584345180
900000183523002,3,地铁马泉营站,007670584345180
900000183523003,4,马泉营村西口,007670584345180
900000183523018,5,顺白路东站,007670584345180
900000183523004,6,瑞榆西园,007670584345180
900000183523023,7,顺白路东口,007670584345180
900000183523005,8,瑞榆东园,007670584345180
900000183523006,9,香榆园,007670584345180
900000183523019,10,景汇路西口,007670584345180
900000183523007,11,首开琅樾小区,007670584345180
900000183523008,12,瑞湾家园,007670584345180
900000183523009,13,中粮瑞府小区,007670584345180
900000183523010,14,瑞悦府小区,007670584345180
900000183523011,15,地铁孙河站北,007670584345180
900000183523012,16,地铁孙河站,007670584345180
900000183523020,17,康清路北口,007670584345180
900000183523013,18,康清路北站,007670584345180
900000183523014,19,香苇路,007670584345180
900000183523015,20,康瑞路北站,007670584345180
900000183523021,21,兴苇北街西口,007670584345180
900000183523016,22,孙河公交场站,007670584345180
