stationId,stopNumber,stopName,lineId
900000183522001,1,孙河公交场站,007670584345181
900000183522002,2,兴苇北街西口,007670584345181
900000183522003,3,康瑞路北站,007670584345181
900000183522004,4,香苇路,007670584345181
900000183522005,5,康清路北站,007670584345181
900000183522006,6,康清路北口,007670584345181
900000183522007,7,地铁孙河站北,007670584345181
900000183522008,8,瑞悦府小区,007670584345181
900000183522009,9,中粮瑞府小区,007670584345181
900000183522010,10,瑞湾家园,007670584345181
900000183522011,11,首开琅樾小区,007670584345181
900000183522012,12,景汇路西口,007670584345181
900000183522013,13,香榆园,007670584345181
900000183522014,14,瑞榆东园,007670584345181
900000183522015,15,顺白路东口,007670584345181
900000183522016,16,瑞榆西园,007670584345181
900000183522017,17,顺白路东站,007670584345181
900000183522018,18,马泉营村西口,007670584345181
900000183522019,19,马泉营西路南口,007670584345181
900000183522020,20,马南里,007670584345181
