stationId,stopNumber,stopName,lineId
900000198257001,1,宏福苑小区西,007624621677051
900000198257002,2,宏福苑小区,007624621677051
900000198257003,3,宏福苑小区东,007624621677051
900000198257004,4,宏福苑小区南,007624621677051
900000198257005,5,平西王府,007624621677051
900000198257006,6,平西王府西,007624621677051
900000198257015,7,黄平西路,007624621677051
900000198257016,8,黄平西路南站,007624621677051
900000198257007,9,霍营北口,007624621677051
900000198257008,10,霍营,007624621677051
900000198257009,11,上坡佳园西门,007624621677051
900000198257017,12,地铁回龙观东大街站,007624621677051
900000198257011,13,和谐家园,007624621677051
900000198257012,14,龙跃苑东二区东门,007624621677051
900000198257013,15,龙跃苑东四区东门,007624621677051
900000198257014,16,霍营公交场站,007624621677051
