stationId,stopNumber,stopName,lineId
900000198258001,1,霍营公交场站,007624621677050
900000198258002,2,龙跃苑东四区东门,007624621677050
900000198258003,3,龙跃苑东二区东门,007624621677050
900000198258004,4,和谐家园,007624621677050
900000198258005,5,地铁回龙观东大街站,007624621677050
900000198258006,6,上坡佳园西门,007624621677050
900000198258007,7,霍营,007624621677050
900000198258008,8,霍营北口,007624621677050
900000198258015,9,黄平西路南口,007624621677050
900000198258016,10,黄平西路南站,007624621677050
900000198258009,11,平西王府西,007624621677050
900000198258010,12,平西王府,007624621677050
900000198258011,13,宏福苑小区南,007624621677050
900000198258012,14,宏福苑小区东,007624621677050
900000198258013,15,宏福苑小区,007624621677050
900000198258014,16,宏福苑小区西,007624621677050
