stationId,stopNumber,stopName,lineId
900000193582001,1,海子角,008935066896011
900000193582002,2,绿色庄园,008935066896011
900000193582003,3,海子角东口,008935066896011
900000193582004,4,海子角北口,008935066896011
900000193582005,5,大兴桥西,008935066896011
900000193582006,6,林校北路,008935066896011
900000193582007,7,黄村火车站北,008935066896011
900000193582008,8,黄村西大街,008935066896011
900000193582009,9,化纤俱乐部,008935066896011
900000193582010,10,北京印刷学院南门,008935066896011
900000193582090,11,三合庄北,008935066896011
900000193582011,12,丽园路口北,008935066896011
900000193582012,13,枣园路口北,008935066896011
900000193582013,14,金星西路口南,008935066896011
900000193582014,15,康和园小区,008935066896011
900000193582015,16,金星西路,008935066896011
900000193582016,17,地铁高米店南站,008935066896011
900000193582017,18,高米店,008935066896011
900000193582018,19,泰中花园,008935066896011
900000193582019,20,广阳大街,008935066896011
900000193582020,21,中国公安大学西站,008935066896011
900000193582021,22,中国公安大学东站,008935066896011
900000193582022,23,金星路口,008935066896011
900000193582023,24,大生庄,008935066896011
900000193582024,25,瀛海家园,008935066896011
900000193582091,26,瀛海家园东,008935066896011
900000193582025,27,瀛海路口东,008935066896011
900000193582026,28,玉璟园,008935066896011
900000193582027,29,南海子公园,008935066896011
900000193582028,30,宝善庄西,008935066896011
900000193582029,31,南海家园,008935066896011
900000193582030,32,宝善路口,008935066896011
900000193582031,33,鹿海园公交场站,008935066896011
900000193582032,34,泰河园小区,008935066896011
900000193582033,35,泰河园二里,008935066896011
900000193582034,36,泰河园五里,008935066896011
900000193582035,37,同仁医院亦庄分院,008935066896011
900000193582036,38,地铁荣昌东街站,008935066896011
900000193582037,39,宏达南路北口,008935066896011
900000193582038,40,宏达南路,008935066896011
900000193582039,41,地铁同济南路站,008935066896011
900000193582040,42,康定街东口,008935066896011
900000193582092,43,科创十一街,008935066896011
900000193582042,44,科创十一街东站,008935066896011
900000193582043,45,亦城景园,008935066896011
900000193582044,46,经海七路南口,008935066896011
900000193582045,47,定海园三里,008935066896011
900000193582046,48,定海园一里,008935066896011
900000193582047,49,定海园北,008935066896011
900000193582048,50,铺西路西口,008935066896011
900000193582049,51,次石路西口,008935066896011
900000193582050,52,丽水路西口,008935066896011
900000193582051,53,东石东三路南口,008935066896011
900000193582052,54,东石东三路,008935066896011
900000193582053,55,东石东三路北口,008935066896011
900000193582093,56,东石东五路北口,008935066896011
900000193582054,57,亦庄火车站,008935066896011
900000193582055,58,麦庄,008935066896011
900000193582056,59,外郎营村,008935066896011
900000193582057,60,铺外四路,008935066896011
900000193582058,61,台湖集市,008935066896011
900000193582059,62,台湖剧场,008935066896011
900000193582060,63,台湖学校,008935066896011
900000193582061,64,新城职业学校,008935066896011
900000193582062,65,印象台湖小区,008935066896011
900000193582063,66,文旅路南口,008935066896011
900000193582064,67,田府北街西口,008935066896011
900000193582065,68,文旅路,008935066896011
900000193582066,69,曹园逸家小区,008935066896011
900000193582067,70,日新路口东,008935066896011
900000193582068,71,地铁万盛东站,008935066896011
900000193582069,72,大马庄南站,008935066896011
900000193582070,73,大马庄,008935066896011
900000193582071,74,群芳园,008935066896011
900000193582072,75,云景里,008935066896011
900000193582073,76,云景东路,008935066896011
900000193582074,77,杨家洼路口南,008935066896011
900000193582075,78,梨园北街西口,008935066896011
900000193582076,79,玉桥西里,008935066896011
900000193582077,80,梨园东里北区,008935066896011
900000193582078,81,玉桥南里,008935066896011
900000193582079,82,玉桥中路,008935066896011
900000193582080,83,西上园,008935066896011
900000193582081,84,东上园,008935066896011
900000193582082,85,运河明珠家园,008935066896011
900000193582083,86,运河湾小区,008935066896011
900000193582084,87,紫运中路,008935066896011
900000193582085,88,水仙园小区,008935066896011
900000193582086,89,三元村,008935066896011
900000193582087,90,武夷花园,008935066896011
900000193582088,91,霍屯村,008935066896011
900000193582089,92,古城西桥公交场站,008935066896011
